0 0.965625 0.35 0.965625 0.386111 0.971875 0.386111 0.976562 0.394444 0.978125 0.394444 0.989062 0.413889 0.989062 0.416667 0.990625 0.416667 0.992188 0.419444 0.99375 0.419444 0.995313 0.422222 0.998438 0.422222 0.998438 0.35 0.790651
0 0.034375 0.372222 0.034375 0.383333 0.0328125 0.386111 0.03125 0.386111 0.0296875 0.388889 0.028125 0.388889 0.0265625 0.391667 0.025 0.391667 0.0234375 0.394444 0.0265625 0.4 0.0265625 0.416667 0.025 0.419444 0.025 0.427778 0.021875 0.433333 0.021875 0.436111 0.01875 0.441667 0.01875 0.447222 0.0171875 0.45 0.0171875 0.452778 0.0140625 0.458333 0.0140625 0.461111 0.0125 0.463889 0.0125 0.466667 0.0078125 0.475 0.0078125 0.480556 0.00625 0.483333 0.00625 0.486111 0.0046875 0.488889 0.0046875 0.497222 0.0015625 0.502778 0 0.502778 0 0.613889 0.0453125 0.613889 0.0453125 0.605556 0.046875 0.602778 0.046875 0.6 0.0515625 0.591667 0.0515625 0.588889 0.053125 0.586111 0.053125 0.580556 0.0546875 0.577778 0.0546875 0.575 0.05625 0.572222 0.05625 0.569444 0.0578125 0.566667 0.0578125 0.563889 0.059375 0.561111 0.059375 0.555556 0.0609375 0.552778 0.0609375 0.547222 0.0625 0.544444 0.0625 0.541667 0.0640625 0.538889 0.0640625 0.536111 0.065625 0.533333 0.065625 0.522222 0.0671875 0.519444 0.0671875 0.511111 0.06875 0.508333 0.06875 0.5 0.0703125 0.497222 0.0703125 0.488889 0.071875 0.486111 0.071875 0.472222 0.0734375 0.469444 0.0734375 0.45 0.075 0.447222 0.075 0.419444 0.0765625 0.416667 0.0765625 0.408333 0.078125 0.405556 0.0828125 0.405556 0.078125 0.405556 0.0765625 0.402778 0.0765625 0.4 0.075 0.397222 0.075 0.391667 0.0734375 0.388889 0.0734375 0.386111 0.071875 0.383333 0.071875 0.372222 0.737202
0 0.514063 0.438889 0.514063 0.447222 0.510938 0.452778 0.509375 0.452778 0.50625 0.458333 0.504687 0.458333 0.501562 0.463889 0.496875 0.463889 0.496875 0.519444 0.510938 0.519444 0.5125 0.522222 0.520312 0.522222 0.521875 0.519444 0.521875 0.513889 0.523438 0.511111 0.523438 0.5 0.525 0.497222 0.525 0.488889 0.526563 0.486111 0.526563 0.480556 0.528125 0.477778 0.532812 0.477778 0.532812 0.438889 0.734142
0 0.015625 0.683333 0.015625 0.694444 0.0109375 0.702778 0.0109375 0.705556 0.009375 0.708333 0.003125 0.708333 0.003125 0.783333 0.0078125 0.783333 0.0140625 0.772222 0.015625 0.772222 0.0234375 0.758333 0.025 0.758333 0.028125 0.752778 0.028125 0.75 0.034375 0.738889 0.034375 0.736111 0.0421875 0.722222 0.0421875 0.719444 0.0453125 0.713889 0.0453125 0.711111 0.046875 0.708333 0.046875 0.705556 0.05 0.7 0.05 0.697222 0.0515625 0.694444 0.0578125 0.694444 0.0578125 0.683333 0.723854
0 0.08125 0.377778 0.08125 0.386111 0.0796875 0.388889 0.0796875 0.416667 0.078125 0.419444 0.078125 0.441667 0.0765625 0.444444 0.0765625 0.466667 0.075 0.469444 0.075 0.480556 0.0734375 0.483333 0.0734375 0.491667 0.071875 0.494444 0.071875 0.502778 0.0703125 0.505556 0.0703125 0.516667 0.06875 0.519444 0.06875 0.527778 0.0671875 0.530556 0.0671875 0.536111 0.065625 0.538889 0.065625 0.541667 0.0640625 0.544444 0.0640625 0.547222 0.0625 0.55 0.0625 0.555556 0.0609375 0.558333 0.0609375 0.561111 0.059375 0.563889 0.059375 0.569444 0.0578125 0.572222 0.0578125 0.577778 0.05625 0.580556 0.05625 0.586111 0.0515625 0.594444 0.046875 0.594444 0.046875 0.636111 0.075 0.636111 0.075 0.625 0.0765625 0.622222 0.0765625 0.619444 0.078125 0.616667 0.078125 0.608333 0.0796875 0.605556 0.0796875 0.6 0.08125 0.597222 0.08125 0.594444 0.084375 0.588889 0.084375 0.586111 0.0875 0.580556 0.0875 0.577778 0.0890625 0.575 0.0890625 0.569444 0.090625 0.566667 0.090625 0.561111 0.0921875 0.558333 0.0921875 0.55 0.09375 0.547222 0.09375 0.538889 0.0953125 0.536111 0.0953125 0.527778 0.096875 0.525 0.096875 0.522222 0.0984375 0.519444 0.0984375 0.511111 0.1 0.508333 0.1 0.5 0.101562 0.497222 0.101562 0.494444 0.103125 0.491667 0.103125 0.486111 0.104687 0.483333 0.104687 0.458333 0.10625 0.455556 0.10625 0.438889 0.107813 0.436111 0.107813 0.427778 0.109375 0.425 0.114063 0.425 0.114063 0.361111 0.0859375 0.361111 0.0859375 0.369444 0.08125 0.377778 0.059375 0.369444 0.059375 0.361111 0.046875 0.361111 0.046875 0.375 0.0515625 0.375 0.053125 0.372222 0.05625 0.372222 0.0578125 0.369444 0.059375 0.369444 0.719682
0 0.178125 0.383333 0.178125 0.405556 0.176563 0.408333 0.176563 0.413889 0.173438 0.419444 0.173438 0.422222 0.171875 0.425 0.171875 0.436111 0.170312 0.438889 0.170312 0.444444 0.16875 0.447222 0.16875 0.461111 0.167187 0.463889 0.167187 0.477778 0.165625 0.480556 0.165625 0.486111 0.164062 0.488889 0.159375 0.488889 0.159375 0.625 0.175 0.625 0.175 0.608333 0.176563 0.605556 0.176563 0.602778 0.178125 0.6 0.178125 0.597222 0.179688 0.594444 0.179688 0.591667 0.18125 0.588889 0.18125 0.583333 0.182812 0.580556 0.182812 0.577778 0.184375 0.575 0.184375 0.572222 0.185937 0.569444 0.185937 0.566667 0.190625 0.558333 0.190625 0.552778 0.192188 0.55 0.192188 0.541667 0.19375 0.538889 0.19375 0.519444 0.192188 0.516667 0.192188 0.483333 0.19375 0.480556 0.19375 0.469444 0.195312 0.466667 0.195312 0.455556 0.196875 0.452778 0.196875 0.441667 0.198437 0.438889 0.198437 0.433333 0.203125 0.425 0.207813 0.425 0.207813 0.383333 0.674701
0 0.145313 0.627778 0.145313 0.636111 0.142188 0.641667 0.140625 0.641667 0.140625 0.644444 0.13125 0.661111 0.13125 0.663889 0.129688 0.666667 0.129688 0.669444 0.126563 0.675 0.126563 0.677778 0.125 0.680556 0.125 0.683333 0.123438 0.686111 0.123438 0.688889 0.121875 0.691667 0.121875 0.694444 0.120312 0.697222 0.120312 0.702778 0.11875 0.705556 0.11875 0.713889 0.117188 0.716667 0.117188 0.719444 0.114063 0.725 0.114063 0.727778 0.1125 0.730556 0.1125 0.736111 0.107813 0.744444 0.103125 0.744444 0.103125 0.802778 0.129688 0.802778 0.129688 0.791667 0.132812 0.786111 0.132812 0.783333 0.139062 0.772222 0.139062 0.769444 0.140625 0.766667 0.140625 0.758333 0.142188 0.755556 0.142188 0.747222 0.14375 0.744444 0.14375 0.741667 0.145313 0.738889 0.145313 0.736111 0.146875 0.733333 0.146875 0.727778 0.148438 0.725 0.148438 0.722222 0.151562 0.716667 0.151562 0.713889 0.153125 0.711111 0.153125 0.708333 0.154687 0.705556 0.154687 0.702778 0.15625 0.7 0.15625 0.694444 0.157813 0.691667 0.157813 0.688889 0.159375 0.686111 0.159375 0.680556 0.160938 0.677778 0.160938 0.675 0.164062 0.669444 0.170312 0.669444 0.170312 0.627778 0.673909
0 0.965625 0.705556 0.965625 0.733333 0.970312 0.733333 0.973437 0.738889 0.975 0.738889 0.98125 0.75 0.98125 0.752778 0.982813 0.755556 0.982813 0.758333 0.9875 0.766667 0.9875 0.769444 0.990625 0.775 0.992188 0.775 0.996875 0.783333 0.996875 0.791667 0.998438 0.791667 0.998438 0.716667 0.996875 0.716667 0.995313 0.713889 0.995313 0.705556 0.64661
0 0.239063 0.705556 0.239063 0.713889 0.2375 0.716667 0.2375 0.722222 0.235938 0.725 0.235938 0.727778 0.234375 0.730556 0.234375 0.736111 0.232812 0.738889 0.232812 0.741667 0.23125 0.744444 0.23125 0.747222 0.229687 0.75 0.229687 0.752778 0.228125 0.755556 0.228125 0.758333 0.226562 0.761111 0.226562 0.763889 0.225 0.766667 0.225 0.769444 0.223438 0.772222 0.223438 0.775 0.221875 0.777778 0.221875 0.783333 0.220313 0.786111 0.220313 0.791667 0.21875 0.794444 0.21875 0.8 0.214062 0.808333 0.209375 0.808333 0.209375 0.866667 0.223438 0.866667 0.225 0.869444 0.235938 0.869444 0.2375 0.866667 0.239063 0.866667 0.239063 0.863889 0.240625 0.861111 0.240625 0.855556 0.242188 0.852778 0.242188 0.847222 0.24375 0.844444 0.24375 0.841667 0.245312 0.838889 0.245312 0.833333 0.246875 0.830556 0.246875 0.825 0.248437 0.822222 0.248437 0.819444 0.25 0.816667 0.25 0.813889 0.251563 0.811111 0.251563 0.808333 0.254687 0.802778 0.254687 0.8 0.257812 0.794444 0.257812 0.791667 0.259375 0.788889 0.259375 0.777778 0.260938 0.775 0.260938 0.769444 0.264062 0.763889 0.264062 0.761111 0.265625 0.758333 0.265625 0.75 0.267188 0.747222 0.267188 0.741667 0.26875 0.738889 0.26875 0.733333 0.271875 0.727778 0.276563 0.727778 0.276563 0.705556 0.633289
0 0.251563 0.638889 0.251563 0.658333 0.25 0.661111 0.25 0.666667 0.248437 0.669444 0.248437 0.672222 0.246875 0.675 0.246875 0.680556 0.245312 0.683333 0.245312 0.686111 0.24375 0.688889 0.24375 0.691667 0.242188 0.694444 0.242188 0.7 0.240625 0.702778 0.240625 0.705556 0.239063 0.708333 0.239063 0.713889 0.2375 0.716667 0.2375 0.719444 0.235938 0.722222 0.235938 0.727778 0.234375 0.730556 0.234375 0.736111 0.232812 0.738889 0.232812 0.741667 0.23125 0.744444 0.23125 0.747222 0.229687 0.75 0.229687 0.752778 0.228125 0.755556 0.228125 0.758333 0.226562 0.761111 0.226562 0.763889 0.225 0.766667 0.225 0.769444 0.223438 0.772222 0.223438 0.777778 0.220313 0.783333 0.215625 0.783333 0.215625 0.863889 0.223438 0.863889 0.225 0.866667 0.23125 0.866667 0.232812 0.869444 0.234375 0.866667 0.235938 0.866667 0.2375 0.863889 0.239063 0.863889 0.239063 0.861111 0.240625 0.858333 0.240625 0.852778 0.242188 0.85 0.242188 0.844444 0.24375 0.841667 0.24375 0.838889 0.245312 0.836111 0.245312 0.830556 0.246875 0.827778 0.246875 0.822222 0.248437 0.819444 0.248437 0.813889 0.253125 0.805556 0.253125 0.802778 0.254687 0.8 0.254687 0.797222 0.257812 0.791667 0.257812 0.786111 0.259375 0.783333 0.259375 0.775 0.260938 0.772222 0.260938 0.766667 0.264062 0.761111 0.264062 0.755556 0.265625 0.752778 0.265625 0.744444 0.267188 0.741667 0.267188 0.738889 0.26875 0.736111 0.26875 0.730556 0.270312 0.727778 0.270312 0.722222 0.271875 0.719444 0.271875 0.713889 0.273438 0.711111 0.273438 0.708333 0.278125 0.7 0.282813 0.7 0.282813 0.65 0.276563 0.65 0.275 0.647222 0.275 0.638889 0.626045
0 0.490625 0.361111 0.490625 0.411111 0.520312 0.411111 0.521875 0.408333 0.525 0.408333 0.526563 0.405556 0.532812 0.405556 0.532812 0.4 0.528125 0.4 0.525 0.394444 0.525 0.388889 0.523438 0.386111 0.523438 0.380556 0.521875 0.377778 0.521875 0.375 0.520312 0.372222 0.520312 0.361111 0.621946
0 0.5 0.516667 0.5 0.525 0.496875 0.530556 0.496875 0.533333 0.495313 0.536111 0.495313 0.552778 0.49375 0.555556 0.49375 0.558333 0.492188 0.561111 0.492188 0.563889 0.490625 0.566667 0.484375 0.566667 0.484375 0.725 0.498437 0.725 0.5 0.722222 0.503125 0.722222 0.504687 0.719444 0.510938 0.719444 0.514063 0.725 0.514063 0.719444 0.515625 0.716667 0.515625 0.633333 0.517187 0.630556 0.517187 0.602778 0.51875 0.6 0.51875 0.591667 0.521875 0.586111 0.526563 0.586111 0.526563 0.516667 0.616982
0 0.534375 0.927778 0.534375 0.966667 0.539062 0.966667 0.540625 0.969444 0.540625 0.972222 0.542188 0.975 0.542188 0.977778 0.54375 0.980556 0.54375 0.988889 0.542188 0.991667 0.546875 0.991667 0.548437 0.994444 0.551562 0.994444 0.553125 0.997222 0.598437 0.997222 0.6 0.994444 0.607813 0.994444 0.609375 0.997222 0.626562 0.997222 0.628125 0.994444 0.639063 0.994444 0.639063 0.95 0.634375 0.95 0.632812 0.947222 0.634375 0.944444 0.639063 0.944444 0.639063 0.927778 0.614585
0 0.646875 0.861111 0.646875 0.913889 0.651563 0.913889 0.651563 0.905556 0.653125 0.902778 0.654688 0.902778 0.65625 0.9 0.660937 0.9 0.6625 0.897222 0.675 0.897222 0.676562 0.9 0.682813 0.9 0.684375 0.902778 0.689062 0.902778 0.689062 0.861111 0.593492
0 0.896875 0.905556 0.896875 0.916667 0.901563 0.916667 0.903125 0.919444 0.903125 0.927778 0.901563 0.930556 0.896875 0.930556 0.896875 0.955556 0.904688 0.955556 0.90625 0.958333 0.909375 0.958333 0.910937 0.961111 0.909375 0.963889 0.896875 0.963889 0.896875 1 0.9875 1 0.9875 0.986111 0.989062 0.983333 0.998438 0.983333 0.998438 0.944444 0.995313 0.944444 0.992188 0.938889 0.989062 0.938889 0.9875 0.936111 0.976562 0.936111 0.975 0.938889 0.959375 0.938889 0.957812 0.936111 0.951563 0.936111 0.95 0.933333 0.946875 0.933333 0.940625 0.922222 0.940625 0.919444 0.939062 0.916667 0.939062 0.905556 0.587198
0 0.840625 0.727778 0.840625 0.802778 0.846875 0.802778 0.848437 0.805556 0.848437 0.808333 0.864062 0.836111 0.864062 0.838889 0.865625 0.841667 0.867188 0.841667 0.870313 0.847222 0.870313 0.85 0.871875 0.85 0.878125 0.861111 0.878125 0.872222 0.88125 0.877778 0.88125 0.880556 0.882812 0.883333 0.882812 0.902778 0.914062 0.902778 0.914062 0.858333 0.907812 0.858333 0.904688 0.852778 0.904688 0.847222 0.903125 0.844444 0.903125 0.836111 0.901563 0.833333 0.9 0.833333 0.898438 0.830556 0.898438 0.827778 0.895312 0.822222 0.89375 0.822222 0.892187 0.819444 0.892187 0.816667 0.890625 0.813889 0.890625 0.811111 0.889063 0.808333 0.889063 0.805556 0.885938 0.8 0.885938 0.797222 0.884375 0.794444 0.884375 0.791667 0.882812 0.788889 0.882812 0.783333 0.88125 0.780556 0.88125 0.777778 0.876562 0.769444 0.876562 0.761111 0.878125 0.758333 0.878125 0.727778 0.571187
0 0.159375 0.538889 0.159375 0.55 0.157813 0.552778 0.157813 0.555556 0.15625 0.558333 0.15625 0.561111 0.151562 0.569444 0.146875 0.569444 0.146875 0.633333 0.170312 0.633333 0.171875 0.630556 0.171875 0.627778 0.173438 0.625 0.173438 0.619444 0.175 0.616667 0.175 0.611111 0.176563 0.608333 0.176563 0.605556 0.178125 0.602778 0.178125 0.6 0.179688 0.597222 0.179688 0.594444 0.18125 0.591667 0.18125 0.586111 0.182812 0.583333 0.182812 0.577778 0.184375 0.575 0.184375 0.572222 0.185937 0.569444 0.185937 0.566667 0.189063 0.561111 0.195312 0.561111 0.195312 0.538889 0.569068
0 0.003125 0.85 0.003125 0.905556 0.0109375 0.905556 0.0125 0.908333 0.0171875 0.908333 0.01875 0.911111 0.028125 0.911111 0.0296875 0.908333 0.03125 0.908333 0.0328125 0.905556 0.0359375 0.905556 0.0375 0.902778 0.0453125 0.902778 0.0453125 0.85 0.560619
0 0.432813 0.305556 0.432813 0.313889 0.428125 0.322222 0.426562 0.322222 0.425 0.325 0.421875 0.325 0.420312 0.327778 0.41875 0.327778 0.417188 0.330556 0.415625 0.330556 0.414062 0.333333 0.4125 0.333333 0.410937 0.336111 0.409375 0.336111 0.407813 0.338889 0.403125 0.338889 0.403125 0.355556 0.409375 0.355556 0.410937 0.352778 0.414062 0.352778 0.415625 0.355556 0.41875 0.355556 0.420312 0.358333 0.421875 0.358333 0.423438 0.361111 0.423438 0.369444 0.482812 0.369444 0.482812 0.355556 0.484375 0.352778 0.489062 0.352778 0.489062 0.336111 0.484375 0.336111 0.48125 0.330556 0.48125 0.325 0.478125 0.319444 0.478125 0.305556 0.457812 0.305556 0.457812 0.316667 0.45625 0.319444 0.454688 0.319444 0.453125 0.322222 0.448438 0.322222 0.446875 0.319444 0.445312 0.319444 0.442187 0.313889 0.442187 0.305556 0.560094
0 0.91875 0.936111 0.920313 0.936111 0.921875 0.938889 0.926562 0.938889 0.926562 0.927778 0.91875 0.927778 0.91875 0.936111 0.904688 0.952778 0.903125 0.952778 0.901563 0.95 0.896875 0.95 0.89375 0.944444 0.892187 0.944444 0.890625 0.941667 0.879687 0.941667 0.878125 0.938889 0.871875 0.938889 0.870313 0.936111 0.870313 0.927778 0.828125 0.927778 0.828125 0.972222 0.832812 0.972222 0.835938 0.977778 0.8375 0.977778 0.840625 0.983333 0.840625 0.988889 0.842188 0.991667 0.84375 0.991667 0.845312 0.994444 0.909375 0.994444 0.910937 0.991667 0.926562 0.991667 0.926562 0.988889 0.921875 0.988889 0.917188 0.980556 0.920313 0.975 0.926562 0.975 0.926562 0.972222 0.91875 0.972222 0.917188 0.969444 0.914062 0.969444 0.904688 0.952778 0.551388
0 0.353125 0.694444 0.353125 0.741667 0.371875 0.741667 0.373437 0.744444 0.375 0.744444 0.378125 0.75 0.378125 0.758333 0.382812 0.758333 0.382812 0.75 0.384375 0.747222 0.384375 0.744444 0.3875 0.738889 0.3875 0.730556 0.390625 0.725 0.395312 0.725 0.395312 0.694444 0.549681
0 0.003125 0.405556 0.003125 0.472222 0.0078125 0.472222 0.009375 0.469444 0.009375 0.466667 0.0125 0.461111 0.0125 0.458333 0.0140625 0.455556 0.0140625 0.452778 0.015625 0.45 0.015625 0.447222 0.0171875 0.444444 0.0171875 0.441667 0.01875 0.438889 0.01875 0.436111 0.0203125 0.433333 0.0203125 0.430556 0.0234375 0.425 0.0234375 0.416667 0.025 0.413889 0.025 0.405556 0.523152
0 0.796875 0.566667 0.796875 0.580556 0.798437 0.580556 0.798437 0.572222 0.796875 0.569444 0.796875 0.566667 0.790625 0.547222 0.790625 0.536111 0.795313 0.527778 0.801562 0.527778 0.804688 0.533333 0.80625 0.533333 0.809375 0.538889 0.814062 0.538889 0.814062 0.513889 0.80625 0.513889 0.803125 0.508333 0.803125 0.502778 0.801562 0.5 0.801562 0.494444 0.8 0.494444 0.796875 0.488889 0.796875 0.483333 0.795313 0.480556 0.795313 0.475 0.790625 0.466667 0.790625 0.463889 0.789062 0.461111 0.789062 0.458333 0.785937 0.452778 0.785937 0.45 0.784375 0.447222 0.784375 0.433333 0.782812 0.430556 0.782812 0.425 0.78125 0.422222 0.78125 0.419444 0.779688 0.416667 0.779688 0.408333 0.778125 0.405556 0.778125 0.397222 0.776563 0.394444 0.776563 0.388889 0.775 0.386111 0.775 0.377778 0.773438 0.375 0.773438 0.372222 0.771875 0.369444 0.771875 0.361111 0.746875 0.361111 0.746875 0.425 0.751562 0.425 0.754687 0.430556 0.754687 0.433333 0.75625 0.436111 0.75625 0.441667 0.757812 0.444444 0.757812 0.455556 0.759375 0.458333 0.759375 0.461111 0.7625 0.466667 0.7625 0.469444 0.76875 0.480556 0.76875 0.483333 0.770312 0.486111 0.770312 0.491667 0.771875 0.494444 0.771875 0.5 0.776563 0.508333 0.776563 0.513889 0.78125 0.522222 0.78125 0.525 0.782812 0.527778 0.782812 0.530556 0.784375 0.533333 0.784375 0.536111 0.7875 0.536111 0.789062 0.538889 0.789062 0.541667 0.790625 0.544444 0.790625 0.547222 0.506867
0 0.646875 0.883333 0.646875 0.930556 0.664062 0.930556 0.665625 0.933333 0.676562 0.933333 0.678125 0.930556 0.689062 0.930556 0.689062 0.883333 0.49072
0 0.23125 0.738889 0.23125 0.747222 0.229687 0.75 0.229687 0.752778 0.228125 0.755556 0.228125 0.758333 0.226562 0.761111 0.226562 0.763889 0.225 0.766667 0.225 0.772222 0.223438 0.775 0.223438 0.777778 0.221875 0.780556 0.221875 0.783333 0.220313 0.786111 0.220313 0.791667 0.21875 0.794444 0.21875 0.797222 0.217187 0.8 0.217187 0.802778 0.214062 0.808333 0.209375 0.808333 0.209375 0.863889 0.214062 0.863889 0.215625 0.866667 0.220313 0.866667 0.221875 0.869444 0.223438 0.869444 0.225 0.872222 0.225 0.880556 0.229687 0.880556 0.229687 0.872222 0.23125 0.869444 0.232812 0.869444 0.234375 0.866667 0.235938 0.866667 0.2375 0.863889 0.239063 0.863889 0.239063 0.861111 0.240625 0.858333 0.240625 0.855556 0.242188 0.852778 0.242188 0.847222 0.24375 0.844444 0.24375 0.838889 0.245312 0.836111 0.245312 0.830556 0.246875 0.827778 0.246875 0.822222 0.248437 0.819444 0.248437 0.816667 0.25 0.813889 0.25 0.811111 0.251563 0.808333 0.257812 0.808333 0.257812 0.738889 0.4874
0 0.234375 0.530556 0.232812 0.533333 0.23125 0.533333 0.23125 0.536111 0.229687 0.538889 0.229687 0.547222 0.240625 0.547222 0.240625 0.536111 0.239063 0.533333 0.235938 0.533333 0.234375 0.530556 0.234375 0.516667 0.235938 0.513889 0.2375 0.513889 0.239063 0.511111 0.253125 0.511111 0.25625 0.516667 0.254687 0.519444 0.254687 0.527778 0.253125 0.530556 0.253125 0.533333 0.251563 0.536111 0.251563 0.547222 0.260938 0.547222 0.260938 0.527778 0.259375 0.525 0.259375 0.5 0.260938 0.497222 0.260938 0.488889 0.2625 0.486111 0.2625 0.469444 0.265625 0.463889 0.270312 0.463889 0.270312 0.397222 0.265625 0.397222 0.2625 0.391667 0.2625 0.383333 0.210938 0.383333 0.210938 0.391667 0.204688 0.402778 0.204688 0.405556 0.203125 0.408333 0.203125 0.427778 0.2 0.433333 0.2 0.438889 0.198437 0.441667 0.198437 0.452778 0.196875 0.455556 0.196875 0.461111 0.195312 0.463889 0.190625 0.463889 0.190625 0.497222 0.195312 0.497222 0.196875 0.5 0.196875 0.502778 0.198437 0.505556 0.198437 0.511111 0.2 0.513889 0.2 0.527778 0.203125 0.533333 0.209375 0.533333 0.210938 0.530556 0.210938 0.527778 0.2125 0.525 0.2125 0.522222 0.215625 0.516667 0.223438 0.516667 0.225 0.513889 0.228125 0.513889 0.229687 0.516667 0.234375 0.516667 0.484495
0 0.615625 0.327778 0.615625 0.386111 0.620313 0.386111 0.621875 0.388889 0.621875 0.394444 0.623438 0.397222 0.623438 0.405556 0.625 0.408333 0.625 0.413889 0.626562 0.416667 0.628125 0.416667 0.629687 0.419444 0.6375 0.419444 0.639063 0.422222 0.640625 0.422222 0.642187 0.419444 0.646875 0.419444 0.65 0.413889 0.65 0.408333 0.651563 0.405556 0.651563 0.394444 0.65 0.391667 0.65 0.366667 0.648438 0.363889 0.648438 0.361111 0.646875 0.358333 0.646875 0.355556 0.642187 0.347222 0.642187 0.344444 0.6375 0.336111 0.6375 0.327778 0.482003
0 0.965625 0.938889 0.965625 0.966667 0.971875 0.966667 0.976562 0.975 0.978125 0.975 0.982813 0.983333 0.982813 0.986111 0.984375 0.988889 0.9875 0.988889 0.990625 0.994444 0.990625 1 0.998438 1 0.998438 0.938889 0.481602
0 0.359375 0.638889 0.359375 0.713889 0.389062 0.713889 0.389062 0.705556 0.390625 0.702778 0.390625 0.7 0.392188 0.697222 0.392188 0.691667 0.39375 0.688889 0.39375 0.669444 0.392188 0.666667 0.392188 0.638889 0.479268
0 0.828125 0.927778 0.828125 0.972222 0.832812 0.972222 0.8375 0.980556 0.839063 0.980556 0.840625 0.983333 0.840625 0.988889 0.842188 0.991667 0.842188 1 0.876562 1 0.876562 0.938889 0.870313 0.938889 0.86875 0.936111 0.86875 0.927778 0.472423
0 0.603125 0.327778 0.603125 0.347222 0.6125 0.347222 0.614062 0.35 0.615625 0.35 0.61875 0.355556 0.61875 0.363889 0.620313 0.366667 0.620313 0.375 0.621875 0.377778 0.621875 0.391667 0.623438 0.394444 0.623438 0.402778 0.625 0.405556 0.625 0.411111 0.628125 0.416667 0.629687 0.416667 0.63125 0.419444 0.645312 0.419444 0.648438 0.413889 0.648438 0.411111 0.65 0.408333 0.65 0.386111 0.648438 0.383333 0.648438 0.361111 0.646875 0.358333 0.646875 0.355556 0.642187 0.347222 0.642187 0.344444 0.6375 0.336111 0.6375 0.327778 0.470521
0 0.490625 0.783333 0.490625 0.877778 0.498437 0.877778 0.5 0.880556 0.504687 0.880556 0.50625 0.883333 0.50625 0.891667 0.521875 0.891667 0.521875 0.883333 0.523438 0.880556 0.523438 0.877778 0.528125 0.869444 0.532812 0.869444 0.532812 0.866667 0.528125 0.866667 0.526563 0.863889 0.526563 0.861111 0.525 0.858333 0.525 0.833333 0.523438 0.830556 0.523438 0.802778 0.521875 0.8 0.521875 0.783333 0.46386
0 0.8375 0.938889 0.842188 0.947222 0.84375 0.947222 0.845312 0.95 0.845312 0.961111 0.846875 0.963889 0.851562 0.963889 0.851562 0.916667 0.8375 0.916667 0.8375 0.938889 0.829687 0.938889 0.828125 0.936111 0.828125 0.933333 0.826563 0.933333 0.825 0.930556 0.821875 0.930556 0.81875 0.925 0.81875 0.916667 0.748438 0.916667 0.748438 0.925 0.745313 0.930556 0.742188 0.930556 0.740625 0.933333 0.734375 0.933333 0.732813 0.936111 0.715625 0.936111 0.715625 1 0.851562 1 0.851562 0.988889 0.845312 0.988889 0.83125 0.963889 0.83125 0.961111 0.829687 0.958333 0.829687 0.95 0.828125 0.947222 0.829687 0.944444 0.829687 0.938889 0.463204
0 0.359375 0.594444 0.359375 0.669444 0.390625 0.669444 0.390625 0.661111 0.392188 0.658333 0.392188 0.647222 0.39375 0.644444 0.39375 0.594444 0.459836
0 0.340625 0.783333 0.340625 0.869444 0.371875 0.869444 0.371875 0.844444 0.373437 0.841667 0.373437 0.838889 0.375 0.836111 0.375 0.833333 0.378125 0.827778 0.378125 0.816667 0.379687 0.813889 0.379687 0.783333 0.45907
0 0.357812 0.738889 0.357812 0.747222 0.35625 0.75 0.346875 0.75 0.346875 0.802778 0.35625 0.802778 0.35625 0.794444 0.357812 0.791667 0.367188 0.791667 0.36875 0.788889 0.373437 0.788889 0.376563 0.794444 0.376563 0.802778 0.376563 0.794444 0.378125 0.791667 0.378125 0.783333 0.384375 0.772222 0.389062 0.772222 0.389062 0.738889 0.365625 0.738889 0.365625 0.747222 0.364062 0.75 0.3625 0.75 0.360938 0.747222 0.360938 0.738889 0.45311
0 0.628125 0.572222 0.628125 0.691667 0.6375 0.691667 0.6375 0.683333 0.639063 0.680556 0.654688 0.680556 0.657812 0.675 0.657812 0.655556 0.65625 0.652778 0.65625 0.636111 0.659375 0.630556 0.664062 0.630556 0.664062 0.597222 0.659375 0.597222 0.65625 0.591667 0.65625 0.588889 0.654688 0.586111 0.654688 0.572222 0.440221
0 0.003125 0.283333 0.003125 0.313889 0.015625 0.313889 0.015625 0.305556 0.01875 0.3 0.01875 0.297222 0.0203125 0.294444 0.0203125 0.283333 0.433554
0 0.628125 0.605556 0.628125 0.691667 0.64375 0.691667 0.64375 0.683333 0.645312 0.680556 0.654688 0.680556 0.657812 0.675 0.657812 0.655556 0.65625 0.652778 0.65625 0.636111 0.659375 0.630556 0.664062 0.630556 0.664062 0.605556 0.431511
0 0.126563 0.85 0.126563 0.880556 0.125 0.883333 0.125 0.886111 0.11875 0.897222 0.115625 0.897222 0.114063 0.9 0.1125 0.9 0.107813 0.908333 0.103125 0.908333 0.103125 0.916667 0.121875 0.916667 0.123438 0.919444 0.128125 0.919444 0.129688 0.922222 0.13125 0.922222 0.132812 0.925 0.134375 0.925 0.135937 0.927778 0.148438 0.927778 0.15 0.925 0.178125 0.925 0.179688 0.927778 0.196875 0.927778 0.2 0.922222 0.2 0.919444 0.203125 0.913889 0.203125 0.9 0.201562 0.897222 0.201562 0.880556 0.198437 0.875 0.198437 0.863889 0.2 0.861111 0.2 0.85 0.165625 0.85 0.165625 0.858333 0.160938 0.866667 0.13125 0.866667 0.129688 0.863889 0.129688 0.85 0.431045
0 0.192188 0.391667 0.189063 0.391667 0.1875 0.388889 0.185937 0.388889 0.184375 0.386111 0.182812 0.388889 0.182812 0.391667 0.18125 0.394444 0.18125 0.402778 0.192188 0.402778 0.192188 0.391667 0.196875 0.386111 0.198437 0.388889 0.2 0.388889 0.201562 0.391667 0.203125 0.388889 0.207813 0.388889 0.209375 0.386111 0.2125 0.386111 0.214062 0.383333 0.223438 0.383333 0.225 0.380556 0.23125 0.380556 0.232812 0.377778 0.240625 0.377778 0.242188 0.375 0.246875 0.375 0.25 0.380556 0.253125 0.380556 0.254687 0.383333 0.264062 0.383333 0.265625 0.380556 0.270312 0.380556 0.270312 0.338889 0.215625 0.338889 0.215625 0.347222 0.2125 0.352778 0.210938 0.352778 0.209375 0.355556 0.20625 0.355556 0.204688 0.358333 0.196875 0.358333 0.19375 0.352778 0.19375 0.338889 0.171875 0.338889 0.171875 0.361111 0.178125 0.361111 0.179688 0.363889 0.182812 0.363889 0.184375 0.366667 0.1875 0.366667 0.189063 0.369444 0.19375 0.369444 0.195312 0.366667 0.196875 0.369444 0.196875 0.386111 0.424451
0 0.642187 0.316667 0.642187 0.325 0.64375 0.327778 0.646875 0.327778 0.648438 0.330556 0.65 0.330556 0.651563 0.333333 0.657812 0.333333 0.657812 0.316667 0.642187 0.316667 0.6375 0.316667 0.571875 0.316667 0.571875 0.347222 0.582812 0.347222 0.584375 0.35 0.604688 0.35 0.60625 0.347222 0.609375 0.347222 0.610937 0.35 0.620313 0.35 0.623438 0.355556 0.623438 0.361111 0.621875 0.363889 0.621875 0.388889 0.623438 0.391667 0.623438 0.402778 0.625 0.405556 0.625 0.411111 0.626562 0.413889 0.626562 0.416667 0.63125 0.416667 0.632812 0.419444 0.64375 0.419444 0.645312 0.416667 0.646875 0.416667 0.646875 0.413889 0.648438 0.411111 0.648438 0.408333 0.65 0.405556 0.65 0.397222 0.648438 0.394444 0.648438 0.383333 0.646875 0.380556 0.648438 0.377778 0.648438 0.361111 0.642187 0.35 0.642187 0.347222 0.6375 0.338889 0.6375 0.316667 0.424353
0 0.334375 0.861111 0.334375 0.9 0.351562 0.9 0.353125 0.902778 0.364062 0.902778 0.365625 0.905556 0.365625 0.913889 0.376563 0.913889 0.376563 0.861111 0.423528
0 0.834375 0.75 0.834375 0.786111 0.840625 0.786111 0.84375 0.791667 0.84375 0.794444 0.845312 0.797222 0.845312 0.8 0.85 0.808333 0.85 0.811111 0.864062 0.836111 0.864062 0.838889 0.865625 0.841667 0.867188 0.841667 0.870313 0.847222 0.870313 0.85 0.871875 0.852778 0.873438 0.852778 0.878125 0.861111 0.878125 0.869444 0.914062 0.869444 0.914062 0.858333 0.909375 0.858333 0.90625 0.852778 0.90625 0.85 0.904688 0.847222 0.904688 0.844444 0.903125 0.841667 0.903125 0.836111 0.890625 0.813889 0.890625 0.811111 0.889063 0.808333 0.889063 0.805556 0.885938 0.8 0.885938 0.797222 0.884375 0.794444 0.884375 0.791667 0.882812 0.788889 0.882812 0.786111 0.88125 0.783333 0.88125 0.777778 0.878125 0.772222 0.878125 0.75 0.413309
0 0.490625 0.838889 0.490625 0.891667 0.523438 0.891667 0.523438 0.880556 0.528125 0.872222 0.532812 0.872222 0.532812 0.855556 0.528125 0.855556 0.526563 0.852778 0.526563 0.838889 0.410413
0 0.634375 0.772222 0.634375 0.827778 0.640625 0.827778 0.64375 0.833333 0.64375 0.838889 0.645312 0.841667 0.645312 0.85 0.648438 0.855556 0.65 0.855556 0.651563 0.858333 0.651563 0.863889 0.65 0.866667 0.65 0.880556 0.660937 0.880556 0.660937 0.872222 0.6625 0.869444 0.664062 0.869444 0.665625 0.866667 0.68125 0.866667 0.682813 0.863889 0.682813 0.861111 0.684375 0.858333 0.689062 0.858333 0.689062 0.85 0.684375 0.85 0.68125 0.844444 0.68125 0.841667 0.679688 0.838889 0.679688 0.825 0.678125 0.822222 0.678125 0.819444 0.675 0.813889 0.675 0.811111 0.673437 0.808333 0.673437 0.791667 0.671875 0.788889 0.671875 0.772222 0.405969
0 0.684375 0.927778 0.684375 1 0.764063 1 0.764063 0.958333 0.751562 0.958333 0.75 0.955556 0.748438 0.955556 0.746875 0.952778 0.745313 0.952778 0.74375 0.95 0.74375 0.927778 0.400612
0 0.909375 0.516667 0.909375 0.561111 0.914062 0.561111 0.917188 0.566667 0.917188 0.572222 0.920313 0.577778 0.920313 0.580556 0.921875 0.583333 0.921875 0.586111 0.923437 0.588889 0.923437 0.591667 0.925 0.594444 0.925 0.597222 0.926562 0.6 0.926562 0.602778 0.928125 0.605556 0.928125 0.608333 0.929688 0.611111 0.929688 0.616667 0.93125 0.619444 0.93125 0.622222 0.932813 0.625 0.932813 0.647222 0.946875 0.647222 0.946875 0.636111 0.948438 0.633333 0.95 0.633333 0.951563 0.630556 0.957812 0.630556 0.957812 0.6 0.953125 0.6 0.95 0.594444 0.95 0.591667 0.948438 0.588889 0.948438 0.580556 0.946875 0.577778 0.946875 0.569444 0.945312 0.566667 0.945312 0.563889 0.94375 0.561111 0.94375 0.558333 0.942187 0.555556 0.942187 0.552778 0.940625 0.55 0.940625 0.544444 0.939062 0.541667 0.939062 0.538889 0.9375 0.536111 0.9375 0.533333 0.935938 0.530556 0.935938 0.516667 0.397109
0 0.646875 0.927778 0.646875 0.994444 0.675 0.994444 0.676562 0.991667 0.68125 0.991667 0.682813 0.994444 0.695312 0.994444 0.695312 0.955556 0.689062 0.955556 0.6875 0.952778 0.6875 0.95 0.685938 0.947222 0.685938 0.944444 0.684375 0.941667 0.684375 0.927778 0.396922
0 0.484375 0.727778 0.484375 0.802778 0.490625 0.802778 0.490625 0.794444 0.492188 0.791667 0.49375 0.791667 0.495313 0.788889 0.51875 0.788889 0.520312 0.791667 0.526563 0.791667 0.526563 0.744444 0.521875 0.744444 0.520312 0.741667 0.520312 0.738889 0.51875 0.736111 0.51875 0.727778 0.396184
0 0.490625 0.85 0.490625 0.902778 0.509375 0.902778 0.509375 0.891667 0.510938 0.888889 0.51875 0.888889 0.520312 0.891667 0.521875 0.888889 0.521875 0.886111 0.523438 0.883333 0.523438 0.880556 0.528125 0.872222 0.532812 0.872222 0.532812 0.85 0.394555
0 0.265625 0.45 0.265625 0.569444 0.290625 0.569444 0.290625 0.558333 0.292188 0.555556 0.292188 0.552778 0.296875 0.544444 0.301562 0.544444 0.301562 0.536111 0.296875 0.536111 0.29375 0.530556 0.29375 0.511111 0.292188 0.508333 0.292188 0.502778 0.29375 0.5 0.29375 0.491667 0.292188 0.488889 0.292188 0.45 0.393315
0 0.484375 0.561111 0.484375 0.736111 0.504687 0.736111 0.504687 0.727778 0.507812 0.722222 0.509375 0.722222 0.510938 0.725 0.510938 0.736111 0.515625 0.736111 0.515625 0.630556 0.517187 0.627778 0.517187 0.6 0.51875 0.597222 0.51875 0.588889 0.521875 0.583333 0.526563 0.583333 0.526563 0.561111 0.391755
0 0.15625 0.55 0.15625 0.561111 0.153125 0.566667 0.153125 0.569444 0.151562 0.572222 0.151562 0.575 0.15 0.577778 0.15 0.583333 0.148438 0.586111 0.148438 0.588889 0.146875 0.591667 0.146875 0.594444 0.14375 0.6 0.14375 0.602778 0.140625 0.608333 0.134375 0.608333 0.134375 0.641667 0.139062 0.641667 0.140625 0.638889 0.142188 0.638889 0.145313 0.633333 0.159375 0.633333 0.160938 0.636111 0.167187 0.636111 0.16875 0.633333 0.170312 0.633333 0.171875 0.630556 0.171875 0.627778 0.173438 0.625 0.173438 0.619444 0.175 0.616667 0.175 0.611111 0.176563 0.608333 0.176563 0.605556 0.178125 0.602778 0.178125 0.6 0.179688 0.597222 0.179688 0.594444 0.18125 0.591667 0.18125 0.586111 0.184375 0.580556 0.189063 0.580556 0.189063 0.55 0.390326
0 0.778125 0.483333 0.778125 0.538889 0.784375 0.538889 0.7875 0.544444 0.7875 0.547222 0.789062 0.55 0.789062 0.552778 0.790625 0.555556 0.790625 0.558333 0.792188 0.561111 0.792188 0.563889 0.79375 0.566667 0.79375 0.575 0.795313 0.577778 0.795313 0.580556 0.801562 0.591667 0.801562 0.602778 0.814062 0.602778 0.814062 0.594444 0.815625 0.591667 0.817187 0.591667 0.81875 0.594444 0.81875 0.602778 0.826563 0.602778 0.826563 0.552778 0.820312 0.552778 0.81875 0.55 0.81875 0.547222 0.817187 0.544444 0.817187 0.541667 0.815625 0.538889 0.815625 0.536111 0.814062 0.533333 0.814062 0.530556 0.8125 0.527778 0.8125 0.525 0.809375 0.519444 0.809375 0.516667 0.804688 0.508333 0.804688 0.505556 0.803125 0.502778 0.803125 0.5 0.801562 0.497222 0.801562 0.483333 0.386161
0 0.129688 0.661111 0.129688 0.669444 0.128125 0.672222 0.128125 0.675 0.126563 0.677778 0.126563 0.680556 0.125 0.683333 0.125 0.686111 0.123438 0.688889 0.123438 0.691667 0.120312 0.697222 0.120312 0.702778 0.11875 0.705556 0.11875 0.713889 0.117188 0.716667 0.117188 0.719444 0.115625 0.722222 0.115625 0.725 0.114063 0.727778 0.114063 0.730556 0.1125 0.733333 0.1125 0.738889 0.107813 0.747222 0.107813 0.752778 0.10625 0.755556 0.10625 0.758333 0.104687 0.761111 0.104687 0.763889 0.101562 0.769444 0.096875 0.769444 0.096875 0.791667 0.134375 0.791667 0.134375 0.780556 0.139062 0.772222 0.139062 0.769444 0.140625 0.766667 0.140625 0.755556 0.142188 0.752778 0.142188 0.747222 0.14375 0.744444 0.14375 0.741667 0.145313 0.738889 0.145313 0.736111 0.146875 0.733333 0.146875 0.725 0.153125 0.713889 0.157813 0.713889 0.157813 0.661111 0.385417
0 0.365625 0.361111 0.365625 0.625 0.390625 0.625 0.390625 0.608333 0.392188 0.605556 0.392188 0.6 0.39375 0.597222 0.39375 0.552778 0.392188 0.55 0.392188 0.538889 0.39375 0.536111 0.39375 0.527778 0.395312 0.525 0.395312 0.511111 0.396875 0.508333 0.396875 0.477778 0.398438 0.475 0.398438 0.469444 0.396875 0.466667 0.396875 0.45 0.395312 0.447222 0.395312 0.436111 0.39375 0.433333 0.39375 0.419444 0.392188 0.416667 0.392188 0.405556 0.39375 0.402778 0.39375 0.397222 0.395312 0.394444 0.395312 0.391667 0.396875 0.388889 0.396875 0.386111 0.398438 0.383333 0.398438 0.380556 0.396875 0.377778 0.396875 0.375 0.39375 0.369444 0.39375 0.361111 0.380301
0 0.953125 0.672222 0.953125 0.713889 0.959375 0.713889 0.976562 0.744444 0.978125 0.744444 0.979688 0.747222 0.979688 0.75 0.982813 0.755556 0.982813 0.758333 0.9875 0.766667 0.9875 0.769444 0.990625 0.775 0.992188 0.775 0.996875 0.783333 0.996875 0.791667 0.998438 0.791667 0.998438 0.719444 0.995313 0.719444 0.99375 0.716667 0.99375 0.713889 0.992188 0.711111 0.992188 0.708333 0.990625 0.705556 0.990625 0.702778 0.985937 0.694444 0.985937 0.688889 0.984375 0.686111 0.984375 0.683333 0.982813 0.680556 0.982813 0.672222 0.377421
0 0.621875 0.494444 0.621875 0.591667 0.654688 0.591667 0.654688 0.536111 0.653125 0.533333 0.653125 0.527778 0.651563 0.525 0.651563 0.516667 0.653125 0.513889 0.653125 0.494444 0.377399
0 0.0390625 0.627778 0.0390625 0.638889 0.03125 0.652778 0.03125 0.655556 0.0296875 0.658333 0.0296875 0.661111 0.0265625 0.666667 0.021875 0.666667 0.021875 0.686111 0.0296875 0.686111 0.03125 0.683333 0.0359375 0.683333 0.0375 0.686111 0.0421875 0.686111 0.04375 0.688889 0.0515625 0.688889 0.0546875 0.683333 0.0546875 0.680556 0.0578125 0.675 0.0578125 0.672222 0.059375 0.669444 0.059375 0.666667 0.0625 0.661111 0.0625 0.658333 0.0671875 0.65 0.0671875 0.647222 0.071875 0.638889 0.0765625 0.638889 0.0765625 0.627778 0.377137
0 0.371875 0.338889 0.371875 0.391667 0.390625 0.391667 0.390625 0.383333 0.392188 0.380556 0.395312 0.380556 0.398438 0.375 0.401563 0.375 0.403125 0.372222 0.426562 0.372222 0.426562 0.358333 0.41875 0.358333 0.417188 0.355556 0.415625 0.355556 0.410937 0.347222 0.410937 0.338889 0.370103
0 0.803125 0.572222 0.803125 0.630556 0.809375 0.630556 0.810938 0.633333 0.810938 0.647222 0.835938 0.647222 0.835938 0.638889 0.8375 0.636111 0.840625 0.636111 0.842188 0.638889 0.842188 0.647222 0.851562 0.647222 0.851562 0.633333 0.846875 0.633333 0.84375 0.627778 0.84375 0.625 0.842188 0.622222 0.842188 0.613889 0.840625 0.611111 0.840625 0.605556 0.828125 0.583333 0.828125 0.572222 0.36892
0 0.217187 0.338889 0.217187 0.347222 0.2125 0.355556 0.210938 0.355556 0.209375 0.358333 0.203125 0.358333 0.201562 0.361111 0.196875 0.361111 0.196875 0.366667 0.201562 0.366667 0.204688 0.372222 0.204688 0.375 0.20625 0.375 0.207813 0.377778 0.209375 0.377778 0.210938 0.380556 0.214062 0.380556 0.215625 0.383333 0.228125 0.383333 0.229687 0.380556 0.232812 0.380556 0.234375 0.377778 0.245312 0.377778 0.246875 0.380556 0.25 0.380556 0.251563 0.383333 0.2625 0.383333 0.265625 0.377778 0.270312 0.377778 0.270312 0.338889 0.368173
0 0.1125 0.372222 0.1125 0.397222 0.110937 0.4 0.110937 0.419444 0.109375 0.422222 0.109375 0.438889 0.107813 0.441667 0.107813 0.458333 0.10625 0.461111 0.10625 0.486111 0.104687 0.488889 0.104687 0.494444 0.103125 0.497222 0.103125 0.502778 0.101562 0.505556 0.101562 0.516667 0.1 0.519444 0.1 0.522222 0.0984375 0.525 0.0984375 0.533333 0.096875 0.536111 0.096875 0.538889 0.0953125 0.541667 0.090625 0.541667 0.090625 0.588889 0.0953125 0.588889 0.103125 0.602778 0.104687 0.602778 0.10625 0.605556 0.107813 0.605556 0.109375 0.608333 0.115625 0.608333 0.120312 0.616667 0.121875 0.616667 0.125 0.611111 0.126563 0.611111 0.128125 0.608333 0.132812 0.608333 0.134375 0.605556 0.139062 0.605556 0.139062 0.602778 0.140625 0.6 0.140625 0.597222 0.14375 0.591667 0.145313 0.591667 0.145313 0.586111 0.146875 0.583333 0.146875 0.580556 0.148438 0.577778 0.148438 0.575 0.15 0.572222 0.15 0.569444 0.151562 0.566667 0.151562 0.563889 0.153125 0.561111 0.153125 0.555556 0.157813 0.547222 0.157813 0.541667 0.159375 0.538889 0.159375 0.530556 0.160938 0.527778 0.160938 0.513889 0.1625 0.511111 0.1625 0.5 0.164062 0.497222 0.164062 0.463889 0.165625 0.461111 0.165625 0.441667 0.167187 0.438889 0.167187 0.436111 0.165625 0.433333 0.165625 0.411111 0.167187 0.408333 0.167187 0.402778 0.171875 0.394444 0.171875 0.372222 0.367684
0 0.328125 0.702778 0.326562 0.705556 0.326562 0.713889 0.332812 0.713889 0.332812 0.705556 0.33125 0.705556 0.329688 0.702778 0.328125 0.702778 0.323438 0.675 0.325 0.672222 0.3375 0.672222 0.339063 0.675 0.340625 0.675 0.345313 0.683333 0.348437 0.683333 0.35 0.680556 0.351562 0.680556 0.353125 0.677778 0.353125 0.675 0.354688 0.672222 0.354688 0.669444 0.357812 0.663889 0.357812 0.661111 0.359375 0.658333 0.359375 0.652778 0.360938 0.65 0.360938 0.638889 0.359375 0.636111 0.359375 0.630556 0.357812 0.627778 0.357812 0.625 0.359375 0.622222 0.359375 0.613889 0.360938 0.611111 0.360938 0.602778 0.3625 0.6 0.3625 0.594444 0.364062 0.591667 0.364062 0.588889 0.365625 0.586111 0.370313 0.586111 0.370313 0.569444 0.365625 0.569444 0.364062 0.566667 0.364062 0.563889 0.3625 0.561111 0.3625 0.541667 0.365625 0.536111 0.370313 0.536111 0.370313 0.372222 0.364062 0.372222 0.3625 0.369444 0.3625 0.366667 0.360938 0.363889 0.360938 0.361111 0.359375 0.358333 0.359375 0.35 0.30625 0.35 0.30625 0.361111 0.303125 0.366667 0.3 0.366667 0.296875 0.372222 0.290625 0.372222 0.290625 0.419444 0.295312 0.419444 0.296875 0.422222 0.296875 0.438889 0.295312 0.441667 0.290625 0.441667 0.290625 0.516667 0.295312 0.516667 0.298438 0.522222 0.298438 0.530556 0.3 0.533333 0.3 0.544444 0.298438 0.547222 0.298438 0.552778 0.296875 0.555556 0.290625 0.555556 0.290625 0.608333 0.301562 0.608333 0.307813 0.619444 0.3125 0.619444 0.314063 0.622222 0.317187 0.622222 0.31875 0.625 0.320312 0.625 0.321875 0.627778 0.321875 0.638889 0.317187 0.647222 0.317187 0.663889 0.315625 0.666667 0.315625 0.672222 0.317187 0.675 0.323438 0.675 0.36667
0 0.195312 0.35 0.195312 0.358333 0.182812 0.380556 0.178125 0.380556 0.178125 0.4 0.182812 0.4 0.189063 0.388889 0.201562 0.388889 0.203125 0.391667 0.209375 0.391667 0.2125 0.386111 0.215625 0.386111 0.217187 0.383333 0.223438 0.383333 0.225 0.380556 0.23125 0.380556 0.232812 0.377778 0.239063 0.377778 0.240625 0.375 0.242188 0.375 0.24375 0.372222 0.24375 0.369444 0.245312 0.366667 0.248437 0.366667 0.25 0.369444 0.25 0.372222 0.253125 0.377778 0.253125 0.380556 0.25625 0.380556 0.257812 0.383333 0.264062 0.383333 0.264062 0.35 0.366324
0 0.0921875 0.794444 0.0921875 0.805556 0.0890625 0.811111 0.0890625 0.813889 0.0875 0.816667 0.0875 0.819444 0.084375 0.825 0.084375 0.827778 0.078125 0.838889 0.071875 0.838889 0.071875 0.902778 0.0984375 0.902778 0.0984375 0.886111 0.1 0.883333 0.1 0.875 0.0984375 0.872222 0.104687 0.861111 0.10625 0.861111 0.107813 0.858333 0.109375 0.858333 0.1125 0.852778 0.114063 0.852778 0.114063 0.85 0.115625 0.847222 0.115625 0.836111 0.117188 0.833333 0.117188 0.830556 0.120312 0.825 0.126563 0.825 0.126563 0.794444 0.364223
0 0.253125 0.561111 0.253125 0.658333 0.282813 0.658333 0.282813 0.641667 0.284375 0.638889 0.284375 0.630556 0.285937 0.627778 0.285937 0.619444 0.2875 0.616667 0.2875 0.608333 0.289062 0.605556 0.289062 0.597222 0.290625 0.594444 0.295312 0.594444 0.295312 0.575 0.290625 0.575 0.289062 0.572222 0.289062 0.561111 0.359446
0 0.640625 0.794444 0.640625 0.852778 0.646875 0.852778 0.648438 0.855556 0.65 0.855556 0.651563 0.858333 0.651563 0.863889 0.65 0.866667 0.65 0.869444 0.648438 0.872222 0.648438 0.880556 0.6625 0.880556 0.6625 0.872222 0.664062 0.869444 0.665625 0.869444 0.667188 0.866667 0.689062 0.866667 0.689062 0.85 0.684375 0.85 0.68125 0.844444 0.68125 0.838889 0.679688 0.836111 0.679688 0.825 0.678125 0.822222 0.678125 0.819444 0.676562 0.816667 0.676562 0.813889 0.675 0.811111 0.675 0.808333 0.673437 0.805556 0.673437 0.794444 0.358811
0 0.809375 0.616667 0.809375 0.65 0.815625 0.65 0.817187 0.652778 0.817187 0.655556 0.825 0.669444 0.825 0.672222 0.83125 0.683333 0.83125 0.686111 0.8375 0.697222 0.8375 0.7 0.839063 0.702778 0.839063 0.713889 0.870313 0.713889 0.870313 0.675 0.865625 0.675 0.857813 0.661111 0.857813 0.658333 0.85625 0.658333 0.854688 0.655556 0.854688 0.652778 0.853125 0.65 0.853125 0.647222 0.851562 0.644444 0.85 0.644444 0.846875 0.638889 0.846875 0.633333 0.845312 0.630556 0.845312 0.616667 0.357077
0 0.640625 0.327778 0.640625 0.355556 0.646875 0.355556 0.65 0.361111 0.65 0.369444 0.695312 0.369444 0.695312 0.361111 0.698438 0.355556 0.7 0.355556 0.701563 0.352778 0.707812 0.352778 0.707812 0.327778 0.354875
0 0.028125 0.561111 0.0171875 0.541667 0.015625 0.541667 0.0125 0.536111 0.009375 0.536111 0.0078125 0.533333 0.003125 0.533333 0.003125 0.602778 0.0453125 0.602778 0.0453125 0.577778 0.0328125 0.577778 0.0296875 0.572222 0.0296875 0.569444 0.028125 0.566667 0.028125 0.561111 0.0453125 0.541667 0.040625 0.541667 0.0375 0.536111 0.0375 0.525 0.0390625 0.522222 0.0078125 0.480556 0.0078125 0.477778 0.009375 0.475 0.009375 0.466667 0.0140625 0.458333 0.0140625 0.45 0.015625 0.447222 0.015625 0.444444 0.0203125 0.436111 0.0203125 0.433333 0.0234375 0.427778 0.0234375 0.425 0.025 0.422222 0.025 0.416667 0.0265625 0.413889 0.0265625 0.405556 0.028125 0.402778 0.028125 0.4 0.0296875 0.397222 0.0296875 0.394444 0.03125 0.391667 0.03125 0.388889 0.0359375 0.380556 0.0359375 0.372222 0.003125 0.372222 0.003125 0.383333 0.0078125 0.383333 0.0125 0.391667 0.0125 0.394444 0.009375 0.4 0.003125 0.4 0.003125 0.480556 0.0078125 0.480556 0.0390625 0.522222 0.0390625 0.519444 0.040625 0.516667 0.0453125 0.516667 0.0453125 0.541667 0.352301
0 0.878125 0.85 0.878125 0.897222 0.885938 0.897222 0.8875 0.9 0.895312 0.9 0.896875 0.897222 0.926562 0.897222 0.926562 0.880556 0.921875 0.880556 0.917188 0.872222 0.917188 0.869444 0.915625 0.869444 0.9125 0.863889 0.910937 0.863889 0.909375 0.861111 0.909375 0.85 0.35135
0 0.484375 0.872222 0.484375 0.908333 0.489062 0.908333 0.49375 0.916667 0.495313 0.916667 0.496875 0.919444 0.498437 0.919444 0.5 0.922222 0.510938 0.922222 0.5125 0.919444 0.514063 0.919444 0.517187 0.913889 0.526563 0.913889 0.526563 0.872222 0.349606
0 0.490625 0.783333 0.490625 0.858333 0.525 0.858333 0.525 0.833333 0.523438 0.830556 0.523438 0.802778 0.521875 0.8 0.521875 0.783333 0.344337
0 0.748438 0.316667 0.748438 0.327778 0.74375 0.336111 0.742188 0.336111 0.740625 0.338889 0.734375 0.338889 0.732813 0.336111 0.729688 0.336111 0.728125 0.333333 0.703125 0.333333 0.703125 0.361111 0.717188 0.361111 0.71875 0.363889 0.735937 0.363889 0.7375 0.366667 0.739062 0.366667 0.742188 0.372222 0.742188 0.380556 0.75 0.380556 0.75 0.372222 0.751562 0.369444 0.753125 0.369444 0.754687 0.366667 0.767187 0.366667 0.771875 0.358333 0.773438 0.361111 0.775 0.361111 0.776563 0.363889 0.779688 0.363889 0.78125 0.361111 0.789062 0.361111 0.789062 0.336111 0.782812 0.336111 0.779688 0.330556 0.779688 0.327778 0.778125 0.325 0.778125 0.316667 0.343454
0 0.840625 0.705556 0.840625 0.744444 0.845312 0.744444 0.848437 0.75 0.85 0.75 0.854688 0.758333 0.85625 0.758333 0.857813 0.761111 0.8625 0.761111 0.864062 0.763889 0.867188 0.763889 0.86875 0.766667 0.871875 0.766667 0.875 0.772222 0.875 0.780556 0.878125 0.780556 0.878125 0.769444 0.879687 0.766667 0.879687 0.75 0.878125 0.747222 0.878125 0.730556 0.871875 0.719444 0.871875 0.705556 0.343442
0 0.265625 0.516667 0.265625 0.580556 0.285937 0.580556 0.285937 0.572222 0.290625 0.563889 0.290625 0.561111 0.292188 0.558333 0.292188 0.555556 0.296875 0.547222 0.301562 0.547222 0.301562 0.530556 0.296875 0.530556 0.29375 0.525 0.29375 0.516667 0.343429
0 0.940625 0.627778 0.940625 0.677778 0.945312 0.677778 0.948438 0.683333 0.948438 0.686111 0.95 0.688889 0.95 0.691667 0.951563 0.694444 0.951563 0.697222 0.954687 0.702778 0.954687 0.705556 0.957812 0.711111 0.957812 0.713889 0.959375 0.716667 0.960938 0.716667 0.975 0.741667 0.976562 0.741667 0.979688 0.747222 0.979688 0.75 0.98125 0.752778 0.98125 0.755556 0.9875 0.766667 0.9875 0.769444 0.990625 0.775 0.992188 0.775 0.996875 0.783333 0.996875 0.791667 0.998438 0.791667 0.998438 0.722222 0.996875 0.722222 0.99375 0.716667 0.99375 0.713889 0.990625 0.708333 0.990625 0.705556 0.989062 0.702778 0.989062 0.7 0.984375 0.691667 0.984375 0.688889 0.979688 0.680556 0.979688 0.677778 0.978125 0.675 0.978125 0.672222 0.96875 0.655556 0.96875 0.652778 0.965625 0.647222 0.965625 0.644444 0.9625 0.638889 0.9625 0.627778 0.343418
0 0.107813 0.911111 0.107813 0.925 0.126563 0.925 0.126563 0.902778 0.11875 0.902778 0.117188 0.9 0.114063 0.9 0.107813 0.911111 0.101562 0.905556 0.101562 0.9 0.1 0.897222 0.1 0.894444 0.0984375 0.891667 0.0984375 0.883333 0.1 0.880556 0.1 0.877778 0.101562 0.875 0.101562 0.872222 0.103125 0.869444 0.103125 0.866667 0.10625 0.861111 0.107813 0.861111 0.1125 0.852778 0.114063 0.852778 0.115625 0.85 0.115625 0.836111 0.117188 0.833333 0.117188 0.830556 0.120312 0.825 0.126563 0.825 0.126563 0.805556 0.0875 0.805556 0.0875 0.819444 0.0828125 0.827778 0.0828125 0.830556 0.0734375 0.847222 0.071875 0.847222 0.0703125 0.85 0.0671875 0.85 0.065625 0.852778 0.0640625 0.852778 0.0625 0.855556 0.053125 0.855556 0.053125 0.925 0.096875 0.925 0.096875 0.916667 0.0984375 0.913889 0.0984375 0.911111 0.101562 0.905556 0.340009
0 0.346875 0.772222 0.346875 0.858333 0.371875 0.858333 0.371875 0.844444 0.375 0.838889 0.375 0.836111 0.376563 0.833333 0.376563 0.830556 0.378125 0.827778 0.378125 0.819444 0.379687 0.816667 0.379687 0.772222 0.335569
0 0.259375 0.338889 0.259375 0.391667 0.289062 0.391667 0.289062 0.380556 0.292188 0.375 0.292188 0.372222 0.296875 0.363889 0.301562 0.363889 0.304688 0.358333 0.30625 0.358333 0.309375 0.352778 0.310937 0.352778 0.3125 0.35 0.3125 0.338889 0.332776
0 0.498437 0.516667 0.498437 0.525 0.496875 0.527778 0.496875 0.530556 0.495313 0.533333 0.495313 0.55 0.49375 0.552778 0.49375 0.555556 0.492188 0.558333 0.492188 0.561111 0.489062 0.566667 0.484375 0.566667 0.484375 0.636111 0.515625 0.636111 0.515625 0.613889 0.517187 0.611111 0.517187 0.597222 0.51875 0.594444 0.51875 0.591667 0.520312 0.588889 0.520312 0.583333 0.521875 0.580556 0.521875 0.569444 0.523438 0.566667 0.523438 0.563889 0.525 0.561111 0.525 0.555556 0.526563 0.552778 0.532812 0.552778 0.532812 0.538889 0.526563 0.538889 0.523438 0.533333 0.523438 0.530556 0.521875 0.527778 0.521875 0.516667 0.328327
0 0.334375 0.85 0.334375 0.902778 0.342187 0.902778 0.34375 0.9 0.346875 0.9 0.348437 0.902778 0.3625 0.902778 0.364062 0.905556 0.364062 0.913889 0.370313 0.913889 0.370313 0.902778 0.371875 0.9 0.371875 0.875 0.370313 0.872222 0.370313 0.869444 0.371875 0.866667 0.371875 0.85 0.323441
0 0.359375 0.638889 0.359375 0.725 0.395312 0.725 0.395312 0.638889 0.319317
0 0.43125 0.305556 0.43125 0.313889 0.426562 0.322222 0.423438 0.322222 0.421875 0.325 0.420312 0.325 0.41875 0.327778 0.417188 0.327778 0.414062 0.333333 0.409375 0.333333 0.409375 0.355556 0.432813 0.355556 0.434375 0.352778 0.434375 0.35 0.435937 0.347222 0.4375 0.347222 0.439063 0.344444 0.44375 0.344444 0.445312 0.341667 0.448438 0.341667 0.45 0.344444 0.45625 0.344444 0.457812 0.347222 0.459375 0.347222 0.460938 0.35 0.457812 0.355556 0.45625 0.355556 0.454688 0.358333 0.44375 0.358333 0.442187 0.361111 0.442187 0.369444 0.476562 0.369444 0.476562 0.305556 0.457812 0.305556 0.457812 0.316667 0.454688 0.322222 0.453125 0.322222 0.451562 0.325 0.45 0.322222 0.448438 0.322222 0.445312 0.316667 0.445312 0.305556 0.317979
0 0.125 0.605556 0.125 0.616667 0.121875 0.622222 0.115625 0.622222 0.115625 0.669444 0.13125 0.669444 0.13125 0.658333 0.1375 0.647222 0.139062 0.647222 0.140625 0.644444 0.140625 0.641667 0.142188 0.638889 0.14375 0.638889 0.146875 0.633333 0.15 0.633333 0.151562 0.636111 0.159375 0.636111 0.160938 0.633333 0.176563 0.633333 0.176563 0.605556 0.316883
0 0.628125 0.572222 0.628125 0.647222 0.65625 0.647222 0.65625 0.636111 0.657812 0.633333 0.664062 0.633333 0.664062 0.597222 0.659375 0.597222 0.65625 0.591667 0.65625 0.588889 0.654688 0.586111 0.654688 0.572222 0.315216
0 0.190625 0.683333 0.190625 0.691667 0.189063 0.694444 0.1875 0.694444 0.185937 0.697222 0.179688 0.697222 0.178125 0.7 0.171875 0.7 0.170312 0.702778 0.164062 0.702778 0.1625 0.705556 0.160938 0.705556 0.159375 0.708333 0.157813 0.708333 0.153125 0.716667 0.153125 0.719444 0.15 0.725 0.15 0.730556 0.148438 0.733333 0.148438 0.736111 0.146875 0.738889 0.146875 0.744444 0.145313 0.747222 0.145313 0.755556 0.14375 0.758333 0.14375 0.761111 0.142188 0.763889 0.142188 0.772222 0.139062 0.777778 0.134375 0.777778 0.134375 0.858333 0.176563 0.858333 0.176563 0.847222 0.179688 0.841667 0.18125 0.841667 0.184375 0.836111 0.185937 0.838889 0.189063 0.838889 0.192188 0.844444 0.192188 0.858333 0.2 0.858333 0.2 0.85 0.201562 0.847222 0.201562 0.844444 0.203125 0.841667 0.203125 0.838889 0.204688 0.836111 0.204688 0.830556 0.207813 0.825 0.207813 0.816667 0.209375 0.813889 0.209375 0.811111 0.214062 0.802778 0.214062 0.8 0.215625 0.797222 0.215625 0.794444 0.217187 0.791667 0.217187 0.788889 0.221875 0.780556 0.221875 0.772222 0.223438 0.769444 0.223438 0.763889 0.226562 0.758333 0.226562 0.755556 0.228125 0.752778 0.228125 0.747222 0.229687 0.744444 0.229687 0.741667 0.232812 0.736111 0.232812 0.733333 0.234375 0.730556 0.234375 0.719444 0.235938 0.716667 0.235938 0.708333 0.2375 0.705556 0.2375 0.694444 0.239063 0.691667 0.239063 0.683333 0.310902
0 0.746875 0.361111 0.746875 0.425 0.751562 0.425 0.754687 0.430556 0.754687 0.436111 0.75625 0.438889 0.75625 0.444444 0.757812 0.447222 0.757812 0.455556 0.759375 0.458333 0.759375 0.461111 0.760938 0.463889 0.760938 0.466667 0.764063 0.472222 0.764063 0.475 0.76875 0.483333 0.76875 0.486111 0.770312 0.488889 0.770312 0.494444 0.771875 0.497222 0.771875 0.502778 0.776563 0.511111 0.776563 0.525 0.807813 0.525 0.807813 0.494444 0.801562 0.494444 0.796875 0.486111 0.796875 0.480556 0.795313 0.477778 0.795313 0.472222 0.790625 0.463889 0.790625 0.461111 0.785937 0.452778 0.785937 0.447222 0.784375 0.444444 0.784375 0.433333 0.782812 0.430556 0.782812 0.425 0.78125 0.422222 0.78125 0.419444 0.779688 0.416667 0.779688 0.408333 0.778125 0.405556 0.778125 0.397222 0.776563 0.394444 0.776563 0.388889 0.775 0.386111 0.775 0.377778 0.773438 0.375 0.773438 0.372222 0.771875 0.369444 0.771875 0.361111 0.31065
0 0.1 0.772222 0.1 0.780556 0.096875 0.786111 0.090625 0.786111 0.090625 0.836111 0.120312 0.836111 0.120312 0.819444 0.121875 0.816667 0.121875 0.813889 0.128125 0.802778 0.128125 0.8 0.129688 0.797222 0.129688 0.794444 0.13125 0.791667 0.13125 0.788889 0.134375 0.783333 0.139062 0.783333 0.139062 0.772222 0.307856
0 0.634375 0.927778 0.634375 0.997222 0.645312 0.997222 0.646875 0.994444 0.673437 0.994444 0.675 0.991667 0.689062 0.991667 0.689062 0.941667 0.682813 0.941667 0.68125 0.938889 0.68125 0.927778 0.30099
0 0.084375 0.816667 0.084375 0.825 0.0828125 0.827778 0.0828125 0.830556 0.078125 0.838889 0.071875 0.838889 0.071875 0.919444 0.0828125 0.919444 0.084375 0.916667 0.0953125 0.916667 0.096875 0.913889 0.1 0.913889 0.101562 0.911111 0.10625 0.911111 0.107813 0.913889 0.120312 0.913889 0.120312 0.897222 0.114063 0.897222 0.1125 0.9 0.110937 0.9 0.109375 0.902778 0.107813 0.902778 0.104687 0.897222 0.104687 0.894444 0.103125 0.891667 0.104687 0.888889 0.104687 0.886111 0.10625 0.883333 0.10625 0.880556 0.110937 0.872222 0.110937 0.858333 0.1125 0.855556 0.120312 0.855556 0.120312 0.816667 0.297865
0 0.248437 0.65 0.248437 0.663889 0.246875 0.666667 0.246875 0.672222 0.245312 0.675 0.245312 0.680556 0.24375 0.683333 0.24375 0.688889 0.242188 0.691667 0.242188 0.697222 0.239063 0.702778 0.234375 0.702778 0.234375 0.736111 0.239063 0.736111 0.242188 0.730556 0.242188 0.727778 0.24375 0.725 0.245312 0.725 0.246875 0.722222 0.259375 0.722222 0.2625 0.727778 0.260938 0.730556 0.260938 0.733333 0.257812 0.738889 0.257812 0.747222 0.265625 0.747222 0.265625 0.730556 0.270312 0.722222 0.270312 0.719444 0.271875 0.716667 0.271875 0.711111 0.273438 0.708333 0.273438 0.705556 0.276563 0.7 0.276563 0.697222 0.278125 0.694444 0.278125 0.686111 0.279687 0.683333 0.279687 0.65 0.290736
0 0.0828125 0.305556 0.0828125 0.316667 0.08125 0.319444 0.08125 0.327778 0.0796875 0.330556 0.0796875 0.336111 0.078125 0.338889 0.071875 0.338889 0.0703125 0.341667 0.0609375 0.341667 0.059375 0.344444 0.053125 0.344444 0.053125 0.358333 0.10625 0.358333 0.10625 0.341667 0.104687 0.338889 0.104687 0.327778 0.103125 0.325 0.103125 0.322222 0.101562 0.319444 0.101562 0.316667 0.1 0.313889 0.1 0.305556 0.286894
0 0.125 0.605556 0.125 0.616667 0.121875 0.622222 0.115625 0.622222 0.115625 0.666667 0.126563 0.666667 0.14375 0.636111 0.14375 0.605556 0.286113
0 0.484375 0.327778 0.484375 0.369444 0.50625 0.369444 0.50625 0.361111 0.509375 0.355556 0.510938 0.355556 0.5125 0.352778 0.5125 0.35 0.514063 0.347222 0.514063 0.344444 0.515625 0.341667 0.520312 0.341667 0.520312 0.327778 0.28585
0 0.521875 0.327778 0.521875 0.369444 0.540625 0.369444 0.540625 0.358333 0.542188 0.355556 0.54375 0.355556 0.545313 0.352778 0.55 0.352778 0.551562 0.35 0.564062 0.35 0.564062 0.327778 0.285213
0 0.128125 0.338889 0.128125 0.363889 0.142188 0.363889 0.14375 0.366667 0.15 0.366667 0.151562 0.369444 0.165625 0.369444 0.167187 0.366667 0.173438 0.366667 0.176563 0.372222 0.18125 0.372222 0.182812 0.375 0.184375 0.372222 0.185937 0.372222 0.1875 0.369444 0.189063 0.369444 0.192188 0.363889 0.19375 0.363889 0.195312 0.361111 0.201562 0.361111 0.201562 0.338889 0.279037
0 0.203125 0.861111 0.203125 0.933333 0.209375 0.933333 0.2125 0.938889 0.2125 0.947222 0.215625 0.947222 0.215625 0.938889 0.217187 0.936111 0.217187 0.933333 0.21875 0.930556 0.21875 0.927778 0.220313 0.925 0.220313 0.922222 0.221875 0.919444 0.221875 0.916667 0.226562 0.908333 0.226562 0.905556 0.228125 0.902778 0.228125 0.9 0.23125 0.894444 0.23125 0.891667 0.232812 0.888889 0.232812 0.886111 0.234375 0.883333 0.239063 0.883333 0.239063 0.880556 0.234375 0.880556 0.229687 0.872222 0.229687 0.861111 0.277494
0 0.803125 0.616667 0.803125 0.622222 0.801562 0.625 0.801562 0.630556 0.8 0.633333 0.8 0.641667 0.801562 0.644444 0.807813 0.644444 0.807813 0.616667 0.803125 0.616667 0.65 0.438889 0.65 0.436111 0.648438 0.433333 0.648438 0.430556 0.653125 0.419444 0.654688 0.419444 0.65625 0.416667 0.657812 0.416667 0.803125 0.394444 0.751562 0.425 0.75 0.422222 0.75 0.419444 0.748438 0.416667 0.748438 0.411111 0.746875 0.408333 0.746875 0.397222 0.745313 0.394444 0.745313 0.383333 0.740625 0.375 0.7375 0.375 0.734375 0.369444 0.734375 0.361111 0.657812 0.361111 0.657812 0.372222 0.659375 0.375 0.659375 0.377778 0.660937 0.377778 0.664062 0.383333 0.664062 0.386111 0.665625 0.388889 0.665625 0.394444 0.66875 0.4 0.66875 0.411111 0.664062 0.419444 0.6625 0.419444 0.6625 0.425 0.660937 0.427778 0.660937 0.430556 0.657812 0.436111 0.65625 0.436111 0.65625 0.438889 0.657812 0.441667 0.657812 0.447222 0.659375 0.45 0.659375 0.452778 0.660937 0.455556 0.6625 0.455556 0.665625 0.461111 0.665625 0.463889 0.667188 0.466667 0.667188 0.469444 0.66875 0.472222 0.667188 0.475 0.667188 0.497222 0.664062 0.502778 0.664062 0.505556 0.6625 0.508333 0.6625 0.519444 0.660937 0.522222 0.660937 0.538889 0.659375 0.541667 0.659375 0.583333 0.660937 0.586111 0.660937 0.594444 0.6625 0.597222 0.6625 0.602778 0.664062 0.605556 0.664062 0.611111 0.665625 0.613889 0.665625 0.616667 0.667188 0.619444 0.667188 0.622222 0.671875 0.630556 0.673437 0.630556 0.676562 0.636111 0.678125 0.636111 0.679688 0.638889 0.68125 0.638889 0.682813 0.641667 0.685938 0.641667 0.6875 0.644444 0.704687 0.644444 0.70625 0.647222 0.70625 0.65 0.704687 0.652778 0.703125 0.652778 0.701563 0.655556 0.696875 0.655556 0.695312 0.658333 0.695312 0.661111 0.696875 0.663889 0.698438 0.663889 0.701563 0.669444 0.703125 0.669444 0.704687 0.672222 0.70625 0.672222 0.707812 0.675 0.709375 0.675 0.714063 0.683333 0.715625 0.683333 0.717188 0.686111 0.721875 0.686111 0.723437 0.688889 0.73125 0.688889 0.732813 0.686111 0.740625 0.686111 0.742188 0.683333 0.745313 0.683333 0.746875 0.680556 0.751562 0.680556 0.751562 0.677778 0.748438 0.672222 0.75 0.669444 0.753125 0.669444 0.754687 0.666667 0.7625 0.666667 0.764063 0.663889 0.765625 0.663889 0.770312 0.655556 0.770312 0.652778 0.771875 0.65 0.771875 0.644444 0.775 0.638889 0.776563 0.638889 0.776563 0.636111 0.778125 0.633333 0.778125 0.616667 0.776563 0.613889 0.776563 0.616667 0.771875 0.625 0.770312 0.625 0.76875 0.622222 0.76875 0.619444 0.767187 0.616667 0.76875 0.613889 0.76875 0.608333 0.773438 0.6 0.776563 0.6 0.782812 0.588889 0.785937 0.588889 0.7875 0.586111 0.790625 0.586111 0.790625 0.563889 0.789062 0.561111 0.789062 0.558333 0.7875 0.555556 0.7875 0.552778 0.785937 0.55 0.785937 0.547222 0.784375 0.544444 0.784375 0.541667 0.778125 0.530556 0.778125 0.525 0.776563 0.522222 0.776563 0.519444 0.773438 0.513889 0.773438 0.511111 0.771875 0.508333 0.771875 0.505556 0.770312 0.502778 0.770312 0.5 0.76875 0.497222 0.76875 0.494444 0.767187 0.491667 0.767187 0.488889 0.765625 0.486111 0.765625 0.480556 0.764063 0.477778 0.764063 0.475 0.760938 0.469444 0.760938 0.466667 0.757812 0.461111 0.757812 0.458333 0.75625 0.455556 0.75625 0.45 0.754687 0.447222 0.754687 0.444444 0.753125 0.441667 0.753125 0.433333 0.751562 0.430556 0.751562 0.425 0.803125 0.394444 0.807813 0.394444 0.807813 0.391667 0.803125 0.391667 0.803125 0.394444 0.657812 0.416667 0.653125 0.408333 0.653125 0.405556 0.653125 0.408333 0.651563 0.411111 0.651563 0.416667 0.653125 0.419444 0.648438 0.430556 0.646875 0.427778 0.640625 0.427778 0.640625 0.441667 0.646875 0.441667 0.648438 0.438889 0.65 0.438889 0.269461
0 0.490625 0.316667 0.490625 0.380556 0.51875 0.380556 0.51875 0.369444 0.5125 0.358333 0.5125 0.355556 0.514063 0.352778 0.514063 0.344444 0.515625 0.341667 0.515625 0.338889 0.520312 0.330556 0.526563 0.330556 0.526563 0.316667 0.269189
0 0.484375 0.861111 0.484375 0.908333 0.489062 0.908333 0.495313 0.919444 0.498437 0.919444 0.5 0.922222 0.5125 0.922222 0.514063 0.919444 0.515625 0.919444 0.51875 0.913889 0.520312 0.913889 0.520312 0.911111 0.521875 0.908333 0.521875 0.888889 0.523438 0.886111 0.523438 0.883333 0.525 0.880556 0.525 0.877778 0.526563 0.875 0.532812 0.875 0.532812 0.861111 0.266139
0 0.907812 0.936111 0.909375 0.936111 0.910937 0.938889 0.914062 0.938889 0.915625 0.941667 0.934375 0.941667 0.935938 0.944444 0.940625 0.944444 0.94375 0.95 0.94375 0.952778 0.945312 0.955556 0.951563 0.955556 0.951563 0.927778 0.907812 0.927778 0.907812 0.936111 0.903125 0.95 0.898438 0.95 0.896875 0.947222 0.895312 0.947222 0.89375 0.944444 0.892187 0.944444 0.890625 0.941667 0.875 0.941667 0.873438 0.938889 0.86875 0.938889 0.867188 0.936111 0.867188 0.927778 0.846875 0.927778 0.846875 0.994444 0.9 0.994444 0.901563 0.997222 0.909375 0.997222 0.910937 0.994444 0.9375 0.994444 0.939062 0.991667 0.951563 0.991667 0.940625 0.991667 0.934375 0.980556 0.934375 0.977778 0.932813 0.977778 0.93125 0.975 0.929688 0.975 0.926562 0.969444 0.925 0.969444 0.923437 0.966667 0.91875 0.966667 0.917188 0.963889 0.914062 0.963889 0.910937 0.958333 0.909375 0.958333 0.907812 0.955556 0.90625 0.955556 0.903125 0.95 0.265235
0 0.0828125 0.305556 0.0828125 0.316667 0.08125 0.319444 0.08125 0.327778 0.0796875 0.330556 0.0796875 0.333333 0.0765625 0.338889 0.071875 0.338889 0.0703125 0.341667 0.0609375 0.341667 0.059375 0.344444 0.053125 0.344444 0.053125 0.366667 0.0578125 0.366667 0.059375 0.369444 0.0625 0.369444 0.0640625 0.372222 0.06875 0.372222 0.0703125 0.375 0.075 0.375 0.0765625 0.377778 0.078125 0.377778 0.0796875 0.380556 0.0796875 0.391667 0.114063 0.391667 0.114063 0.363889 0.109375 0.363889 0.10625 0.358333 0.10625 0.344444 0.104687 0.341667 0.104687 0.330556 0.103125 0.327778 0.103125 0.322222 0.1 0.316667 0.1 0.305556 0.264496
0 0.521875 0.316667 0.521875 0.358333 0.589063 0.358333 0.589063 0.316667 0.535937 0.316667 0.535937 0.325 0.534375 0.327778 0.532812 0.325 0.532812 0.316667 0.26276
0 0.903125 0.494444 0.903125 0.538889 0.909375 0.538889 0.910937 0.541667 0.910937 0.544444 0.9125 0.547222 0.9125 0.552778 0.914062 0.555556 0.914062 0.558333 0.915625 0.561111 0.915625 0.563889 0.917188 0.566667 0.917188 0.572222 0.91875 0.575 0.91875 0.577778 0.921875 0.583333 0.921875 0.586111 0.923437 0.588889 0.923437 0.591667 0.925 0.594444 0.925 0.6 0.926562 0.602778 0.926562 0.605556 0.929688 0.611111 0.929688 0.625 0.951563 0.625 0.951563 0.563889 0.946875 0.563889 0.942187 0.555556 0.942187 0.552778 0.940625 0.55 0.940625 0.544444 0.939062 0.541667 0.939062 0.538889 0.9375 0.536111 0.9375 0.533333 0.935938 0.530556 0.935938 0.525 0.934375 0.522222 0.934375 0.516667 0.932813 0.513889 0.932813 0.511111 0.93125 0.508333 0.93125 0.494444 0.255543
0 0.646875 0.327778 0.646875 0.369444 0.695312 0.369444 0.695312 0.361111 0.698438 0.355556 0.7 0.355556 0.701563 0.352778 0.704687 0.352778 0.70625 0.35 0.710938 0.35 0.715625 0.358333 0.715625 0.369444 0.729688 0.369444 0.729688 0.361111 0.73125 0.358333 0.73125 0.355556 0.734375 0.35 0.734375 0.347222 0.735937 0.344444 0.735937 0.327778 0.250727
