0 0.084375 0.520833 0.084375 0.527083 0.08125 0.53125 0.0796875 0.53125 0.078125 0.533333 0.071875 0.533333 0.071875 0.575 0.078125 0.575 0.084375 0.583333 0.0921875 0.583333 0.0984375 0.575 0.1 0.575 0.101562 0.572917 0.103125 0.572917 0.104687 0.570833 0.10625 0.570833 0.107813 0.56875 0.109375 0.56875 0.110937 0.566667 0.114063 0.566667 0.115625 0.564583 0.11875 0.564583 0.120312 0.5625 0.121875 0.5625 0.123438 0.560417 0.125 0.560417 0.13125 0.552083 0.13125 0.55 0.134375 0.545833 0.139063 0.545833 0.139063 0.54375 0.134375 0.54375 0.132812 0.541667 0.132812 0.5375 0.13125 0.535417 0.13125 0.53125 0.129688 0.529167 0.129688 0.520833 0.885126
0 0.653125 0.554167 0.653125 0.575 0.657813 0.575 0.660937 0.579167 0.659375 0.58125 0.659375 0.5875 0.660937 0.589583 0.660937 0.591667 0.6625 0.59375 0.6625 0.595833 0.660937 0.597917 0.653125 0.597917 0.653125 0.629167 0.660937 0.629167 0.6625 0.627083 0.664062 0.627083 0.664062 0.6125 0.6625 0.610417 0.665625 0.60625 0.667187 0.608333 0.667187 0.610417 0.66875 0.610417 0.673438 0.616667 0.673438 0.61875 0.676562 0.622917 0.678125 0.622917 0.679688 0.625 0.68125 0.625 0.685937 0.63125 0.6875 0.63125 0.689063 0.633333 0.690625 0.633333 0.692187 0.635417 0.69375 0.635417 0.695312 0.6375 0.715625 0.6375 0.717188 0.635417 0.720312 0.635417 0.721875 0.633333 0.725 0.633333 0.726562 0.63125 0.728125 0.63125 0.734375 0.622917 0.739062 0.622917 0.739062 0.595833 0.732813 0.595833 0.728125 0.589583 0.725 0.589583 0.723437 0.5875 0.721875 0.5875 0.720312 0.585417 0.721875 0.583333 0.721875 0.577083 0.720312 0.577083 0.715625 0.570833 0.715625 0.56875 0.714062 0.56875 0.709375 0.5625 0.709375 0.554167 0.880244
0 0.928125 0.554167 0.928125 0.5875 0.932813 0.5875 0.94375 0.602083 0.94375 0.604167 0.946875 0.608333 0.948438 0.608333 0.95 0.610417 0.953125 0.610417 0.954687 0.608333 0.967188 0.608333 0.970312 0.6125 0.970312 0.61875 0.99375 0.61875 0.99375 0.610417 0.995313 0.608333 0.995313 0.60625 0.996875 0.604167 0.998438 0.604167 0.998438 0.602083 0.996875 0.602083 0.99375 0.597917 0.99375 0.595833 0.992188 0.59375 0.992188 0.591667 0.990625 0.589583 0.990625 0.5875 0.989062 0.585417 0.9875 0.585417 0.984375 0.58125 0.984375 0.579167 0.982813 0.577083 0.982813 0.572917 0.98125 0.570833 0.98125 0.56875 0.979688 0.566667 0.979688 0.5625 0.978125 0.560417 0.978125 0.554167 0.841894
0 0.89375 0.420833 0.89375 0.427083 0.890625 0.43125 0.884375 0.43125 0.884375 0.458333 0.892187 0.458333 0.89375 0.460417 0.898438 0.460417 0.9 0.4625 0.903125 0.4625 0.904688 0.464583 0.907812 0.464583 0.909375 0.466667 0.914062 0.466667 0.915625 0.46875 0.917188 0.466667 0.940625 0.466667 0.942187 0.464583 0.946875 0.464583 0.948438 0.4625 0.948438 0.45625 0.95 0.454167 0.95 0.452083 0.948438 0.45 0.948438 0.44375 0.942187 0.435417 0.940625 0.435417 0.939062 0.433333 0.9375 0.433333 0.935938 0.43125 0.934375 0.43125 0.93125 0.427083 0.93125 0.420833 0.835446
0 0.596875 0.5375 0.596875 0.622917 0.601562 0.622917 0.60625 0.629167 0.60625 0.635417 0.621875 0.635417 0.621875 0.629167 0.623437 0.627083 0.6375 0.627083 0.639062 0.629167 0.639062 0.635417 0.665625 0.635417 0.665625 0.627083 0.667187 0.625 0.667187 0.622917 0.66875 0.620833 0.66875 0.61875 0.667187 0.616667 0.667187 0.610417 0.665625 0.608333 0.665625 0.60625 0.6625 0.602083 0.6625 0.6 0.660937 0.597917 0.660937 0.595833 0.659375 0.59375 0.659375 0.589583 0.657813 0.5875 0.657813 0.583333 0.65625 0.58125 0.65625 0.577083 0.654687 0.575 0.654687 0.572917 0.653125 0.570833 0.653125 0.564583 0.65 0.560417 0.65 0.558333 0.646875 0.554167 0.64375 0.554167 0.642188 0.552083 0.6375 0.552083 0.632812 0.545833 0.632812 0.5375 0.821415
0 0.229687 0.595833 0.229687 0.602083 0.228125 0.604167 0.221875 0.604167 0.221875 0.635417 0.226562 0.635417 0.234375 0.645833 0.235938 0.645833 0.246875 0.660417 0.248437 0.660417 0.25 0.6625 0.25 0.66875 0.257812 0.66875 0.257812 0.6625 0.259375 0.660417 0.260937 0.660417 0.2625 0.658333 0.267188 0.658333 0.26875 0.65625 0.273438 0.65625 0.275 0.654167 0.278125 0.654167 0.279687 0.652083 0.28125 0.652083 0.282813 0.65 0.284375 0.65 0.303125 0.625 0.307812 0.625 0.307812 0.6125 0.303125 0.6125 0.295312 0.602083 0.295312 0.595833 0.806064
0 0.407813 0.5875 0.407813 0.59375 0.403125 0.6 0.401563 0.6 0.396875 0.60625 0.390625 0.60625 0.390625 0.6375 0.396875 0.6375 0.403125 0.645833 0.404687 0.645833 0.407813 0.65 0.409375 0.65 0.4125 0.654167 0.4125 0.660417 0.425 0.660417 0.425 0.654167 0.426562 0.652083 0.428125 0.652083 0.429688 0.65 0.43125 0.65 0.432813 0.647917 0.435937 0.647917 0.439063 0.64375 0.439063 0.635417 0.4375 0.633333 0.4375 0.625 0.439063 0.622917 0.445312 0.622917 0.445312 0.5875 0.796061
0 0.365625 0.554167 0.365625 0.589583 0.370313 0.589583 0.371875 0.591667 0.373437 0.591667 0.376563 0.595833 0.378125 0.595833 0.38125 0.6 0.382812 0.6 0.385938 0.604167 0.385938 0.610417 0.396875 0.610417 0.396875 0.602083 0.398438 0.6 0.4 0.6 0.401563 0.597917 0.403125 0.597917 0.409375 0.589583 0.414062 0.589583 0.414062 0.585417 0.409375 0.585417 0.40625 0.58125 0.40625 0.579167 0.401563 0.572917 0.4 0.572917 0.398438 0.570833 0.396875 0.570833 0.395312 0.56875 0.39375 0.56875 0.3875 0.560417 0.3875 0.554167 0.784568
0 0.870313 0.560417 0.871875 0.5625 0.876562 0.5625 0.876562 0.554167 0.870313 0.554167 0.870313 0.560417 0.864062 0.566667 0.8625 0.564583 0.8625 0.5625 0.860937 0.560417 0.860937 0.554167 0.809375 0.554167 0.809375 0.59375 0.815625 0.59375 0.817187 0.595833 0.840625 0.595833 0.842188 0.597917 0.857813 0.597917 0.859375 0.6 0.860937 0.6 0.864062 0.604167 0.864062 0.610417 0.876562 0.610417 0.876562 0.589583 0.871875 0.589583 0.86875 0.585417 0.86875 0.583333 0.865625 0.579167 0.865625 0.570833 0.864062 0.56875 0.864062 0.566667 0.772663
0 0.365625 0.620833 0.365625 0.627083 0.360938 0.633333 0.357812 0.633333 0.35625 0.635417 0.35 0.635417 0.348438 0.6375 0.339062 0.6375 0.3375 0.639583 0.332813 0.639583 0.33125 0.641667 0.329687 0.641667 0.326562 0.645833 0.315625 0.645833 0.315625 0.666667 0.320312 0.666667 0.325 0.672917 0.326562 0.672917 0.328125 0.675 0.329687 0.675 0.33125 0.677083 0.332813 0.677083 0.334375 0.679167 0.342187 0.679167 0.34375 0.68125 0.35625 0.68125 0.360938 0.675 0.360938 0.672917 0.371875 0.658333 0.371875 0.65625 0.38125 0.64375 0.38125 0.641667 0.385938 0.635417 0.385938 0.633333 0.384375 0.63125 0.384375 0.620833 0.763668
0 0.859375 0.554167 0.859375 0.575 0.864062 0.575 0.86875 0.58125 0.86875 0.583333 0.870313 0.585417 0.870313 0.5875 0.871875 0.589583 0.871875 0.59375 0.873438 0.595833 0.873438 0.602083 0.875 0.604167 0.876562 0.604167 0.878125 0.60625 0.885938 0.60625 0.8875 0.608333 0.892187 0.608333 0.89375 0.60625 0.896875 0.60625 0.898438 0.608333 0.907812 0.608333 0.909375 0.610417 0.910937 0.610417 0.9125 0.6125 0.9125 0.61875 0.94375 0.61875 0.94375 0.610417 0.942187 0.608333 0.942187 0.60625 0.940625 0.604167 0.940625 0.602083 0.939062 0.6 0.9375 0.6 0.935938 0.597917 0.934375 0.597917 0.932813 0.595833 0.932813 0.5875 0.93125 0.5875 0.928125 0.583333 0.928125 0.579167 0.926562 0.577083 0.926562 0.566667 0.925 0.566667 0.923437 0.564583 0.921875 0.564583 0.920313 0.5625 0.917188 0.5625 0.915625 0.560417 0.915625 0.554167 0.756208
0 0.248437 0.6625 0.246875 0.664583 0.245312 0.664583 0.2375 0.675 0.235938 0.675 0.228125 0.685417 0.221875 0.685417 0.221875 0.7125 0.242188 0.7125 0.24375 0.714583 0.245312 0.714583 0.248437 0.71875 0.248437 0.727083 0.259375 0.727083 0.259375 0.720833 0.25625 0.720833 0.254688 0.71875 0.248437 0.71875 0.246875 0.716667 0.246875 0.7125 0.25 0.708333 0.25625 0.708333 0.257812 0.70625 0.271875 0.70625 0.273438 0.708333 0.278125 0.708333 0.282813 0.714583 0.282813 0.716667 0.285938 0.720833 0.285938 0.727083 0.298438 0.727083 0.298438 0.71875 0.304688 0.710417 0.304688 0.702083 0.30625 0.7 0.30625 0.695833 0.307812 0.69375 0.307812 0.691667 0.309375 0.689583 0.309375 0.6875 0.310937 0.685417 0.310937 0.68125 0.3125 0.679167 0.3125 0.666667 0.314062 0.664583 0.314062 0.6625 0.315625 0.660417 0.320312 0.660417 0.320312 0.641667 0.315625 0.641667 0.3125 0.6375 0.3125 0.629167 0.29375 0.629167 0.29375 0.6375 0.285938 0.647917 0.284375 0.647917 0.28125 0.652083 0.279687 0.652083 0.278125 0.654167 0.275 0.654167 0.273438 0.65625 0.270313 0.65625 0.26875 0.658333 0.264062 0.658333 0.2625 0.660417 0.259375 0.660417 0.257812 0.6625 0.248437 0.6625 0.239063 0.641667 0.240625 0.639583 0.240625 0.6375 0.242188 0.635417 0.242188 0.629167 0.229687 0.629167 0.229687 0.639583 0.23125 0.641667 0.239063 0.641667 0.755147
0 0.665625 0.5125 0.665625 0.560417 0.670312 0.560417 0.670312 0.554167 0.673438 0.55 0.682812 0.55 0.684375 0.552083 0.6875 0.552083 0.689063 0.554167 0.689063 0.560417 0.710938 0.560417 0.710938 0.554167 0.7125 0.552083 0.7125 0.541667 0.710938 0.539583 0.710938 0.535417 0.70625 0.529167 0.70625 0.527083 0.703125 0.522917 0.701562 0.522917 0.7 0.520833 0.7 0.5125 0.754944
0 0.332813 0.570833 0.332813 0.577083 0.328125 0.583333 0.326562 0.583333 0.315625 0.597917 0.309375 0.597917 0.309375 0.627083 0.315625 0.627083 0.320312 0.633333 0.321875 0.633333 0.323437 0.63125 0.328125 0.63125 0.329687 0.633333 0.332813 0.633333 0.334375 0.635417 0.3375 0.635417 0.339062 0.6375 0.339062 0.64375 0.342187 0.64375 0.342187 0.6375 0.34375 0.635417 0.346875 0.635417 0.348438 0.633333 0.354687 0.633333 0.35625 0.63125 0.360938 0.63125 0.3625 0.629167 0.365625 0.629167 0.36875 0.625 0.370313 0.625 0.371875 0.622917 0.375 0.622917 0.376563 0.620833 0.38125 0.620833 0.3875 0.6125 0.3875 0.610417 0.38125 0.602083 0.379687 0.602083 0.373437 0.59375 0.371875 0.59375 0.370313 0.591667 0.36875 0.591667 0.367188 0.589583 0.367188 0.5875 0.365625 0.585417 0.365625 0.583333 0.364062 0.58125 0.364062 0.570833 0.735762
0 0.040625 0.445833 0.040625 0.452083 0.0375 0.45625 0.0359375 0.45625 0.034375 0.458333 0.0328125 0.458333 0.03125 0.460417 0.028125 0.460417 0.0265625 0.4625 0.015625 0.4625 0.015625 0.477083 0.0203125 0.477083 0.021875 0.479167 0.0515625 0.479167 0.0546875 0.475 0.05625 0.475 0.0578125 0.472917 0.0609375 0.472917 0.0625 0.470833 0.0640625 0.470833 0.065625 0.46875 0.0671875 0.46875 0.06875 0.466667 0.0703125 0.466667 0.0734375 0.4625 0.0734375 0.458333 0.071875 0.45625 0.071875 0.445833 0.710435
0 0.628125 0.5125 0.628125 0.545833 0.635937 0.545833 0.6375 0.547917 0.639062 0.547917 0.640625 0.55 0.648438 0.55 0.65 0.547917 0.657813 0.547917 0.659375 0.55 0.660937 0.55 0.6625 0.552083 0.665625 0.552083 0.670312 0.545833 0.670312 0.54375 0.66875 0.541667 0.66875 0.533333 0.667187 0.53125 0.667187 0.5125 0.710388
0 0.623437 0.4625 0.623437 0.46875 0.620312 0.472917 0.61875 0.472917 0.610938 0.483333 0.609375 0.483333 0.607812 0.485417 0.603125 0.485417 0.603125 0.51875 0.625 0.51875 0.625 0.510417 0.626563 0.508333 0.628125 0.508333 0.629687 0.50625 0.632812 0.50625 0.634375 0.504167 0.646875 0.504167 0.648438 0.50625 0.659375 0.50625 0.660937 0.508333 0.679688 0.508333 0.68125 0.50625 0.682812 0.50625 0.684375 0.504167 0.689063 0.504167 0.689063 0.479167 0.684375 0.479167 0.682812 0.477083 0.68125 0.477083 0.679688 0.475 0.678125 0.475 0.676562 0.472917 0.670312 0.472917 0.66875 0.470833 0.665625 0.470833 0.664062 0.46875 0.664062 0.4625 0.705353
0 0.410937 0.579167 0.410937 0.585417 0.407813 0.589583 0.403125 0.589583 0.403125 0.597917 0.407813 0.597917 0.410937 0.602083 0.4125 0.602083 0.41875 0.610417 0.420312 0.610417 0.421875 0.6125 0.423438 0.6125 0.428125 0.61875 0.428125 0.620833 0.429688 0.620833 0.43125 0.622917 0.43125 0.625 0.432813 0.627083 0.432813 0.635417 0.439063 0.635417 0.439063 0.629167 0.440625 0.627083 0.440625 0.622917 0.442187 0.620833 0.442187 0.614583 0.446875 0.608333 0.451562 0.608333 0.451562 0.579167 0.703081
0 0.38125 0.6375 0.38125 0.645833 0.371875 0.658333 0.371875 0.660417 0.365625 0.66875 0.359375 0.66875 0.359375 0.69375 0.378125 0.69375 0.378125 0.6875 0.38125 0.683333 0.385938 0.683333 0.3875 0.68125 0.417188 0.68125 0.41875 0.679167 0.41875 0.66875 0.421875 0.664583 0.426562 0.664583 0.426562 0.6625 0.421875 0.6625 0.420312 0.660417 0.415625 0.660417 0.409375 0.652083 0.407813 0.652083 0.40625 0.65 0.404687 0.65 0.401563 0.645833 0.401563 0.6375 0.699191
0 0.840625 0.5125 0.840625 0.527083 0.848437 0.527083 0.854688 0.535417 0.854688 0.5375 0.857813 0.541667 0.857813 0.54375 0.859375 0.545833 0.859375 0.547917 0.860937 0.55 0.860937 0.552083 0.865625 0.558333 0.879687 0.558333 0.88125 0.55625 0.8875 0.55625 0.889063 0.558333 0.890625 0.558333 0.892187 0.55625 0.89375 0.55625 0.895312 0.554167 0.895312 0.55 0.89375 0.547917 0.89375 0.541667 0.892187 0.539583 0.892187 0.5375 0.890625 0.535417 0.890625 0.533333 0.889063 0.53125 0.889063 0.529167 0.882812 0.520833 0.882812 0.5125 0.690843
0 0.809375 0.4625 0.809375 0.491667 0.814062 0.491667 0.817187 0.495833 0.817187 0.5 0.823438 0.508333 0.825 0.508333 0.826563 0.510417 0.826563 0.51875 0.84375 0.51875 0.84375 0.5125 0.846875 0.508333 0.851562 0.508333 0.853125 0.50625 0.854688 0.50625 0.85625 0.504167 0.85625 0.491667 0.853125 0.4875 0.853125 0.485417 0.851562 0.483333 0.851562 0.479167 0.84375 0.46875 0.84375 0.4625 0.686035
0 0.03125 0.504167 0.03125 0.510417 0.028125 0.514583 0.025 0.514583 0.0140625 0.529167 0.009375 0.529167 0.009375 0.55625 0.0140625 0.55625 0.01875 0.5625 0.01875 0.56875 0.0421875 0.56875 0.0421875 0.5625 0.04375 0.560417 0.046875 0.560417 0.0484375 0.558333 0.053125 0.558333 0.059375 0.55 0.059375 0.547917 0.0609375 0.545833 0.0609375 0.54375 0.0625 0.541667 0.0625 0.527083 0.0609375 0.525 0.0609375 0.522917 0.059375 0.520833 0.059375 0.514583 0.0578125 0.5125 0.0578125 0.504167 0.678246
0 0.654687 0.429167 0.654687 0.4375 0.653125 0.439583 0.646875 0.439583 0.646875 0.464583 0.654687 0.464583 0.65625 0.466667 0.659375 0.466667 0.660937 0.46875 0.66875 0.46875 0.670312 0.470833 0.675 0.470833 0.676562 0.472917 0.678125 0.472917 0.679688 0.475 0.682812 0.475 0.685937 0.479167 0.685937 0.485417 0.696875 0.485417 0.696875 0.477083 0.698437 0.475 0.698437 0.44375 0.696875 0.441667 0.696875 0.439583 0.695312 0.4375 0.695312 0.429167 0.67785
0 0.953125 0.5125 0.953125 0.541667 0.959375 0.541667 0.960938 0.54375 0.960938 0.547917 0.964063 0.552083 0.965625 0.552083 0.967188 0.554167 0.975 0.554167 0.976562 0.55625 0.9875 0.55625 0.989062 0.554167 0.992188 0.554167 0.99375 0.552083 0.998438 0.552083 0.998438 0.525 0.996875 0.525 0.995313 0.522917 0.99375 0.522917 0.990625 0.51875 0.990625 0.5125 0.6649
0 0.8 0.420833 0.8 0.429167 0.796875 0.433333 0.79375 0.433333 0.792188 0.435417 0.784375 0.435417 0.784375 0.45625 0.792188 0.45625 0.79375 0.454167 0.804688 0.454167 0.80625 0.45625 0.8125 0.45625 0.814062 0.458333 0.820312 0.458333 0.821875 0.460417 0.839063 0.460417 0.840625 0.458333 0.842188 0.458333 0.84375 0.45625 0.845312 0.45625 0.846875 0.454167 0.857813 0.454167 0.857813 0.445833 0.853125 0.445833 0.842188 0.43125 0.840625 0.43125 0.839063 0.429167 0.839063 0.420833 0.6543
0 0.446875 0.579167 0.446875 0.652083 0.45625 0.652083 0.45625 0.645833 0.459375 0.641667 0.460938 0.641667 0.4625 0.639583 0.465625 0.639583 0.46875 0.635417 0.470313 0.635417 0.476562 0.627083 0.478125 0.627083 0.479688 0.625 0.48125 0.625 0.482812 0.622917 0.485938 0.622917 0.4875 0.620833 0.489062 0.620833 0.49375 0.614583 0.495313 0.614583 0.496875 0.6125 0.501563 0.6125 0.501563 0.597917 0.496875 0.597917 0.490625 0.589583 0.490625 0.5875 0.489062 0.585417 0.489062 0.579167 0.651043
0 0.721875 0.345833 0.721875 0.36875 0.728125 0.36875 0.73125 0.372917 0.73125 0.375 0.732813 0.377083 0.735937 0.377083 0.7375 0.379167 0.739062 0.379167 0.740625 0.38125 0.742188 0.38125 0.745313 0.385417 0.745313 0.3875 0.748438 0.3875 0.753125 0.39375 0.753125 0.402083 0.757812 0.402083 0.757812 0.395833 0.759375 0.39375 0.759375 0.391667 0.760938 0.389583 0.7625 0.389583 0.765625 0.385417 0.765625 0.383333 0.76875 0.379167 0.770312 0.379167 0.771875 0.377083 0.776563 0.377083 0.776563 0.366667 0.770312 0.366667 0.76875 0.364583 0.76875 0.3625 0.764063 0.35625 0.7625 0.35625 0.759375 0.352083 0.759375 0.345833 0.646891
0 0.590625 0.629167 0.590625 0.6875 0.6 0.6875 0.601562 0.689583 0.6125 0.689583 0.614062 0.691667 0.615625 0.689583 0.628125 0.689583 0.629687 0.6875 0.65625 0.6875 0.657813 0.685417 0.659375 0.685417 0.660937 0.683333 0.6625 0.683333 0.664062 0.68125 0.665625 0.68125 0.671875 0.672917 0.676562 0.672917 0.676562 0.645833 0.671875 0.645833 0.66875 0.641667 0.66875 0.639583 0.665625 0.635417 0.665625 0.629167 0.642271
0 0.728125 0.554167 0.728125 0.572917 0.732813 0.572917 0.734375 0.575 0.734375 0.577083 0.7375 0.58125 0.740625 0.58125 0.742188 0.583333 0.74375 0.583333 0.745313 0.585417 0.746875 0.585417 0.753125 0.59375 0.753125 0.595833 0.75625 0.6 0.75625 0.602083 0.757812 0.604167 0.760938 0.604167 0.7625 0.60625 0.773438 0.60625 0.775 0.604167 0.78125 0.604167 0.782812 0.602083 0.784375 0.602083 0.785937 0.6 0.789062 0.6 0.790625 0.597917 0.792188 0.597917 0.79375 0.595833 0.8 0.595833 0.801562 0.59375 0.820312 0.59375 0.820312 0.56875 0.814062 0.56875 0.807813 0.560417 0.807813 0.554167 0.798437 0.554167 0.798437 0.560417 0.795313 0.564583 0.785937 0.564583 0.784375 0.5625 0.782812 0.5625 0.78125 0.560417 0.78125 0.554167 0.601597
0 0.484375 0.520833 0.484375 0.55625 0.495313 0.55625 0.496875 0.558333 0.501563 0.558333 0.503125 0.560417 0.50625 0.560417 0.507812 0.5625 0.507812 0.56875 0.509375 0.56875 0.509375 0.5625 0.510938 0.560417 0.514062 0.560417 0.515625 0.558333 0.525 0.558333 0.526563 0.55625 0.53125 0.55625 0.532813 0.554167 0.534375 0.554167 0.535937 0.552083 0.5375 0.552083 0.539062 0.55 0.540625 0.55 0.54375 0.545833 0.54375 0.535417 0.540625 0.53125 0.540625 0.529167 0.539062 0.527083 0.539062 0.520833 0.598934
0 0.5125 0.6625 0.5125 0.68125 0.509375 0.685417 0.507812 0.685417 0.504687 0.689583 0.496875 0.689583 0.496875 0.716667 0.503125 0.716667 0.50625 0.720833 0.50625 0.727083 0.529687 0.727083 0.529687 0.71875 0.532813 0.714583 0.534375 0.714583 0.535937 0.7125 0.5375 0.7125 0.539062 0.710417 0.540625 0.710417 0.54375 0.70625 0.548438 0.70625 0.55 0.704167 0.554688 0.704167 0.55625 0.702083 0.560937 0.702083 0.5625 0.7 0.564063 0.7 0.565625 0.697917 0.56875 0.697917 0.570312 0.695833 0.571875 0.695833 0.573438 0.69375 0.575 0.69375 0.576562 0.691667 0.578125 0.691667 0.58125 0.6875 0.584375 0.6875 0.585938 0.685417 0.585938 0.675 0.582812 0.670833 0.582812 0.6625 0.58184
0 0.910937 0.479167 0.910937 0.485417 0.90625 0.491667 0.904688 0.491667 0.903125 0.49375 0.896875 0.49375 0.896875 0.502083 0.901563 0.502083 0.903125 0.504167 0.9125 0.504167 0.914062 0.50625 0.917188 0.50625 0.921875 0.5125 0.928125 0.5125 0.929688 0.514583 0.946875 0.514583 0.948438 0.5125 0.951563 0.5125 0.953125 0.510417 0.954687 0.510417 0.95625 0.508333 0.95625 0.50625 0.959375 0.502083 0.964063 0.502083 0.965625 0.504167 0.967188 0.504167 0.971875 0.510417 0.976562 0.510417 0.976562 0.49375 0.960938 0.49375 0.959375 0.495833 0.957812 0.49375 0.95625 0.49375 0.95 0.485417 0.95 0.479167 0.557508
0 0.859375 0.395833 0.859375 0.41875 0.867188 0.41875 0.870313 0.422917 0.871875 0.422917 0.873438 0.425 0.875 0.425 0.876562 0.427083 0.876562 0.435417 0.890625 0.435417 0.890625 0.429167 0.89375 0.425 0.895312 0.425 0.896875 0.422917 0.903125 0.422917 0.90625 0.427083 0.90625 0.435417 0.920313 0.435417 0.920313 0.395833 0.556417
0 0.834375 0.4125 0.834375 0.427083 0.840625 0.427083 0.842188 0.429167 0.84375 0.429167 0.85625 0.445833 0.85625 0.447917 0.857813 0.45 0.870313 0.45 0.873438 0.454167 0.873438 0.460417 0.879687 0.460417 0.879687 0.452083 0.882812 0.447917 0.882812 0.445833 0.884375 0.44375 0.889063 0.44375 0.889063 0.4375 0.884375 0.4375 0.882812 0.435417 0.88125 0.435417 0.879687 0.433333 0.878125 0.433333 0.875 0.429167 0.873438 0.429167 0.871875 0.427083 0.870313 0.427083 0.86875 0.425 0.867188 0.425 0.864062 0.420833 0.864062 0.4125 0.54755
0 0.20625 0.495833 0.20625 0.510417 0.204688 0.5125 0.204688 0.514583 0.203125 0.516667 0.203125 0.51875 0.201562 0.520833 0.201562 0.522917 0.2 0.525 0.2 0.529167 0.196875 0.533333 0.196875 0.535417 0.19375 0.539583 0.19375 0.541667 0.190625 0.545833 0.184375 0.545833 0.184375 0.585417 0.214062 0.585417 0.214062 0.579167 0.217187 0.575 0.220313 0.575 0.221875 0.572917 0.223438 0.572917 0.225 0.570833 0.226562 0.570833 0.228125 0.56875 0.229687 0.56875 0.232812 0.564583 0.234375 0.564583 0.235938 0.5625 0.2375 0.5625 0.245312 0.552083 0.246875 0.552083 0.248437 0.55 0.25 0.55 0.251563 0.547917 0.254688 0.547917 0.25625 0.545833 0.259375 0.545833 0.264062 0.539583 0.270313 0.539583 0.270313 0.533333 0.2625 0.533333 0.260937 0.53125 0.259375 0.53125 0.257812 0.529167 0.25625 0.529167 0.254688 0.527083 0.254688 0.525 0.253125 0.522917 0.253125 0.51875 0.254688 0.516667 0.254688 0.508333 0.25625 0.50625 0.25625 0.495833 0.544371
0 0.446875 0.5875 0.446875 0.6 0.445312 0.602083 0.440625 0.602083 0.440625 0.652083 0.457812 0.652083 0.457812 0.645833 0.4625 0.639583 0.465625 0.639583 0.467187 0.6375 0.46875 0.6375 0.475 0.629167 0.478125 0.629167 0.479688 0.627083 0.48125 0.627083 0.482812 0.625 0.484375 0.625 0.485938 0.622917 0.4875 0.622917 0.489062 0.620833 0.490625 0.620833 0.495313 0.614583 0.501563 0.614583 0.501563 0.597917 0.496875 0.597917 0.49375 0.59375 0.49375 0.5875 0.544329
0 0.590625 0.3625 0.590625 0.391667 0.596875 0.391667 0.598437 0.39375 0.6 0.39375 0.601562 0.395833 0.604688 0.395833 0.607812 0.4 0.6125 0.4 0.614062 0.397917 0.617188 0.397917 0.61875 0.395833 0.623437 0.395833 0.625 0.397917 0.629687 0.397917 0.63125 0.4 0.634375 0.4 0.634375 0.395833 0.635937 0.39375 0.635937 0.385417 0.634375 0.383333 0.634375 0.379167 0.629687 0.372917 0.629687 0.370833 0.628125 0.36875 0.628125 0.3625 0.531707
0 0.984375 0.554167 0.984375 0.585417 0.989062 0.585417 0.990625 0.5875 0.992188 0.5875 0.995313 0.591667 0.995313 0.59375 0.996875 0.595833 0.996875 0.602083 0.998438 0.602083 0.998438 0.554167 0.51799
0 0.546875 0.445833 0.546875 0.504167 0.553125 0.504167 0.554688 0.50625 0.557813 0.50625 0.559375 0.508333 0.575 0.508333 0.576562 0.50625 0.579688 0.50625 0.58125 0.504167 0.584375 0.504167 0.585938 0.502083 0.5875 0.502083 0.589063 0.5 0.590625 0.5 0.598437 0.489583 0.6 0.489583 0.601562 0.4875 0.603125 0.4875 0.603125 0.485417 0.60625 0.48125 0.60625 0.479167 0.607812 0.477083 0.607812 0.475 0.60625 0.472917 0.60625 0.46875 0.601562 0.4625 0.601562 0.460417 0.595313 0.452083 0.595313 0.445833 0.510543
0 0.495313 0.554167 0.495313 0.560417 0.49375 0.5625 0.484375 0.5625 0.484375 0.585417 0.489062 0.585417 0.496875 0.595833 0.496875 0.597917 0.501563 0.604167 0.501563 0.610417 0.53125 0.610417 0.53125 0.602083 0.542188 0.5875 0.542188 0.583333 0.54375 0.58125 0.54375 0.566667 0.542188 0.564583 0.542188 0.554167 0.503358
0 0.953125 0.345833 0.953125 0.366667 0.96875 0.366667 0.970312 0.364583 0.99375 0.364583 0.995313 0.3625 0.998438 0.3625 0.998438 0.345833 0.499374
0 0.51875 0.420833 0.517188 0.420833 0.515625 0.41875 0.50625 0.41875 0.504687 0.420833 0.496875 0.420833 0.496875 0.427083 0.51875 0.427083 0.51875 0.420833 0.53125 0.395833 0.532813 0.395833 0.542188 0.408333 0.54375 0.408333 0.546875 0.4125 0.546875 0.41875 0.548438 0.420833 0.548438 0.427083 0.576562 0.427083 0.576562 0.41875 0.578125 0.416667 0.579688 0.41875 0.579688 0.427083 0.595313 0.427083 0.595313 0.3625 0.496875 0.3625 0.496875 0.372917 0.503125 0.372917 0.507812 0.379167 0.509375 0.379167 0.510938 0.38125 0.5125 0.38125 0.515625 0.385417 0.51875 0.385417 0.520312 0.3875 0.521875 0.3875 0.523438 0.389583 0.525 0.389583 0.526563 0.391667 0.528125 0.391667 0.53125 0.395833 0.498583
0 0.059375 0.4875 0.059375 0.535417 0.0796875 0.535417 0.0796875 0.529167 0.0828125 0.525 0.084375 0.525 0.0859375 0.522917 0.0890625 0.522917 0.090625 0.520833 0.09375 0.520833 0.0953125 0.51875 0.096875 0.51875 0.0984375 0.516667 0.1 0.516667 0.101562 0.514583 0.104687 0.514583 0.10625 0.5125 0.1125 0.5125 0.114063 0.510417 0.120312 0.510417 0.120312 0.4875 0.497457
0 0.790625 0.422917 0.795313 0.422917 0.795313 0.4125 0.789062 0.4125 0.789062 0.420833 0.790625 0.422917 0.784375 0.435417 0.782812 0.435417 0.778125 0.429167 0.778125 0.427083 0.773438 0.420833 0.773438 0.4125 0.740625 0.4125 0.740625 0.460417 0.78125 0.460417 0.78125 0.452083 0.784375 0.447917 0.784375 0.439583 0.785937 0.4375 0.784375 0.435417 0.4895
0 0.717188 0.379167 0.717188 0.385417 0.714062 0.389583 0.714062 0.391667 0.710938 0.395833 0.710938 0.402083 0.707812 0.40625 0.703125 0.40625 0.703125 0.427083 0.726562 0.427083 0.726562 0.420833 0.728125 0.41875 0.735937 0.41875 0.7375 0.416667 0.740625 0.416667 0.74375 0.4125 0.745313 0.4125 0.746875 0.410417 0.748438 0.410417 0.75 0.408333 0.753125 0.408333 0.754687 0.40625 0.75625 0.40625 0.757812 0.404167 0.764063 0.404167 0.764063 0.4 0.759375 0.4 0.75625 0.395833 0.75625 0.39375 0.754687 0.39375 0.753125 0.391667 0.751562 0.391667 0.75 0.389583 0.748438 0.389583 0.746875 0.3875 0.746875 0.379167 0.480215
0 0.753125 0.5125 0.753125 0.51875 0.745313 0.529167 0.740625 0.529167 0.740625 0.552083 0.754687 0.552083 0.75625 0.554167 0.764063 0.554167 0.765625 0.55625 0.771875 0.55625 0.773438 0.558333 0.776563 0.558333 0.779688 0.5625 0.779688 0.56875 0.804688 0.56875 0.804688 0.5625 0.809375 0.55625 0.814062 0.55625 0.814062 0.533333 0.809375 0.533333 0.807813 0.53125 0.807813 0.529167 0.80625 0.527083 0.80625 0.525 0.804688 0.522917 0.804688 0.5125 0.475841
0 0.871875 0.4875 0.871875 0.510417 0.878125 0.510417 0.879687 0.508333 0.882812 0.508333 0.885938 0.5125 0.885938 0.516667 0.8875 0.51875 0.8875 0.520833 0.890625 0.525 0.890625 0.529167 0.892187 0.53125 0.892187 0.5375 0.89375 0.539583 0.89375 0.552083 0.895312 0.552083 0.896875 0.554167 0.898438 0.554167 0.9 0.55625 0.903125 0.55625 0.904688 0.558333 0.9125 0.558333 0.914062 0.560417 0.925 0.560417 0.926562 0.558333 0.928125 0.558333 0.929688 0.55625 0.93125 0.55625 0.932813 0.554167 0.951563 0.554167 0.953125 0.552083 0.957812 0.552083 0.959375 0.55 0.959375 0.545833 0.953125 0.5375 0.953125 0.535417 0.946875 0.527083 0.946875 0.520833 0.945312 0.520833 0.94375 0.51875 0.926562 0.51875 0.925 0.516667 0.921875 0.516667 0.920313 0.514583 0.91875 0.514583 0.917188 0.5125 0.915625 0.5125 0.914062 0.510417 0.910937 0.510417 0.909375 0.508333 0.90625 0.508333 0.904688 0.50625 0.901563 0.50625 0.9 0.504167 0.898438 0.504167 0.895312 0.5 0.89375 0.5 0.892187 0.497917 0.892187 0.495833 0.890625 0.49375 0.890625 0.4875 0.472604
0 0.48125 0.620833 0.48125 0.627083 0.478125 0.63125 0.476562 0.63125 0.473437 0.635417 0.471875 0.635417 0.46875 0.639583 0.467187 0.639583 0.465625 0.641667 0.464063 0.641667 0.4625 0.64375 0.460938 0.64375 0.459375 0.645833 0.453125 0.645833 0.453125 0.71875 0.46875 0.71875 0.46875 0.7125 0.470313 0.710417 0.471875 0.710417 0.473437 0.708333 0.476562 0.708333 0.478125 0.70625 0.482812 0.70625 0.484375 0.704167 0.4875 0.704167 0.489062 0.702083 0.490625 0.702083 0.496875 0.69375 0.5 0.69375 0.501563 0.691667 0.503125 0.691667 0.504687 0.689583 0.50625 0.689583 0.507812 0.6875 0.509375 0.6875 0.5125 0.683333 0.5125 0.68125 0.514062 0.679167 0.514062 0.6625 0.517188 0.658333 0.520312 0.658333 0.521875 0.65625 0.526563 0.65625 0.526563 0.620833 0.472474
0 0.617188 0.420833 0.617188 0.427083 0.615625 0.429167 0.614062 0.429167 0.6125 0.43125 0.609375 0.43125 0.607812 0.433333 0.60625 0.433333 0.604688 0.435417 0.596875 0.435417 0.596875 0.464583 0.601562 0.464583 0.60625 0.470833 0.60625 0.477083 0.623437 0.477083 0.623437 0.470833 0.625 0.46875 0.626563 0.46875 0.628125 0.466667 0.629687 0.466667 0.63125 0.464583 0.634375 0.464583 0.635937 0.4625 0.639062 0.4625 0.642188 0.458333 0.642188 0.45625 0.64375 0.454167 0.64375 0.452083 0.646875 0.447917 0.646875 0.445833 0.653125 0.4375 0.657813 0.4375 0.657813 0.420833 0.47085
0 0.628125 0.3625 0.628125 0.377083 0.632812 0.377083 0.635937 0.38125 0.635937 0.395833 0.6375 0.397917 0.6375 0.402083 0.639062 0.404167 0.639062 0.40625 0.642188 0.410417 0.659375 0.410417 0.660937 0.4125 0.660937 0.41875 0.673438 0.41875 0.673438 0.410417 0.675 0.408333 0.675 0.391667 0.673438 0.389583 0.673438 0.385417 0.671875 0.383333 0.671875 0.38125 0.670312 0.379167 0.670312 0.372917 0.66875 0.370833 0.66875 0.3625 0.465901
0 0.40625 0.520833 0.40625 0.527083 0.403125 0.53125 0.4 0.53125 0.398438 0.533333 0.396875 0.533333 0.395312 0.535417 0.39375 0.535417 0.392188 0.5375 0.390625 0.5375 0.389062 0.539583 0.384375 0.539583 0.384375 0.560417 0.390625 0.560417 0.396875 0.56875 0.398438 0.56875 0.4 0.570833 0.403125 0.570833 0.409375 0.579167 0.409375 0.58125 0.410937 0.583333 0.417188 0.583333 0.41875 0.58125 0.420312 0.58125 0.421875 0.579167 0.429688 0.579167 0.43125 0.577083 0.4375 0.577083 0.439063 0.579167 0.45625 0.579167 0.457812 0.577083 0.460938 0.577083 0.4625 0.575 0.464063 0.575 0.467187 0.570833 0.470313 0.570833 0.471875 0.56875 0.473437 0.56875 0.473437 0.566667 0.475 0.564583 0.475 0.5625 0.473437 0.560417 0.473437 0.558333 0.471875 0.55625 0.471875 0.55 0.473437 0.547917 0.473437 0.54375 0.465625 0.533333 0.465625 0.53125 0.464063 0.529167 0.464063 0.520833 0.455619
0 0.803125 0.5125 0.803125 0.55625 0.810938 0.55625 0.8125 0.554167 0.814062 0.554167 0.815625 0.552083 0.81875 0.552083 0.820312 0.554167 0.832812 0.554167 0.834375 0.55625 0.85625 0.55625 0.857813 0.554167 0.864062 0.554167 0.864062 0.545833 0.859375 0.545833 0.857813 0.54375 0.85625 0.54375 0.853125 0.539583 0.853125 0.5375 0.851562 0.535417 0.85 0.535417 0.839063 0.520833 0.839063 0.5125 0.452439
0 0.234375 0.704167 0.234375 0.71875 0.240625 0.71875 0.242188 0.720833 0.245312 0.720833 0.246875 0.722917 0.25 0.722917 0.251563 0.725 0.254688 0.725 0.257812 0.729167 0.257812 0.735417 0.278125 0.735417 0.278125 0.727083 0.279687 0.725 0.28125 0.725 0.284375 0.720833 0.295312 0.720833 0.295312 0.71875 0.289062 0.71875 0.2875 0.716667 0.284375 0.716667 0.282813 0.714583 0.282813 0.7125 0.28125 0.710417 0.28125 0.704167 0.445271
0 0.421875 0.645833 0.421875 0.704167 0.428125 0.704167 0.434375 0.7125 0.435937 0.7125 0.4375 0.714583 0.44375 0.714583 0.445312 0.716667 0.448438 0.716667 0.45 0.714583 0.453125 0.714583 0.454688 0.7125 0.45625 0.7125 0.45625 0.708333 0.454688 0.70625 0.454688 0.7 0.453125 0.697917 0.453125 0.645833 0.444502
0 0.190625 0.525 0.1875 0.529167 0.1875 0.53125 0.185937 0.533333 0.185937 0.535417 0.184375 0.5375 0.184375 0.541667 0.182812 0.54375 0.182812 0.552083 0.195312 0.552083 0.195312 0.525 0.190625 0.525 0.185937 0.514583 0.1875 0.5125 0.189063 0.5125 0.190625 0.510417 0.195312 0.510417 0.195312 0.495833 0.151562 0.495833 0.151562 0.502083 0.145313 0.510417 0.14375 0.510417 0.139063 0.516667 0.134375 0.516667 0.134375 0.54375 0.139063 0.54375 0.140625 0.545833 0.140625 0.552083 0.159375 0.552083 0.159375 0.54375 0.160937 0.541667 0.160937 0.539583 0.1625 0.5375 0.1625 0.535417 0.164062 0.533333 0.165625 0.533333 0.171875 0.525 0.173437 0.525 0.176562 0.520833 0.178125 0.520833 0.18125 0.516667 0.182812 0.516667 0.184375 0.514583 0.185937 0.514583 0.434089
0 0.178125 0.6125 0.178125 0.710417 0.184375 0.710417 0.185937 0.7125 0.1875 0.7125 0.189063 0.714583 0.209375 0.714583 0.210938 0.7125 0.215625 0.7125 0.217187 0.710417 0.21875 0.710417 0.21875 0.708333 0.220313 0.70625 0.220313 0.704167 0.221875 0.702083 0.221875 0.7 0.223438 0.697917 0.223438 0.695833 0.225 0.69375 0.225 0.691667 0.228125 0.6875 0.228125 0.685417 0.234375 0.677083 0.235938 0.677083 0.2375 0.675 0.239063 0.675 0.242188 0.670833 0.24375 0.670833 0.24375 0.66875 0.245312 0.666667 0.245312 0.6625 0.240625 0.65625 0.240625 0.654167 0.239063 0.652083 0.2375 0.652083 0.223438 0.633333 0.223438 0.63125 0.220313 0.627083 0.220313 0.625 0.217187 0.620833 0.217187 0.6125 0.426172
0 0.846875 0.454167 0.846875 0.460417 0.851562 0.460417 0.853125 0.4625 0.853125 0.464583 0.854688 0.466667 0.854688 0.46875 0.85625 0.470833 0.859375 0.470833 0.860937 0.472917 0.865625 0.472917 0.867188 0.475 0.86875 0.475 0.870313 0.477083 0.873438 0.477083 0.875 0.479167 0.885938 0.479167 0.8875 0.48125 0.892187 0.48125 0.89375 0.483333 0.898438 0.483333 0.9 0.48125 0.920313 0.48125 0.920313 0.470833 0.914062 0.470833 0.9125 0.46875 0.90625 0.46875 0.904688 0.466667 0.901563 0.466667 0.9 0.464583 0.890625 0.464583 0.8875 0.460417 0.8875 0.454167 0.415187
0 0.696875 0.454167 0.696875 0.483333 0.701562 0.483333 0.70625 0.489583 0.707812 0.489583 0.709375 0.491667 0.721875 0.491667 0.723437 0.489583 0.725 0.489583 0.726562 0.4875 0.740625 0.4875 0.742188 0.485417 0.742188 0.483333 0.746875 0.477083 0.748438 0.477083 0.75 0.475 0.753125 0.475 0.75625 0.470833 0.757812 0.470833 0.759375 0.46875 0.760938 0.46875 0.7625 0.466667 0.764063 0.466667 0.765625 0.464583 0.770312 0.464583 0.770312 0.454167 0.413949
0 0.184375 0.6375 0.184375 0.7125 0.192188 0.7125 0.19375 0.714583 0.204688 0.714583 0.20625 0.7125 0.2125 0.7125 0.214062 0.710417 0.215625 0.710417 0.217187 0.708333 0.217187 0.702083 0.220313 0.697917 0.220313 0.695833 0.225 0.689583 0.225 0.6875 0.235938 0.672917 0.2375 0.672917 0.239063 0.670833 0.240625 0.670833 0.242188 0.66875 0.242188 0.666667 0.24375 0.664583 0.24375 0.660417 0.232812 0.645833 0.232812 0.6375 0.401128
0 0.9625 0.354167 0.965625 0.358333 0.970312 0.358333 0.970312 0.345833 0.9625 0.345833 0.9625 0.354167 0.954687 0.364583 0.951563 0.360417 0.935938 0.360417 0.93125 0.354167 0.93125 0.345833 0.917188 0.345833 0.917188 0.352083 0.914062 0.35625 0.909375 0.35625 0.909375 0.389583 0.917188 0.389583 0.91875 0.391667 0.926562 0.391667 0.928125 0.389583 0.928125 0.3875 0.93125 0.383333 0.932813 0.383333 0.934375 0.38125 0.953125 0.38125 0.95625 0.377083 0.95625 0.36875 0.954687 0.366667 0.954687 0.364583 0.39965
0 0.385938 0.370833 0.385938 0.379167 0.384375 0.38125 0.384375 0.383333 0.382812 0.385417 0.382812 0.389583 0.38125 0.391667 0.38125 0.397917 0.378125 0.402083 0.378125 0.404167 0.373437 0.410417 0.373437 0.4125 0.370313 0.416667 0.365625 0.416667 0.365625 0.43125 0.371875 0.43125 0.375 0.435417 0.376563 0.435417 0.378125 0.4375 0.382812 0.4375 0.384375 0.439583 0.3875 0.439583 0.389062 0.441667 0.39375 0.441667 0.395312 0.44375 0.4 0.44375 0.401563 0.445833 0.401563 0.452083 0.428125 0.452083 0.428125 0.445833 0.43125 0.441667 0.432813 0.441667 0.434375 0.439583 0.435937 0.439583 0.44375 0.429167 0.439063 0.422917 0.439063 0.420833 0.4375 0.420833 0.429688 0.410417 0.428125 0.410417 0.425 0.40625 0.423438 0.40625 0.420312 0.402083 0.41875 0.402083 0.414062 0.395833 0.4125 0.395833 0.409375 0.391667 0.409375 0.389583 0.407813 0.3875 0.407813 0.385417 0.409375 0.383333 0.409375 0.38125 0.410937 0.379167 0.410937 0.370833 0.390837
0 0.853125 0.479167 0.853125 0.49375 0.857813 0.49375 0.859375 0.495833 0.857813 0.497917 0.853125 0.497917 0.853125 0.502083 0.857813 0.502083 0.859375 0.504167 0.860937 0.504167 0.8625 0.50625 0.864062 0.50625 0.865625 0.508333 0.871875 0.508333 0.873438 0.510417 0.878125 0.510417 0.879687 0.5125 0.88125 0.5125 0.890625 0.525 0.890625 0.529167 0.892187 0.53125 0.892187 0.535417 0.89375 0.5375 0.89375 0.541667 0.895312 0.54375 0.895312 0.55 0.89375 0.552083 0.895312 0.552083 0.896875 0.554167 0.898438 0.554167 0.9 0.55625 0.901563 0.55625 0.903125 0.558333 0.907812 0.558333 0.909375 0.560417 0.917188 0.560417 0.91875 0.5625 0.91875 0.56875 0.921875 0.56875 0.921875 0.5625 0.923437 0.560417 0.926562 0.560417 0.928125 0.558333 0.929688 0.558333 0.93125 0.55625 0.9375 0.55625 0.939062 0.554167 0.951563 0.554167 0.951563 0.51875 0.939062 0.51875 0.9375 0.516667 0.923437 0.516667 0.921875 0.514583 0.920313 0.514583 0.91875 0.5125 0.917188 0.5125 0.915625 0.510417 0.9125 0.510417 0.910937 0.508333 0.907812 0.508333 0.90625 0.50625 0.904688 0.50625 0.903125 0.504167 0.901563 0.504167 0.89375 0.49375 0.89375 0.489583 0.892187 0.4875 0.892187 0.479167 0.368255
0 0.835938 0.345833 0.835938 0.354167 0.832812 0.358333 0.83125 0.358333 0.828125 0.3625 0.825 0.3625 0.821875 0.366667 0.81875 0.366667 0.817187 0.364583 0.8125 0.364583 0.810938 0.366667 0.803125 0.366667 0.803125 0.377083 0.810938 0.377083 0.817187 0.385417 0.81875 0.385417 0.820312 0.3875 0.821875 0.3875 0.823438 0.389583 0.826563 0.389583 0.828125 0.391667 0.834375 0.391667 0.835938 0.389583 0.8375 0.389583 0.839063 0.3875 0.840625 0.3875 0.842188 0.385417 0.85 0.385417 0.851562 0.3875 0.854688 0.3875 0.85625 0.389583 0.857813 0.389583 0.859375 0.391667 0.86875 0.391667 0.870313 0.389583 0.873438 0.389583 0.875 0.3875 0.875 0.383333 0.876562 0.38125 0.876562 0.379167 0.875 0.377083 0.875 0.375 0.873438 0.372917 0.873438 0.370833 0.871875 0.36875 0.870313 0.36875 0.867188 0.364583 0.865625 0.364583 0.864062 0.3625 0.8625 0.3625 0.860937 0.360417 0.857813 0.360417 0.85625 0.358333 0.854688 0.358333 0.851562 0.354167 0.851562 0.345833 0.367835
0 0.465625 0.3625 0.465625 0.389583 0.478125 0.389583 0.479688 0.391667 0.48125 0.391667 0.482812 0.39375 0.484375 0.39375 0.4875 0.397917 0.4875 0.420833 0.496875 0.420833 0.498437 0.41875 0.5 0.41875 0.501563 0.416667 0.503125 0.416667 0.504687 0.414583 0.507812 0.414583 0.509375 0.4125 0.53125 0.4125 0.532813 0.410417 0.539062 0.410417 0.539062 0.4 0.534375 0.4 0.532813 0.397917 0.53125 0.397917 0.528125 0.39375 0.526563 0.39375 0.525 0.391667 0.523438 0.391667 0.521875 0.389583 0.520312 0.389583 0.51875 0.3875 0.514062 0.3875 0.5125 0.385417 0.509375 0.385417 0.507812 0.383333 0.50625 0.383333 0.504687 0.38125 0.503125 0.38125 0.5 0.377083 0.503125 0.372917 0.504687 0.372917 0.50625 0.370833 0.509375 0.370833 0.510938 0.36875 0.510938 0.3625 0.363093
0 0.382812 0.495833 0.382812 0.502083 0.379687 0.50625 0.378125 0.50625 0.376563 0.508333 0.365625 0.508333 0.365625 0.535417 0.370313 0.535417 0.375 0.541667 0.384375 0.541667 0.385938 0.539583 0.389062 0.539583 0.390625 0.5375 0.395312 0.5375 0.396875 0.535417 0.398438 0.535417 0.4 0.533333 0.403125 0.533333 0.404687 0.53125 0.40625 0.53125 0.407813 0.529167 0.4125 0.529167 0.414062 0.527083 0.415625 0.527083 0.420312 0.520833 0.426562 0.520833 0.426562 0.504167 0.421875 0.504167 0.420312 0.502083 0.420312 0.495833 0.350036
0 0.576562 0.435417 0.571875 0.435417 0.571875 0.44375 0.576562 0.44375 0.576562 0.435417 0.579688 0.43125 0.58125 0.433333 0.59375 0.433333 0.595313 0.435417 0.596875 0.435417 0.598437 0.433333 0.603125 0.433333 0.609375 0.425 0.610938 0.425 0.6125 0.422917 0.6125 0.414583 0.610938 0.4125 0.610938 0.410417 0.609375 0.408333 0.609375 0.40625 0.60625 0.402083 0.604688 0.402083 0.603125 0.4 0.601562 0.4 0.598437 0.395833 0.598437 0.3875 0.571875 0.3875 0.571875 0.422917 0.576562 0.422917 0.578125 0.425 0.578125 0.427083 0.579688 0.429167 0.579688 0.43125 0.336036
0 0.465625 0.3625 0.465625 0.389583 0.476562 0.389583 0.478125 0.391667 0.48125 0.391667 0.484375 0.395833 0.484375 0.402083 0.532813 0.402083 0.532813 0.39375 0.525 0.39375 0.520312 0.3875 0.517188 0.3875 0.515625 0.385417 0.510938 0.385417 0.509375 0.383333 0.50625 0.383333 0.504687 0.38125 0.503125 0.38125 0.501563 0.379167 0.501563 0.377083 0.503125 0.375 0.50625 0.375 0.507812 0.372917 0.510938 0.372917 0.5125 0.370833 0.514062 0.370833 0.514062 0.3625 0.324835
0 0.776563 0.3625 0.776563 0.370833 0.770312 0.379167 0.765625 0.379167 0.765625 0.41875 0.770312 0.41875 0.770312 0.4125 0.773438 0.408333 0.775 0.408333 0.776563 0.40625 0.778125 0.40625 0.779688 0.404167 0.785937 0.404167 0.7875 0.40625 0.789062 0.40625 0.792188 0.410417 0.792188 0.41875 0.814062 0.41875 0.814062 0.3625 0.316318
0 0.757812 0.6375 0.757812 0.64375 0.75625 0.645833 0.75625 0.647917 0.754687 0.65 0.754687 0.652083 0.75 0.658333 0.748438 0.658333 0.745313 0.6625 0.74375 0.6625 0.742188 0.664583 0.7375 0.664583 0.735937 0.666667 0.721875 0.666667 0.721875 0.685417 0.728125 0.685417 0.729688 0.6875 0.73125 0.6875 0.732813 0.689583 0.739062 0.689583 0.740625 0.691667 0.745313 0.691667 0.746875 0.69375 0.75 0.69375 0.751562 0.695833 0.759375 0.695833 0.760938 0.697917 0.76875 0.697917 0.770312 0.7 0.773438 0.7 0.776563 0.704167 0.776563 0.710417 0.790625 0.710417 0.790625 0.697917 0.792188 0.695833 0.792188 0.69375 0.801562 0.68125 0.807813 0.68125 0.807813 0.658333 0.801562 0.658333 0.796875 0.652083 0.795313 0.652083 0.79375 0.65 0.792188 0.65 0.790625 0.647917 0.789062 0.647917 0.7875 0.645833 0.7875 0.6375 0.293218
0 0.80625 0.4125 0.80625 0.420833 0.804688 0.422917 0.804688 0.425 0.803125 0.427083 0.801562 0.427083 0.801562 0.429167 0.803125 0.429167 0.804688 0.43125 0.804688 0.433333 0.80625 0.435417 0.80625 0.4375 0.803125 0.441667 0.790625 0.441667 0.790625 0.445833 0.798437 0.445833 0.804688 0.454167 0.804688 0.460417 0.846875 0.460417 0.846875 0.454167 0.851562 0.447917 0.853125 0.447917 0.854688 0.45 0.871875 0.45 0.873438 0.452083 0.873438 0.460417 0.882812 0.460417 0.882812 0.43125 0.876562 0.43125 0.875 0.429167 0.873438 0.429167 0.870313 0.425 0.86875 0.425 0.867188 0.422917 0.865625 0.422917 0.8625 0.41875 0.8625 0.4125 0.848437 0.4125 0.848437 0.427083 0.846875 0.429167 0.845312 0.429167 0.84375 0.427083 0.84375 0.422917 0.842188 0.420833 0.842188 0.4125 0.29308
0 0.754687 0.5125 0.754687 0.520833 0.751562 0.525 0.746875 0.525 0.746875 0.539583 0.753125 0.539583 0.7625 0.552083 0.767187 0.552083 0.76875 0.554167 0.771875 0.554167 0.773438 0.55625 0.776563 0.55625 0.78125 0.5625 0.78125 0.56875 0.803125 0.56875 0.803125 0.5625 0.80625 0.558333 0.807813 0.558333 0.810938 0.554167 0.8125 0.554167 0.814062 0.552083 0.829687 0.552083 0.83125 0.554167 0.846875 0.554167 0.848437 0.55625 0.853125 0.55625 0.854688 0.554167 0.864062 0.554167 0.864062 0.545833 0.857813 0.545833 0.853125 0.539583 0.853125 0.5375 0.851562 0.5375 0.84375 0.527083 0.842188 0.527083 0.840625 0.525 0.840625 0.522917 0.839063 0.520833 0.839063 0.5125 0.291415
0 0.321875 0.379167 0.321875 0.422917 0.328125 0.422917 0.329687 0.425 0.329687 0.427083 0.33125 0.429167 0.33125 0.43125 0.332813 0.43125 0.334375 0.433333 0.35625 0.433333 0.357812 0.43125 0.359375 0.43125 0.3625 0.427083 0.3625 0.425 0.367188 0.41875 0.367188 0.416667 0.370313 0.4125 0.370313 0.410417 0.379687 0.397917 0.379687 0.395833 0.38125 0.39375 0.38125 0.389583 0.382812 0.3875 0.382812 0.379167 0.291316
0 0.126562 0.554167 0.126562 0.5625 0.125 0.564583 0.123438 0.564583 0.121875 0.566667 0.120312 0.566667 0.11875 0.56875 0.114063 0.56875 0.1125 0.570833 0.109375 0.570833 0.107813 0.572917 0.10625 0.572917 0.103125 0.577083 0.096875 0.577083 0.096875 0.608333 0.10625 0.608333 0.107813 0.610417 0.109375 0.610417 0.110937 0.6125 0.1125 0.6125 0.114063 0.614583 0.114063 0.616667 0.115625 0.61875 0.126562 0.61875 0.128125 0.616667 0.129688 0.616667 0.13125 0.614583 0.134375 0.614583 0.135937 0.6125 0.139063 0.6125 0.142187 0.608333 0.14375 0.608333 0.146875 0.604167 0.148438 0.604167 0.15 0.602083 0.151562 0.602083 0.153125 0.6 0.15625 0.6 0.157812 0.597917 0.160937 0.597917 0.1625 0.595833 0.165625 0.595833 0.167187 0.59375 0.167187 0.591667 0.16875 0.589583 0.16875 0.585417 0.173437 0.579167 0.182812 0.579167 0.182812 0.570833 0.178125 0.570833 0.176562 0.572917 0.175 0.572917 0.173437 0.575 0.171875 0.575 0.170313 0.577083 0.164062 0.577083 0.1625 0.575 0.160937 0.575 0.15625 0.56875 0.15625 0.566667 0.154688 0.564583 0.154688 0.554167 0.284422
0 0.059375 0.48125 0.0640625 0.48125 0.0640625 0.470833 0.0578125 0.470833 0.0578125 0.477083 0.059375 0.479167 0.059375 0.48125 0.053125 0.491667 0.0515625 0.491667 0.05 0.489583 0.05 0.4875 0.0484375 0.485417 0.04375 0.485417 0.0421875 0.483333 0.0265625 0.483333 0.021875 0.477083 0.021875 0.470833 0.003125 0.470833 0.003125 0.53125 0.0078125 0.53125 0.009375 0.533333 0.0109375 0.533333 0.0140625 0.5375 0.0140625 0.54375 0.0140625 0.535417 0.015625 0.533333 0.015625 0.529167 0.0171875 0.527083 0.0171875 0.525 0.01875 0.522917 0.0203125 0.522917 0.0265625 0.514583 0.028125 0.514583 0.0296875 0.5125 0.03125 0.5125 0.0328125 0.510417 0.034375 0.510417 0.0375 0.50625 0.0390625 0.50625 0.040625 0.504167 0.0421875 0.504167 0.0453125 0.5 0.046875 0.5 0.0515625 0.50625 0.053125 0.50625 0.0546875 0.508333 0.05625 0.508333 0.0578125 0.510417 0.0640625 0.510417 0.0640625 0.5 0.059375 0.5 0.053125 0.491667 0.277285
0 0.892187 0.504167 0.892187 0.5125 0.89375 0.514583 0.89375 0.527083 0.892187 0.529167 0.889063 0.529167 0.884375 0.522917 0.88125 0.522917 0.879687 0.520833 0.878125 0.520833 0.876562 0.51875 0.876562 0.516667 0.870313 0.516667 0.86875 0.51875 0.86875 0.520833 0.867188 0.522917 0.867188 0.527083 0.865625 0.529167 0.860937 0.529167 0.859375 0.53125 0.85625 0.53125 0.85625 0.5375 0.857813 0.539583 0.857813 0.541667 0.859375 0.54375 0.859375 0.545833 0.860937 0.547917 0.860937 0.55 0.864062 0.554167 0.86875 0.554167 0.870313 0.55625 0.878125 0.55625 0.879687 0.554167 0.896875 0.554167 0.898438 0.55625 0.901563 0.55625 0.903125 0.558333 0.90625 0.558333 0.907812 0.560417 0.9125 0.560417 0.914062 0.5625 0.914062 0.56875 0.926562 0.56875 0.926562 0.516667 0.921875 0.516667 0.917188 0.510417 0.917188 0.504167 0.270445
0 0.01875 0.4625 0.01875 0.46875 0.0265625 0.46875 0.0265625 0.4625 0.025 0.4625 0.0234375 0.460417 0.0203125 0.460417 0.01875 0.4625 0.0125 0.45625 0.0171875 0.45 0.01875 0.45 0.0203125 0.447917 0.0234375 0.447917 0.025 0.445833 0.0328125 0.445833 0.0375 0.452083 0.040625 0.452083 0.040625 0.45 0.0421875 0.447917 0.05625 0.447917 0.0578125 0.45 0.0640625 0.45 0.0671875 0.454167 0.0625 0.460417 0.0625 0.46875 0.0765625 0.46875 0.0765625 0.452083 0.0703125 0.452083 0.06875 0.45 0.06875 0.441667 0.0671875 0.439583 0.0671875 0.429167 0.0171875 0.429167 0.0171875 0.435417 0.015625 0.4375 0.0140625 0.4375 0.0125 0.439583 0.003125 0.439583 0.003125 0.45625 0.0125 0.45625 0.263491
0 0.129688 0.654167 0.129688 0.660417 0.126562 0.664583 0.121875 0.664583 0.121875 0.714583 0.128125 0.714583 0.129688 0.7125 0.1375 0.7125 0.140625 0.708333 0.140625 0.70625 0.142187 0.704167 0.142187 0.702083 0.14375 0.7 0.14375 0.697917 0.145313 0.695833 0.145313 0.69375 0.146875 0.691667 0.146875 0.689583 0.148438 0.6875 0.148438 0.683333 0.15 0.68125 0.15 0.675 0.153125 0.670833 0.157812 0.670833 0.157812 0.654167 0.262346
0 0.253125 0.379167 0.253125 0.420833 0.259375 0.420833 0.260937 0.422917 0.264062 0.422917 0.265625 0.425 0.270313 0.425 0.271875 0.427083 0.273438 0.427083 0.275 0.429167 0.275 0.435417 0.304688 0.435417 0.304688 0.429167 0.307812 0.425 0.3125 0.425 0.314062 0.422917 0.320312 0.422917 0.321875 0.420833 0.323437 0.420833 0.325 0.41875 0.326562 0.41875 0.326562 0.416667 0.329687 0.4125 0.329687 0.410417 0.334375 0.404167 0.334375 0.402083 0.340625 0.39375 0.345312 0.39375 0.345312 0.379167 0.259687
0 0.834375 0.420833 0.834375 0.427083 0.840625 0.427083 0.85625 0.447917 0.85625 0.45 0.857813 0.452083 0.857813 0.454167 0.85625 0.45625 0.854688 0.45625 0.853125 0.458333 0.846875 0.458333 0.845312 0.460417 0.84375 0.460417 0.845312 0.4625 0.848437 0.4625 0.854688 0.470833 0.864062 0.470833 0.865625 0.472917 0.86875 0.472917 0.871875 0.477083 0.871875 0.485417 0.889063 0.485417 0.889063 0.458333 0.882812 0.458333 0.88125 0.45625 0.88125 0.45 0.884375 0.445833 0.889063 0.445833 0.889063 0.4375 0.884375 0.4375 0.882812 0.435417 0.88125 0.435417 0.879687 0.433333 0.878125 0.433333 0.873438 0.427083 0.873438 0.420833 0.254341
0 0.551562 0.354167 0.551562 0.360417 0.548438 0.364583 0.526563 0.364583 0.525 0.366667 0.517188 0.366667 0.515625 0.36875 0.503125 0.36875 0.503125 0.379167 0.507812 0.379167 0.509375 0.38125 0.510938 0.38125 0.514062 0.385417 0.517188 0.385417 0.51875 0.3875 0.521875 0.3875 0.523438 0.389583 0.525 0.389583 0.528125 0.39375 0.529687 0.39375 0.53125 0.395833 0.532813 0.395833 0.540625 0.40625 0.542188 0.40625 0.546875 0.4125 0.546875 0.41875 0.576562 0.41875 0.576562 0.4125 0.575 0.410417 0.575 0.40625 0.573438 0.404167 0.573438 0.4 0.570312 0.395833 0.570312 0.39375 0.573438 0.389583 0.575 0.389583 0.576562 0.3875 0.578125 0.3875 0.584375 0.395833 0.584375 0.4 0.585938 0.402083 0.585938 0.41875 0.601562 0.41875 0.601562 0.395833 0.596875 0.395833 0.595313 0.39375 0.59375 0.39375 0.590625 0.389583 0.590625 0.379167 0.592187 0.377083 0.592187 0.372917 0.59375 0.370833 0.592187 0.36875 0.592187 0.366667 0.589063 0.3625 0.589063 0.354167 0.25218
0 0.0265625 0.429167 0.0265625 0.435417 0.0296875 0.439583 0.040625 0.439583 0.0421875 0.441667 0.04375 0.441667 0.046875 0.445833 0.0453125 0.447917 0.0453125 0.45 0.0421875 0.454167 0.0390625 0.454167 0.034375 0.460417 0.0296875 0.460417 0.028125 0.4625 0.015625 0.4625 0.015625 0.477083 0.065625 0.477083 0.065625 0.46875 0.0671875 0.466667 0.06875 0.466667 0.0703125 0.464583 0.0765625 0.464583 0.0765625 0.45 0.071875 0.45 0.06875 0.445833 0.06875 0.429167 0.250849
