0 0.475 0.553125 0.475 0.557813 0.478125 0.557813 0.479688 0.559375 0.496875 0.559375 0.498437 0.560938 0.5 0.560938 0.503125 0.564062 0.5 0.567187 0.498437 0.567187 0.496875 0.56875 0.49375 0.56875 0.492188 0.570312 0.489062 0.570312 0.4875 0.56875 0.485938 0.56875 0.484375 0.567187 0.482812 0.567187 0.48125 0.56875 0.479688 0.56875 0.478125 0.570312 0.475 0.570312 0.473437 0.571875 0.470313 0.571875 0.467187 0.575 0.465625 0.575 0.464063 0.576563 0.4625 0.576563 0.457812 0.58125 0.45625 0.58125 0.454688 0.582812 0.445312 0.582812 0.440625 0.578125 0.440625 0.576563 0.439063 0.575 0.432813 0.58125 0.428125 0.58125 0.428125 0.6375 0.432813 0.6375 0.435937 0.640625 0.435937 0.642187 0.439063 0.645312 0.439063 0.651563 0.632812 0.651563 0.632812 0.632812 0.628125 0.632812 0.625 0.629687 0.625 0.628125 0.623438 0.626562 0.623438 0.623438 0.621875 0.621875 0.621875 0.620313 0.61875 0.617188 0.61875 0.614062 0.617188 0.6125 0.617188 0.610937 0.615625 0.609375 0.615625 0.607813 0.6125 0.604688 0.6125 0.603125 0.610937 0.601562 0.610937 0.6 0.60625 0.595312 0.60625 0.59375 0.603125 0.590625 0.603125 0.589063 0.598437 0.584375 0.598437 0.582812 0.595312 0.579687 0.595312 0.578125 0.584375 0.567187 0.582812 0.567187 0.579687 0.564062 0.584375 0.559375 0.584375 0.553125 0.545313 0.553125 0.545313 0.557813 0.54375 0.559375 0.540625 0.559375 0.539062 0.560938 0.520312 0.560938 0.51875 0.559375 0.517187 0.559375 0.515625 0.557813 0.515625 0.553125 0.95348
0 0.639063 0.796875 0.640625 0.796875 0.642187 0.795313 0.642187 0.790625 0.6375 0.790625 0.6375 0.795313 0.639063 0.796875 0.632812 0.810938 0.63125 0.810938 0.629687 0.809375 0.628125 0.809375 0.626562 0.807813 0.623438 0.807813 0.621875 0.80625 0.61875 0.80625 0.617188 0.804688 0.6125 0.804688 0.610937 0.803125 0.601562 0.803125 0.6 0.801562 0.592188 0.801562 0.590625 0.8 0.582812 0.8 0.58125 0.798437 0.575 0.798437 0.573438 0.796875 0.567187 0.796875 0.565625 0.795313 0.565625 0.790625 0.557813 0.790625 0.557813 0.795313 0.55625 0.796875 0.553125 0.796875 0.551562 0.795313 0.551562 0.790625 0.470313 0.790625 0.470313 0.796875 0.46875 0.798437 0.46875 0.8 0.467187 0.801562 0.465625 0.801562 0.464063 0.803125 0.464063 0.804688 0.459375 0.809375 0.459375 0.810938 0.457812 0.8125 0.457812 0.814062 0.45625 0.815625 0.45625 0.820312 0.454688 0.821875 0.454688 0.825 0.453125 0.826563 0.453125 0.828125 0.451562 0.829687 0.451562 0.83125 0.45 0.832812 0.45 0.834375 0.448438 0.835938 0.448438 0.8375 0.446875 0.839063 0.446875 0.840625 0.445312 0.842188 0.445312 0.84375 0.439063 0.85 0.434375 0.85 0.434375 0.864062 0.440625 0.864062 0.442187 0.865625 0.44375 0.865625 0.445312 0.867188 0.446875 0.867188 0.448438 0.86875 0.451562 0.86875 0.453125 0.870313 0.457812 0.870313 0.459375 0.871875 0.460938 0.871875 0.4625 0.873438 0.465625 0.873438 0.467187 0.875 0.46875 0.875 0.470313 0.876562 0.479688 0.876562 0.48125 0.878125 0.495313 0.878125 0.496875 0.879687 0.503125 0.879687 0.504687 0.88125 0.510938 0.88125 0.5125 0.882812 0.51875 0.882812 0.520312 0.884375 0.525 0.884375 0.526563 0.885938 0.53125 0.885938 0.532812 0.8875 0.540625 0.8875 0.542188 0.889063 0.546875 0.889063 0.548437 0.890625 0.548437 0.895312 0.670313 0.895312 0.670313 0.873438 0.665625 0.873438 0.6625 0.870313 0.6625 0.867188 0.660937 0.865625 0.660937 0.860937 0.659375 0.859375 0.659375 0.854688 0.657812 0.853125 0.657812 0.846875 0.65625 0.845312 0.65625 0.842188 0.654688 0.840625 0.654688 0.8375 0.653125 0.835938 0.653125 0.834375 0.651563 0.832812 0.651563 0.829687 0.632812 0.810938 0.943554
0 0.478125 0.090625 0.478125 0.0953125 0.476562 0.096875 0.470313 0.096875 0.46875 0.0984375 0.457812 0.0984375 0.45625 0.1 0.446875 0.1 0.445312 0.101562 0.421875 0.101562 0.420312 0.1 0.40625 0.1 0.40625 0.101562 0.4 0.107813 0.4 0.109375 0.398438 0.110937 0.398438 0.1125 0.395312 0.115625 0.390625 0.115625 0.390625 0.16875 0.395312 0.16875 0.398438 0.171875 0.398438 0.176563 0.417188 0.176563 0.417188 0.171875 0.420312 0.16875 0.421875 0.16875 0.423438 0.167187 0.426562 0.167187 0.428125 0.165625 0.43125 0.165625 0.432813 0.164062 0.434375 0.164062 0.435937 0.1625 0.4375 0.1625 0.439063 0.160938 0.44375 0.160938 0.445312 0.159375 0.451562 0.159375 0.453125 0.157813 0.475 0.157813 0.476562 0.159375 0.5 0.159375 0.501562 0.157813 0.510938 0.157813 0.5125 0.15625 0.517187 0.15625 0.51875 0.154687 0.523438 0.154687 0.525 0.153125 0.53125 0.153125 0.532812 0.151562 0.5375 0.151562 0.539062 0.15 0.540625 0.15 0.542188 0.151562 0.55 0.151562 0.551562 0.153125 0.557813 0.153125 0.559375 0.154687 0.560938 0.154687 0.564062 0.157813 0.565625 0.157813 0.567187 0.159375 0.570312 0.159375 0.571875 0.160938 0.576563 0.160938 0.576563 0.134375 0.571875 0.134375 0.56875 0.13125 0.56875 0.129688 0.567187 0.128125 0.567187 0.123438 0.565625 0.121875 0.565625 0.117188 0.564062 0.115625 0.564062 0.1125 0.560938 0.109375 0.560938 0.107813 0.559375 0.10625 0.559375 0.104687 0.557813 0.103125 0.55625 0.103125 0.554688 0.101562 0.551562 0.101562 0.55 0.1 0.546875 0.1 0.545313 0.0984375 0.54375 0.0984375 0.540625 0.0953125 0.540625 0.090625 0.924194
0 0.435937 0.028125 0.435937 0.0328125 0.434375 0.034375 0.432813 0.034375 0.43125 0.0359375 0.428125 0.0359375 0.420312 0.04375 0.420312 0.046875 0.41875 0.0484375 0.41875 0.05 0.417188 0.0515625 0.417188 0.053125 0.415625 0.0546875 0.415625 0.05625 0.4125 0.059375 0.4125 0.0609375 0.40625 0.0671875 0.40625 0.06875 0.401563 0.0734375 0.396875 0.0734375 0.396875 0.096875 0.403125 0.096875 0.404687 0.0984375 0.410937 0.0984375 0.4125 0.1 0.442187 0.1 0.44375 0.0984375 0.451562 0.0984375 0.453125 0.096875 0.470313 0.096875 0.471875 0.0953125 0.5125 0.0953125 0.514063 0.09375 0.535937 0.09375 0.5375 0.0953125 0.540625 0.0953125 0.542188 0.096875 0.546875 0.096875 0.548437 0.0984375 0.55 0.0984375 0.551562 0.1 0.55625 0.1 0.559375 0.103125 0.559375 0.107813 0.589063 0.107813 0.589063 0.090625 0.584375 0.090625 0.579687 0.0859375 0.579687 0.0828125 0.578125 0.08125 0.578125 0.078125 0.576563 0.0765625 0.576563 0.075 0.575 0.0734375 0.575 0.0703125 0.573438 0.06875 0.573438 0.0640625 0.571875 0.0625 0.571875 0.059375 0.570312 0.0578125 0.570312 0.05625 0.56875 0.0546875 0.56875 0.053125 0.567187 0.0515625 0.567187 0.05 0.565625 0.0484375 0.565625 0.046875 0.564062 0.0453125 0.564062 0.04375 0.560938 0.040625 0.560938 0.0390625 0.559375 0.0375 0.559375 0.0359375 0.557813 0.034375 0.557813 0.028125 0.9109
0 0.510938 0.184375 0.510938 0.189063 0.509375 0.190625 0.50625 0.190625 0.504687 0.192188 0.49375 0.192188 0.492188 0.19375 0.485938 0.19375 0.484375 0.192188 0.471875 0.192188 0.470313 0.19375 0.464063 0.19375 0.4625 0.195312 0.457812 0.195312 0.45625 0.196875 0.451562 0.196875 0.45 0.198437 0.446875 0.198437 0.44375 0.201562 0.442187 0.201562 0.439063 0.204688 0.4375 0.204688 0.434375 0.207813 0.428125 0.207813 0.428125 0.24375 0.432813 0.24375 0.434375 0.245312 0.434375 0.246875 0.435937 0.248437 0.435937 0.251563 0.4375 0.253125 0.439063 0.253125 0.442187 0.25625 0.44375 0.25625 0.445312 0.257812 0.445312 0.259375 0.446875 0.260938 0.448438 0.260938 0.451562 0.264062 0.460938 0.264062 0.4625 0.265625 0.470313 0.265625 0.471875 0.267188 0.485938 0.267188 0.4875 0.26875 0.525 0.26875 0.526563 0.267188 0.528125 0.267188 0.529688 0.26875 0.540625 0.26875 0.542188 0.267188 0.56875 0.267188 0.570312 0.26875 0.579687 0.26875 0.58125 0.270312 0.589063 0.270312 0.590625 0.26875 0.596875 0.26875 0.598437 0.267188 0.6 0.267188 0.601562 0.265625 0.607813 0.265625 0.607813 0.239063 0.603125 0.239063 0.6 0.235938 0.6 0.234375 0.598437 0.232812 0.598437 0.228125 0.596875 0.226562 0.596875 0.225 0.595312 0.223438 0.595312 0.221875 0.59375 0.220313 0.59375 0.215625 0.592188 0.214062 0.592188 0.210938 0.590625 0.209375 0.590625 0.207813 0.5875 0.204688 0.5875 0.203125 0.579687 0.195312 0.578125 0.195312 0.576563 0.19375 0.575 0.19375 0.573438 0.192188 0.571875 0.192188 0.56875 0.189063 0.56875 0.184375 0.908822
0 0.475 0.878125 0.475 0.882812 0.473437 0.884375 0.473437 0.885938 0.470313 0.889063 0.470313 0.890625 0.46875 0.892187 0.46875 0.89375 0.464063 0.898438 0.459375 0.898438 0.459375 0.932813 0.465625 0.932813 0.470313 0.9375 0.471875 0.9375 0.475 0.940625 0.476562 0.940625 0.479688 0.94375 0.48125 0.94375 0.484375 0.946875 0.485938 0.946875 0.4875 0.948438 0.489062 0.948438 0.492188 0.951563 0.49375 0.951563 0.496875 0.954687 0.498437 0.954687 0.501562 0.957812 0.503125 0.957812 0.504687 0.959375 0.510938 0.959375 0.5125 0.960938 0.514063 0.960938 0.515625 0.9625 0.517187 0.9625 0.51875 0.964063 0.520312 0.964063 0.521875 0.965625 0.523438 0.965625 0.525 0.967188 0.526563 0.967188 0.529688 0.970312 0.53125 0.970312 0.532812 0.971875 0.532812 0.973437 0.534375 0.973437 0.535937 0.975 0.545313 0.975 0.546875 0.976562 0.548437 0.976562 0.55 0.978125 0.55 0.982813 0.5625 0.982813 0.5625 0.978125 0.564062 0.976562 0.571875 0.976562 0.573438 0.978125 0.573438 0.982813 0.607813 0.982813 0.607813 0.978125 0.609375 0.976562 0.614062 0.976562 0.615625 0.975 0.625 0.975 0.626562 0.973437 0.628125 0.973437 0.629687 0.975 0.639063 0.975 0.640625 0.976562 0.64375 0.976562 0.645312 0.978125 0.645312 0.982813 0.682813 0.982813 0.682813 0.895312 0.676562 0.895312 0.671875 0.890625 0.671875 0.8875 0.670313 0.885938 0.670313 0.884375 0.6625 0.892187 0.660937 0.892187 0.659375 0.89375 0.653125 0.89375 0.651563 0.892187 0.620313 0.892187 0.61875 0.89375 0.609375 0.89375 0.607813 0.895312 0.584375 0.895312 0.582812 0.89375 0.575 0.89375 0.573438 0.892187 0.565625 0.892187 0.564062 0.890625 0.540625 0.890625 0.539062 0.889063 0.532812 0.889063 0.53125 0.8875 0.528125 0.8875 0.526563 0.885938 0.521875 0.885938 0.520312 0.884375 0.517187 0.884375 0.515625 0.882812 0.515625 0.878125 0.89991
0 0.421875 0.265625 0.421875 0.320312 0.426562 0.320312 0.428125 0.321875 0.426562 0.323438 0.421875 0.323438 0.421875 0.332812 0.426562 0.332812 0.429688 0.335938 0.429688 0.339063 0.43125 0.340625 0.43125 0.342187 0.432813 0.34375 0.432813 0.345313 0.434375 0.346875 0.434375 0.348437 0.435937 0.35 0.435937 0.351562 0.4375 0.353125 0.4375 0.354688 0.44375 0.360938 0.44375 0.3625 0.445312 0.364062 0.445312 0.370313 0.459375 0.370313 0.459375 0.365625 0.4625 0.3625 0.464063 0.3625 0.465625 0.360938 0.46875 0.360938 0.470313 0.359375 0.478125 0.359375 0.479688 0.357812 0.495313 0.357812 0.496875 0.359375 0.520312 0.359375 0.521875 0.360938 0.528125 0.360938 0.529688 0.3625 0.534375 0.3625 0.535937 0.364062 0.5375 0.364062 0.539062 0.365625 0.539062 0.370313 0.551562 0.370313 0.551562 0.365625 0.553125 0.364062 0.554688 0.364062 0.55625 0.3625 0.559375 0.3625 0.560938 0.360938 0.564062 0.360938 0.565625 0.359375 0.571875 0.359375 0.573438 0.357812 0.578125 0.357812 0.579687 0.35625 0.582812 0.35625 0.584375 0.354688 0.595312 0.354688 0.596875 0.353125 0.607813 0.353125 0.609375 0.354688 0.610937 0.354688 0.6125 0.35625 0.614062 0.35625 0.615625 0.357812 0.617188 0.357812 0.61875 0.359375 0.629687 0.359375 0.63125 0.357812 0.632812 0.357812 0.635938 0.354688 0.6375 0.354688 0.640625 0.351562 0.645312 0.351562 0.645312 0.345313 0.639063 0.345313 0.635938 0.342187 0.635938 0.340625 0.634375 0.339063 0.632812 0.339063 0.628125 0.334375 0.628125 0.332812 0.626562 0.332812 0.623438 0.329688 0.623438 0.328125 0.61875 0.323438 0.61875 0.321875 0.6125 0.315625 0.6125 0.314063 0.609375 0.310937 0.609375 0.309375 0.607813 0.307813 0.607813 0.30625 0.60625 0.304688 0.60625 0.303125 0.604688 0.301562 0.604688 0.3 0.603125 0.298438 0.603125 0.296875 0.596875 0.290625 0.596875 0.289062 0.584375 0.276563 0.584375 0.275 0.579687 0.270312 0.579687 0.265625 0.894571
0 0.442187 0.646875 0.442187 0.651563 0.4375 0.65625 0.435937 0.65625 0.434375 0.657812 0.428125 0.657812 0.428125 0.73125 0.432813 0.73125 0.434375 0.732813 0.434375 0.739062 0.464063 0.739062 0.464063 0.734375 0.465625 0.732813 0.467187 0.732813 0.46875 0.73125 0.478125 0.73125 0.479688 0.729688 0.485938 0.729688 0.4875 0.728125 0.498437 0.728125 0.5 0.726562 0.509375 0.726562 0.510938 0.725 0.517187 0.725 0.51875 0.723437 0.525 0.723437 0.526563 0.721875 0.557813 0.721875 0.559375 0.723437 0.567187 0.723437 0.56875 0.725 0.573438 0.725 0.575 0.726562 0.5875 0.726562 0.589063 0.728125 0.598437 0.728125 0.6 0.726562 0.607813 0.726562 0.609375 0.725 0.61875 0.725 0.620313 0.723437 0.64375 0.723437 0.645312 0.721875 0.657812 0.721875 0.657812 0.714063 0.651563 0.714063 0.648438 0.710938 0.648438 0.709375 0.646875 0.707812 0.646875 0.70625 0.645312 0.704687 0.645312 0.703125 0.64375 0.701563 0.64375 0.7 0.642187 0.698438 0.642187 0.696875 0.639063 0.69375 0.639063 0.692187 0.6375 0.690625 0.6375 0.689062 0.635938 0.6875 0.635938 0.685938 0.634375 0.684375 0.634375 0.682813 0.629687 0.678125 0.629687 0.676562 0.628125 0.675 0.628125 0.673437 0.626562 0.671875 0.626562 0.670313 0.625 0.670313 0.623438 0.66875 0.623438 0.667188 0.615625 0.659375 0.615625 0.657812 0.609375 0.651563 0.609375 0.646875 0.893465
0 0.576563 0.490625 0.58125 0.490625 0.582812 0.492188 0.584375 0.492188 0.585938 0.490625 0.595312 0.490625 0.595312 0.489062 0.589063 0.489062 0.5875 0.4875 0.585938 0.4875 0.584375 0.485938 0.578125 0.485938 0.576563 0.4875 0.576563 0.490625 0.573438 0.5 0.571875 0.5 0.565625 0.49375 0.564062 0.49375 0.5625 0.492188 0.560938 0.492188 0.559375 0.490625 0.557813 0.490625 0.55625 0.489062 0.554688 0.489062 0.553125 0.4875 0.55 0.4875 0.548437 0.485938 0.525 0.485938 0.523438 0.484375 0.521875 0.484375 0.520312 0.482812 0.520312 0.478125 0.417188 0.478125 0.417188 0.484375 0.414062 0.4875 0.414062 0.489062 0.4125 0.490625 0.4125 0.492188 0.409375 0.495313 0.409375 0.498437 0.407813 0.5 0.407813 0.503125 0.40625 0.504687 0.40625 0.507812 0.403125 0.510938 0.403125 0.5125 0.401563 0.514063 0.401563 0.515625 0.4 0.517187 0.4 0.520312 0.398438 0.521875 0.398438 0.523438 0.396875 0.525 0.396875 0.526563 0.395312 0.528125 0.395312 0.529688 0.39375 0.53125 0.39375 0.534375 0.389062 0.539062 0.384375 0.539062 0.384375 0.551562 0.390625 0.551562 0.392188 0.553125 0.4 0.553125 0.401563 0.554688 0.417188 0.554688 0.41875 0.55625 0.442187 0.55625 0.44375 0.557813 0.453125 0.557813 0.454688 0.559375 0.454688 0.564062 0.595312 0.564062 0.595312 0.545313 0.590625 0.545313 0.589063 0.54375 0.589063 0.542188 0.5875 0.540625 0.5875 0.53125 0.585938 0.529688 0.585938 0.525 0.5875 0.523438 0.5875 0.521875 0.590625 0.51875 0.595312 0.51875 0.595312 0.503125 0.5875 0.503125 0.584375 0.50625 0.582812 0.50625 0.579687 0.503125 0.578125 0.503125 0.576563 0.501562 0.575 0.501562 0.573438 0.5 0.879525
0 0.446875 0.721875 0.446875 0.735937 0.451562 0.735937 0.453125 0.7375 0.45625 0.7375 0.457812 0.739062 0.457812 0.742188 0.45625 0.74375 0.45625 0.745313 0.454688 0.746875 0.453125 0.746875 0.451562 0.748438 0.446875 0.748438 0.446875 0.771875 0.451562 0.771875 0.454688 0.775 0.454688 0.776563 0.45625 0.778125 0.45625 0.779688 0.4625 0.785937 0.464063 0.785937 0.465625 0.7875 0.467187 0.7875 0.471875 0.792188 0.509375 0.792188 0.510938 0.79375 0.517187 0.79375 0.51875 0.795313 0.521875 0.795313 0.523438 0.796875 0.53125 0.796875 0.532812 0.798437 0.542188 0.798437 0.54375 0.8 0.58125 0.8 0.582812 0.798437 0.59375 0.798437 0.595312 0.8 0.598437 0.8 0.601562 0.803125 0.601562 0.807813 0.64375 0.807813 0.64375 0.801562 0.645312 0.8 0.651563 0.8 0.651563 0.792188 0.646875 0.792188 0.642187 0.7875 0.642187 0.785937 0.640625 0.784375 0.640625 0.782812 0.6375 0.779688 0.6375 0.778125 0.635938 0.776563 0.635938 0.775 0.634375 0.773438 0.634375 0.771875 0.632812 0.770312 0.632812 0.76875 0.629687 0.765625 0.629687 0.764063 0.626562 0.760938 0.626562 0.759375 0.621875 0.754687 0.621875 0.753125 0.6125 0.74375 0.610937 0.74375 0.596875 0.729688 0.595312 0.729688 0.592188 0.726562 0.592188 0.721875 0.858299
0 0.371875 0 0.371875 0.003125 0.378125 0.003125 0.396875 0.021875 0.398438 0.021875 0.4 0.0234375 0.401563 0.0234375 0.403125 0.025 0.404687 0.025 0.40625 0.0265625 0.407813 0.0265625 0.409375 0.028125 0.409375 0.0328125 0.460938 0.0328125 0.460938 0.028125 0.4625 0.0265625 0.465625 0.0265625 0.467187 0.028125 0.467187 0.0328125 0.485938 0.0328125 0.485938 0.028125 0.4875 0.0265625 0.503125 0.0265625 0.504687 0.028125 0.504687 0.0328125 0.521875 0.0328125 0.521875 0.028125 0.523438 0.0265625 0.526563 0.0265625 0.528125 0.025 0.548437 0.025 0.55 0.0265625 0.553125 0.0265625 0.554688 0.028125 0.554688 0.0328125 0.5625 0.0328125 0.5625 0.028125 0.564062 0.0265625 0.567187 0.0265625 0.56875 0.025 0.576563 0.025 0.576563 0 0.784423
0 0.454688 0.153125 0.454688 0.157813 0.451562 0.160938 0.448438 0.160938 0.446875 0.1625 0.44375 0.1625 0.442187 0.164062 0.435937 0.164062 0.434375 0.165625 0.432813 0.165625 0.43125 0.167187 0.429688 0.167187 0.428125 0.16875 0.426562 0.16875 0.425 0.170312 0.421875 0.170312 0.420312 0.171875 0.41875 0.171875 0.417188 0.173438 0.415625 0.173438 0.414062 0.175 0.4125 0.175 0.409375 0.178125 0.403125 0.178125 0.403125 0.210938 0.409375 0.210938 0.4125 0.214062 0.4125 0.220313 0.428125 0.220313 0.428125 0.215625 0.429688 0.214062 0.429688 0.210938 0.43125 0.209375 0.43125 0.207813 0.4375 0.201562 0.439063 0.201562 0.442187 0.198437 0.44375 0.198437 0.445312 0.196875 0.45 0.196875 0.451562 0.195312 0.457812 0.195312 0.459375 0.19375 0.464063 0.19375 0.465625 0.192188 0.498437 0.192188 0.5 0.190625 0.507812 0.190625 0.509375 0.189063 0.517187 0.189063 0.51875 0.1875 0.528125 0.1875 0.529688 0.185937 0.542188 0.185937 0.54375 0.184375 0.560938 0.184375 0.5625 0.185937 0.567187 0.185937 0.56875 0.1875 0.570312 0.1875 0.571875 0.189063 0.573438 0.189063 0.576563 0.192188 0.578125 0.192188 0.579687 0.19375 0.58125 0.19375 0.584375 0.196875 0.589063 0.196875 0.589063 0.18125 0.584375 0.18125 0.58125 0.178125 0.58125 0.176563 0.579687 0.175 0.579687 0.173438 0.578125 0.171875 0.578125 0.170312 0.576563 0.16875 0.576563 0.167187 0.575 0.167187 0.570312 0.1625 0.56875 0.1625 0.564062 0.157813 0.564062 0.153125 0.503125 0.153125 0.503125 0.157813 0.501562 0.159375 0.498437 0.159375 0.496875 0.160938 0.476562 0.160938 0.475 0.159375 0.473437 0.159375 0.471875 0.157813 0.471875 0.153125 0.71666
0 0.546875 0.453125 0.528125 0.453125 0.526563 0.454688 0.526563 0.45625 0.525 0.457812 0.525 0.464063 0.565625 0.464063 0.565625 0.459375 0.560938 0.459375 0.559375 0.457812 0.557813 0.457812 0.55625 0.45625 0.554688 0.45625 0.553125 0.454688 0.548437 0.454688 0.546875 0.453125 0.545313 0.45 0.551562 0.45 0.553125 0.448438 0.55625 0.448438 0.557813 0.446875 0.573438 0.446875 0.575 0.448438 0.579687 0.448438 0.58125 0.45 0.582812 0.45 0.585938 0.453125 0.585938 0.454688 0.590625 0.459375 0.590625 0.464063 0.632812 0.464063 0.632812 0.435937 0.628125 0.435937 0.626562 0.4375 0.625 0.4375 0.621875 0.440625 0.620313 0.440625 0.61875 0.439063 0.614062 0.439063 0.6125 0.4375 0.607813 0.4375 0.60625 0.435937 0.598437 0.435937 0.596875 0.4375 0.592188 0.432813 0.592188 0.43125 0.590625 0.429688 0.590625 0.426562 0.589063 0.426562 0.5875 0.425 0.585938 0.425 0.582812 0.421875 0.579687 0.421875 0.578125 0.420312 0.576563 0.420312 0.575 0.421875 0.573438 0.421875 0.571875 0.423438 0.571875 0.425 0.570312 0.426562 0.56875 0.425 0.56875 0.423438 0.567187 0.421875 0.565625 0.421875 0.564062 0.420312 0.559375 0.420312 0.554688 0.415625 0.554688 0.414062 0.559375 0.409375 0.564062 0.409375 0.565625 0.407813 0.56875 0.407813 0.570312 0.40625 0.575 0.40625 0.576563 0.404687 0.579687 0.404687 0.58125 0.403125 0.589063 0.403125 0.590625 0.401563 0.609375 0.401563 0.610937 0.403125 0.617188 0.403125 0.61875 0.401563 0.620313 0.401563 0.621875 0.4 0.621875 0.375 0.620313 0.373437 0.620313 0.36875 0.61875 0.367188 0.61875 0.364062 0.617188 0.3625 0.617188 0.360938 0.615625 0.359375 0.615625 0.353125 0.573438 0.353125 0.573438 0.357812 0.570312 0.360938 0.56875 0.360938 0.567187 0.3625 0.564062 0.3625 0.5625 0.364062 0.548437 0.364062 0.546875 0.365625 0.545313 0.365625 0.54375 0.364062 0.525 0.364062 0.523438 0.3625 0.520312 0.3625 0.517187 0.359375 0.517187 0.353125 0.446875 0.353125 0.446875 0.370313 0.453125 0.370313 0.454688 0.36875 0.45625 0.36875 0.457812 0.367188 0.460938 0.367188 0.4625 0.365625 0.4625 0.364062 0.465625 0.360938 0.467187 0.360938 0.46875 0.359375 0.498437 0.359375 0.5 0.360938 0.50625 0.360938 0.507812 0.3625 0.509375 0.3625 0.510938 0.364062 0.509375 0.365625 0.507812 0.365625 0.50625 0.367188 0.496875 0.367188 0.495313 0.36875 0.478125 0.36875 0.476562 0.370313 0.465625 0.370313 0.464063 0.371875 0.4625 0.371875 0.460938 0.373437 0.457812 0.373437 0.45625 0.375 0.454688 0.375 0.454688 0.376563 0.453125 0.378125 0.446875 0.378125 0.446875 0.404687 0.451562 0.404687 0.454688 0.407813 0.454688 0.409375 0.45625 0.410937 0.45625 0.414062 0.457812 0.415625 0.4625 0.415625 0.464063 0.417188 0.471875 0.417188 0.473437 0.41875 0.476562 0.41875 0.478125 0.420312 0.485938 0.420312 0.4875 0.421875 0.495313 0.421875 0.496875 0.423438 0.5 0.423438 0.501562 0.425 0.503125 0.425 0.504687 0.426562 0.507812 0.426562 0.509375 0.428125 0.5125 0.428125 0.514063 0.429688 0.517187 0.429688 0.520312 0.432813 0.521875 0.432813 0.523438 0.434375 0.526563 0.434375 0.528125 0.435937 0.529688 0.435937 0.53125 0.4375 0.532812 0.4375 0.534375 0.439063 0.535937 0.439063 0.540625 0.44375 0.542188 0.44375 0.54375 0.445312 0.54375 0.446875 0.545313 0.448438 0.545313 0.45 0.687408
0 0.573438 0.498437 0.571875 0.5 0.571875 0.501562 0.579687 0.509375 0.58125 0.509375 0.584375 0.5125 0.584375 0.514063 0.585938 0.515625 0.585938 0.520312 0.614062 0.520312 0.614062 0.515625 0.609375 0.515625 0.607813 0.514063 0.607813 0.509375 0.60625 0.507812 0.60625 0.50625 0.603125 0.503125 0.585938 0.503125 0.584375 0.501562 0.582812 0.501562 0.58125 0.5 0.579687 0.5 0.578125 0.498437 0.573438 0.498437 0.570312 0.495313 0.570312 0.49375 0.571875 0.492188 0.571875 0.490625 0.573438 0.489062 0.573438 0.482812 0.575 0.48125 0.575 0.478125 0.582812 0.470313 0.595312 0.470313 0.596875 0.471875 0.598437 0.471875 0.603125 0.476562 0.604688 0.476562 0.60625 0.478125 0.614062 0.478125 0.614062 0.415625 0.55625 0.415625 0.55625 0.421875 0.557813 0.423438 0.557813 0.426562 0.559375 0.428125 0.5625 0.428125 0.564062 0.429688 0.571875 0.429688 0.573438 0.43125 0.575 0.43125 0.576563 0.432813 0.578125 0.432813 0.579687 0.434375 0.579687 0.435937 0.582812 0.439063 0.582812 0.442187 0.58125 0.44375 0.579687 0.44375 0.578125 0.445312 0.576563 0.44375 0.557813 0.44375 0.55625 0.445312 0.546875 0.445312 0.545313 0.44375 0.542188 0.44375 0.540625 0.442187 0.539062 0.442187 0.5375 0.440625 0.534375 0.440625 0.532812 0.439063 0.53125 0.439063 0.529688 0.4375 0.528125 0.4375 0.526563 0.435937 0.525 0.435937 0.523438 0.434375 0.521875 0.434375 0.520312 0.432813 0.51875 0.432813 0.517187 0.43125 0.515625 0.43125 0.514063 0.429688 0.5125 0.429688 0.510938 0.428125 0.509375 0.428125 0.504687 0.423438 0.496875 0.423438 0.495313 0.421875 0.49375 0.421875 0.492188 0.420312 0.492188 0.415625 0.45625 0.415625 0.45625 0.420312 0.4625 0.426562 0.4625 0.428125 0.459375 0.43125 0.451562 0.43125 0.45 0.429688 0.448438 0.429688 0.445312 0.426562 0.44375 0.428125 0.440625 0.428125 0.434375 0.434375 0.434375 0.435937 0.432813 0.4375 0.432813 0.442187 0.43125 0.44375 0.43125 0.446875 0.429688 0.448438 0.429688 0.45 0.426562 0.453125 0.421875 0.453125 0.421875 0.48125 0.429688 0.48125 0.43125 0.479688 0.439063 0.479688 0.440625 0.478125 0.445312 0.478125 0.446875 0.479688 0.459375 0.479688 0.460938 0.48125 0.470313 0.48125 0.471875 0.482812 0.476562 0.482812 0.478125 0.484375 0.478125 0.489062 0.476562 0.490625 0.475 0.490625 0.473437 0.492188 0.470313 0.492188 0.46875 0.49375 0.467187 0.49375 0.465625 0.495313 0.464063 0.495313 0.4625 0.496875 0.460938 0.496875 0.460938 0.501562 0.457812 0.504687 0.454688 0.504687 0.453125 0.50625 0.45 0.50625 0.448438 0.507812 0.44375 0.507812 0.439063 0.503125 0.434375 0.507812 0.432813 0.507812 0.432813 0.509375 0.435937 0.509375 0.4375 0.510938 0.439063 0.510938 0.442187 0.514063 0.442187 0.520312 0.559375 0.520312 0.559375 0.515625 0.557813 0.515625 0.55625 0.514063 0.553125 0.514063 0.551562 0.5125 0.546875 0.5125 0.54375 0.509375 0.542188 0.509375 0.540625 0.507812 0.535937 0.507812 0.534375 0.50625 0.529688 0.50625 0.528125 0.504687 0.526563 0.504687 0.525 0.503125 0.523438 0.503125 0.520312 0.5 0.51875 0.5 0.515625 0.496875 0.515625 0.495313 0.514063 0.495313 0.5125 0.49375 0.509375 0.49375 0.507812 0.492188 0.50625 0.492188 0.504687 0.490625 0.504687 0.489062 0.507812 0.485938 0.521875 0.485938 0.523438 0.4875 0.525 0.4875 0.526563 0.489062 0.546875 0.489062 0.548437 0.490625 0.55 0.490625 0.551562 0.492188 0.553125 0.492188 0.55625 0.495313 0.559375 0.495313 0.560938 0.496875 0.56875 0.496875 0.570312 0.495313 0.6803
0 0.521875 0.978125 0.521875 0.998438 0.695312 0.998438 0.695312 0.990625 0.689062 0.990625 0.684375 0.985937 0.679688 0.985937 0.676562 0.982813 0.676562 0.978125 0.653869
0 0.501562 0.965625 0.501562 0.970312 0.495313 0.976562 0.495313 0.978125 0.49375 0.979688 0.49375 0.98125 0.492188 0.982813 0.492188 0.984375 0.490625 0.985937 0.484375 0.985937 0.484375 0.998438 0.523438 0.998438 0.523438 0.992188 0.525 0.990625 0.525 0.989062 0.528125 0.985937 0.532812 0.985937 0.532812 0.965625 0.612283
0 0.446875 0.396875 0.446875 0.404687 0.453125 0.404687 0.45625 0.407813 0.45625 0.4125 0.457812 0.414062 0.457812 0.417188 0.459375 0.417188 0.460938 0.41875 0.4625 0.41875 0.464063 0.420312 0.471875 0.420312 0.473437 0.421875 0.484375 0.421875 0.485938 0.423438 0.489062 0.423438 0.490625 0.425 0.492188 0.425 0.496875 0.429688 0.501562 0.429688 0.503125 0.43125 0.504687 0.43125 0.50625 0.432813 0.50625 0.440625 0.503125 0.44375 0.5 0.44375 0.498437 0.445312 0.496875 0.445312 0.496875 0.448438 0.498437 0.448438 0.501562 0.451562 0.5 0.453125 0.496875 0.453125 0.495313 0.454688 0.4875 0.454688 0.485938 0.45625 0.482812 0.45625 0.48125 0.457812 0.479688 0.457812 0.475 0.4625 0.473437 0.4625 0.471875 0.464063 0.470313 0.464063 0.467187 0.467187 0.464063 0.467187 0.4625 0.46875 0.460938 0.46875 0.459375 0.470313 0.453125 0.464063 0.453125 0.4625 0.446875 0.4625 0.446875 0.475 0.454688 0.475 0.45625 0.473437 0.4625 0.473437 0.464063 0.475 0.467187 0.475 0.46875 0.473437 0.471875 0.473437 0.473437 0.475 0.478125 0.475 0.479688 0.476562 0.482812 0.476562 0.484375 0.478125 0.484375 0.482812 0.570312 0.482812 0.570312 0.478125 0.576563 0.471875 0.578125 0.471875 0.58125 0.46875 0.582812 0.46875 0.584375 0.467187 0.590625 0.467187 0.59375 0.470313 0.596875 0.470313 0.603125 0.476562 0.603125 0.482812 0.628125 0.482812 0.628125 0.478125 0.629687 0.476562 0.629687 0.475 0.632812 0.471875 0.639063 0.471875 0.639063 0.420312 0.632812 0.420312 0.63125 0.41875 0.63125 0.417188 0.628125 0.414062 0.628125 0.4125 0.621875 0.40625 0.621875 0.396875 0.582812 0.396875 0.582812 0.401563 0.579687 0.404687 0.576563 0.404687 0.575 0.40625 0.571875 0.40625 0.570312 0.407813 0.567187 0.407813 0.565625 0.409375 0.560938 0.409375 0.559375 0.410937 0.55625 0.410937 0.554688 0.4125 0.553125 0.4125 0.548437 0.417188 0.548437 0.41875 0.54375 0.423438 0.5375 0.423438 0.534375 0.420312 0.539062 0.415625 0.539062 0.414062 0.5375 0.4125 0.5375 0.410937 0.535937 0.409375 0.53125 0.409375 0.529688 0.410937 0.528125 0.410937 0.523438 0.415625 0.529688 0.421875 0.528125 0.423438 0.523438 0.423438 0.521875 0.425 0.520312 0.423438 0.51875 0.423438 0.517187 0.421875 0.517187 0.414062 0.515625 0.4125 0.515625 0.40625 0.514063 0.404687 0.514063 0.396875 0.556045
0 0.545313 0.478125 0.545313 0.482812 0.56875 0.482812 0.56875 0.475 0.567187 0.473437 0.564062 0.473437 0.5625 0.475 0.560938 0.475 0.559375 0.476562 0.548437 0.476562 0.546875 0.478125 0.545313 0.478125 0.514063 0.46875 0.515625 0.470313 0.515625 0.475 0.514063 0.476562 0.514063 0.482812 0.509375 0.439063 0.515625 0.439063 0.517187 0.4375 0.532812 0.439063 0.539062 0.439063 0.540625 0.440625 0.542188 0.440625 0.54375 0.442187 0.554688 0.442187 0.55625 0.44375 0.564062 0.44375 0.565625 0.445312 0.570312 0.445312 0.571875 0.446875 0.575 0.446875 0.576563 0.448438 0.578125 0.448438 0.579687 0.45 0.582812 0.45 0.585938 0.453125 0.585938 0.454688 0.590625 0.459375 0.589063 0.460938 0.589063 0.4625 0.5875 0.464063 0.582812 0.464063 0.58125 0.465625 0.578125 0.465625 0.590625 0.465625 0.592188 0.467187 0.592188 0.46875 0.59375 0.46875 0.595312 0.470313 0.596875 0.470313 0.603125 0.476562 0.603125 0.482812 0.628125 0.482812 0.628125 0.476562 0.632812 0.471875 0.639063 0.471875 0.639063 0.420312 0.634375 0.420312 0.629687 0.415625 0.629687 0.414062 0.628125 0.4125 0.628125 0.410937 0.625 0.407813 0.625 0.403125 0.567187 0.403125 0.567187 0.407813 0.565625 0.409375 0.564062 0.409375 0.5625 0.410937 0.559375 0.410937 0.55625 0.414062 0.554688 0.414062 0.553125 0.415625 0.553125 0.417188 0.551562 0.41875 0.551562 0.420312 0.55 0.421875 0.55 0.423438 0.545313 0.428125 0.54375 0.428125 0.54375 0.429688 0.540625 0.432813 0.539062 0.432813 0.535937 0.435937 0.535937 0.4375 0.534375 0.439063 0.532812 0.439063 0.517187 0.4375 0.517187 0.434375 0.515625 0.432813 0.509375 0.432813 0.509375 0.439063 0.514063 0.482812 0.509375 0.482812 0.509375 0.46875 0.514063 0.46875 0.419842
