0 0 0.596875 0 0.675 0.0015625 0.675 0.003125 0.676562 0.0046875 0.676562 0.0078125 0.679688 0.009375 0.679688 0.0140625 0.684375 0.015625 0.684375 0.0171875 0.685938 0.01875 0.685938 0.0203125 0.6875 0.0234375 0.6875 0.025 0.689062 0.028125 0.689062 0.0296875 0.690625 0.0328125 0.690625 0.034375 0.692187 0.0375 0.692187 0.0390625 0.69375 0.0421875 0.69375 0.0453125 0.696875 0.0453125 0.701563 0.101562 0.701563 0.101562 0.675 0.096875 0.675 0.0953125 0.673437 0.0953125 0.671875 0.0921875 0.66875 0.0921875 0.667188 0.090625 0.665625 0.090625 0.6625 0.0890625 0.660937 0.0890625 0.659375 0.084375 0.654688 0.084375 0.653125 0.0796875 0.648438 0.0796875 0.646875 0.0765625 0.64375 0.0765625 0.642187 0.071875 0.6375 0.071875 0.635938 0.0609375 0.625 0.059375 0.625 0.05625 0.621875 0.0546875 0.621875 0.053125 0.620313 0.0515625 0.620313 0.0484375 0.617188 0.046875 0.617188 0.0453125 0.615625 0.04375 0.615625 0.0421875 0.614062 0.040625 0.614062 0.0390625 0.6125 0.0359375 0.6125 0.034375 0.610937 0.0328125 0.610937 0.03125 0.609375 0.0265625 0.609375 0.025 0.607813 0.021875 0.607813 0.0203125 0.60625 0.01875 0.60625 0.0171875 0.604688 0.015625 0.604688 0.0125 0.601562 0.0125 0.596875 0.901506
0 0 0.678125 0 0.839063 0.0046875 0.839063 0.00625 0.8375 0.0140625 0.8375 0.015625 0.835938 0.01875 0.835938 0.0203125 0.834375 0.0296875 0.834375 0.03125 0.832812 0.0359375 0.832812 0.0375 0.83125 0.040625 0.83125 0.0421875 0.829687 0.0453125 0.829687 0.046875 0.828125 0.053125 0.828125 0.0546875 0.826563 0.059375 0.826563 0.0609375 0.825 0.065625 0.825 0.0671875 0.823438 0.071875 0.823438 0.0734375 0.821875 0.0796875 0.821875 0.08125 0.820312 0.0921875 0.820312 0.09375 0.81875 0.0984375 0.81875 0.1 0.817187 0.10625 0.817187 0.107813 0.815625 0.114063 0.815625 0.115625 0.814062 0.123438 0.814062 0.125 0.8125 0.129688 0.8125 0.13125 0.810938 0.1375 0.810938 0.139062 0.809375 0.146875 0.809375 0.148438 0.807813 0.160938 0.807813 0.1625 0.80625 0.16875 0.80625 0.170312 0.804688 0.176563 0.804688 0.178125 0.803125 0.189063 0.803125 0.190625 0.801562 0.198437 0.801562 0.2 0.8 0.204688 0.8 0.20625 0.798437 0.210938 0.798437 0.2125 0.796875 0.21875 0.796875 0.220313 0.795313 0.225 0.795313 0.226562 0.79375 0.229687 0.79375 0.23125 0.792188 0.234375 0.792188 0.235938 0.790625 0.242188 0.790625 0.24375 0.789062 0.246875 0.789062 0.248437 0.7875 0.253125 0.7875 0.254687 0.785937 0.257812 0.785937 0.259375 0.784375 0.2625 0.784375 0.264062 0.782812 0.265625 0.782812 0.270312 0.778125 0.264062 0.771875 0.2625 0.771875 0.260938 0.770312 0.259375 0.770312 0.257812 0.76875 0.25625 0.76875 0.253125 0.765625 0.251563 0.765625 0.25 0.764063 0.246875 0.764063 0.245312 0.7625 0.24375 0.7625 0.242188 0.760938 0.240625 0.760938 0.239063 0.759375 0.2375 0.759375 0.235938 0.757812 0.234375 0.757812 0.232812 0.75625 0.229687 0.75625 0.228125 0.754687 0.223438 0.754687 0.221875 0.753125 0.220313 0.753125 0.21875 0.751562 0.217187 0.751562 0.215625 0.75 0.214062 0.75 0.2125 0.748438 0.209375 0.748438 0.207813 0.746875 0.203125 0.746875 0.201562 0.745313 0.2 0.745313 0.198437 0.74375 0.196875 0.74375 0.195312 0.742188 0.192188 0.742188 0.190625 0.740625 0.1875 0.740625 0.185937 0.739062 0.184375 0.739062 0.182812 0.7375 0.18125 0.7375 0.179688 0.735937 0.176563 0.735937 0.175 0.734375 0.171875 0.734375 0.170312 0.732813 0.16875 0.732813 0.167187 0.73125 0.165625 0.73125 0.164062 0.729688 0.1625 0.729688 0.160938 0.728125 0.157813 0.728125 0.15625 0.726562 0.154687 0.726562 0.153125 0.725 0.151562 0.725 0.15 0.723437 0.146875 0.723437 0.145313 0.721875 0.140625 0.721875 0.139062 0.720312 0.1375 0.720312 0.135937 0.71875 0.134375 0.71875 0.132812 0.717188 0.129688 0.717188 0.128125 0.715625 0.125 0.715625 0.123438 0.714063 0.121875 0.714063 0.120312 0.7125 0.11875 0.7125 0.117188 0.710938 0.115625 0.710938 0.114063 0.709375 0.1125 0.709375 0.110937 0.707812 0.109375 0.707812 0.107813 0.70625 0.104687 0.70625 0.103125 0.704687 0.090625 0.704687 0.0890625 0.703125 0.0796875 0.703125 0.078125 0.701563 0.059375 0.701563 0.0578125 0.7 0.0515625 0.7 0.05 0.698438 0.0453125 0.698438 0.04375 0.696875 0.0390625 0.696875 0.0375 0.695312 0.034375 0.695312 0.0328125 0.69375 0.03125 0.69375 0.0296875 0.692187 0.028125 0.692187 0.0265625 0.690625 0.0203125 0.690625 0.01875 0.689062 0.0171875 0.689062 0.015625 0.6875 0.0140625 0.6875 0.009375 0.682813 0.009375 0.678125 0.888992
0 0.196875 0.671875 0.196875 0.742188 0.204688 0.742188 0.20625 0.74375 0.209375 0.74375 0.210938 0.745313 0.2125 0.745313 0.214062 0.746875 0.215625 0.746875 0.217187 0.748438 0.220313 0.748438 0.221875 0.75 0.226562 0.75 0.228125 0.751562 0.232812 0.751562 0.234375 0.753125 0.24375 0.753125 0.245312 0.751562 0.245312 0.745313 0.246875 0.74375 0.248437 0.74375 0.253125 0.739062 0.253125 0.7375 0.254687 0.735937 0.254687 0.734375 0.257812 0.73125 0.265625 0.73125 0.267188 0.732813 0.267188 0.734375 0.265625 0.735937 0.265625 0.7375 0.2625 0.740625 0.2625 0.742188 0.260938 0.74375 0.260938 0.745313 0.257812 0.748438 0.25625 0.748438 0.251563 0.753125 0.251563 0.757812 0.253125 0.759375 0.254687 0.759375 0.260938 0.765625 0.2625 0.765625 0.265625 0.76875 0.267188 0.76875 0.26875 0.770312 0.270312 0.770312 0.271875 0.771875 0.273438 0.771875 0.275 0.773438 0.285937 0.773438 0.2875 0.771875 0.290625 0.771875 0.29375 0.76875 0.295312 0.76875 0.296875 0.767187 0.298438 0.767187 0.301562 0.764063 0.303125 0.764063 0.307813 0.759375 0.310937 0.759375 0.3125 0.757812 0.321875 0.757812 0.329688 0.765625 0.33125 0.765625 0.334375 0.76875 0.335938 0.76875 0.3375 0.770312 0.339063 0.770312 0.342187 0.773438 0.34375 0.773438 0.348437 0.778125 0.35 0.778125 0.351562 0.779688 0.353125 0.779688 0.354688 0.78125 0.35625 0.78125 0.357812 0.782812 0.360938 0.782812 0.3625 0.784375 0.36875 0.784375 0.370313 0.785937 0.375 0.785937 0.376563 0.7875 0.379687 0.7875 0.38125 0.789062 0.384375 0.789062 0.385938 0.790625 0.389062 0.790625 0.390625 0.792188 0.392188 0.792188 0.39375 0.79375 0.395312 0.79375 0.396875 0.795313 0.4 0.795313 0.401563 0.796875 0.404687 0.796875 0.40625 0.798437 0.407813 0.798437 0.410937 0.801562 0.4125 0.801562 0.414062 0.803125 0.417188 0.803125 0.420312 0.80625 0.421875 0.80625 0.423438 0.807813 0.426562 0.807813 0.428125 0.809375 0.43125 0.809375 0.434375 0.8125 0.435937 0.8125 0.4375 0.814062 0.439063 0.814062 0.440625 0.815625 0.442187 0.815625 0.44375 0.817187 0.446875 0.817187 0.448438 0.81875 0.45 0.81875 0.451562 0.820312 0.454688 0.820312 0.45625 0.821875 0.459375 0.821875 0.460938 0.823438 0.464063 0.823438 0.465625 0.825 0.467187 0.825 0.46875 0.826563 0.470313 0.826563 0.471875 0.828125 0.475 0.828125 0.476562 0.829687 0.478125 0.829687 0.479688 0.83125 0.484375 0.83125 0.485938 0.832812 0.489062 0.832812 0.490625 0.834375 0.49375 0.834375 0.495313 0.835938 0.5 0.835938 0.501562 0.8375 0.504687 0.8375 0.50625 0.839063 0.507812 0.839063 0.509375 0.840625 0.509375 0.845312 0.54375 0.845312 0.54375 0.839063 0.545313 0.8375 0.551562 0.8375 0.553125 0.835938 0.553125 0.828125 0.557813 0.823438 0.560938 0.823438 0.5625 0.821875 0.564062 0.821875 0.565625 0.820312 0.567187 0.820312 0.56875 0.81875 0.571875 0.81875 0.573438 0.817187 0.576563 0.817187 0.578125 0.815625 0.579687 0.815625 0.58125 0.814062 0.585938 0.814062 0.5875 0.8125 0.595312 0.8125 0.596875 0.810938 0.607813 0.810938 0.609375 0.809375 0.617188 0.809375 0.61875 0.807813 0.629687 0.807813 0.63125 0.80625 0.64375 0.80625 0.645312 0.804688 0.665625 0.804688 0.667188 0.803125 0.692187 0.803125 0.69375 0.801562 0.707812 0.801562 0.709375 0.803125 0.715625 0.803125 0.717188 0.804688 0.725 0.804688 0.726562 0.80625 0.732813 0.80625 0.734375 0.807813 0.745313 0.807813 0.746875 0.809375 0.75625 0.809375 0.757812 0.810938 0.767187 0.810938 0.76875 0.8125 0.778125 0.8125 0.779688 0.814062 0.790625 0.814062 0.792188 0.815625 0.801562 0.815625 0.803125 0.817187 0.810938 0.817187 0.8125 0.81875 0.817187 0.81875 0.81875 0.820312 0.826563 0.820312 0.828125 0.821875 0.854688 0.821875 0.85625 0.820312 0.860937 0.820312 0.8625 0.821875 0.86875 0.821875 0.870313 0.823438 0.871875 0.823438 0.873438 0.825 0.876562 0.825 0.878125 0.826563 0.896875 0.826563 0.898438 0.828125 0.909375 0.828125 0.910937 0.826563 0.942187 0.826563 0.94375 0.825 0.957812 0.825 0.959375 0.823438 0.971875 0.823438 0.973437 0.825 0.984375 0.825 0.985937 0.823438 0.99375 0.823438 0.995313 0.821875 0.998438 0.821875 0.998438 0.757812 0.996875 0.757812 0.990625 0.751562 0.982813 0.751562 0.98125 0.75 0.960938 0.75 0.959375 0.748438 0.932813 0.748438 0.93125 0.746875 0.923437 0.746875 0.921875 0.745313 0.903125 0.745313 0.901563 0.74375 0.898438 0.74375 0.896875 0.742188 0.89375 0.742188 0.892187 0.740625 0.8875 0.740625 0.885938 0.739062 0.88125 0.739062 0.879687 0.7375 0.876562 0.7375 0.875 0.735937 0.871875 0.735937 0.870313 0.734375 0.864062 0.734375 0.8625 0.732813 0.857813 0.732813 0.85625 0.73125 0.853125 0.73125 0.851562 0.729688 0.848437 0.729688 0.846875 0.728125 0.840625 0.728125 0.839063 0.726562 0.832812 0.726562 0.83125 0.725 0.821875 0.725 0.820312 0.723437 0.815625 0.723437 0.814062 0.721875 0.810938 0.721875 0.809375 0.720312 0.807813 0.720312 0.80625 0.71875 0.804688 0.71875 0.803125 0.717188 0.801562 0.717188 0.8 0.715625 0.796875 0.715625 0.795313 0.714063 0.79375 0.714063 0.790625 0.710938 0.789062 0.710938 0.7875 0.709375 0.785937 0.709375 0.784375 0.707812 0.78125 0.707812 0.779688 0.70625 0.771875 0.70625 0.770312 0.704687 0.7625 0.704687 0.760938 0.703125 0.759375 0.703125 0.75625 0.7 0.754687 0.7 0.751562 0.696875 0.746875 0.696875 0.745313 0.695312 0.740625 0.695312 0.739062 0.69375 0.7375 0.69375 0.735937 0.692187 0.734375 0.692187 0.732813 0.690625 0.728125 0.690625 0.726562 0.689062 0.723437 0.689062 0.721875 0.6875 0.720312 0.6875 0.71875 0.685938 0.717188 0.685938 0.715625 0.684375 0.710938 0.684375 0.709375 0.682813 0.68125 0.682813 0.679688 0.684375 0.66875 0.684375 0.667188 0.685938 0.657812 0.685938 0.65625 0.684375 0.648438 0.684375 0.646875 0.682813 0.6375 0.682813 0.635938 0.68125 0.617188 0.68125 0.615625 0.679688 0.609375 0.679688 0.607813 0.678125 0.60625 0.678125 0.604688 0.676562 0.604688 0.671875 0.382812 0.671875 0.382812 0.678125 0.384375 0.678125 0.385938 0.679688 0.3875 0.679688 0.389062 0.68125 0.390625 0.68125 0.39375 0.684375 0.392188 0.685938 0.389062 0.685938 0.3875 0.6875 0.385938 0.6875 0.384375 0.689062 0.378125 0.689062 0.376563 0.690625 0.370313 0.690625 0.36875 0.692187 0.364062 0.692187 0.360938 0.695312 0.359375 0.695312 0.357812 0.696875 0.35625 0.696875 0.354688 0.698438 0.353125 0.698438 0.346875 0.704687 0.334375 0.704687 0.332812 0.70625 0.326562 0.70625 0.325 0.707812 0.320312 0.707812 0.31875 0.709375 0.317187 0.709375 0.314063 0.7125 0.3125 0.7125 0.310937 0.714063 0.301562 0.714063 0.298438 0.717188 0.298438 0.71875 0.295312 0.721875 0.29375 0.720312 0.29375 0.709375 0.292188 0.707812 0.28125 0.707812 0.279687 0.70625 0.278125 0.70625 0.276563 0.707812 0.265625 0.707812 0.264062 0.70625 0.2625 0.70625 0.260938 0.704687 0.259375 0.704687 0.257812 0.703125 0.257812 0.7 0.25625 0.698438 0.25625 0.695312 0.254687 0.69375 0.254687 0.692187 0.253125 0.690625 0.253125 0.684375 0.251563 0.682813 0.242188 0.682813 0.240625 0.68125 0.2375 0.68125 0.232812 0.676562 0.232812 0.671875 0.802003
0 0.660937 0.689062 0.6625 0.690625 0.664062 0.690625 0.66875 0.695312 0.673437 0.695312 0.675 0.696875 0.684375 0.696875 0.685938 0.698438 0.690625 0.698438 0.692187 0.7 0.69375 0.7 0.695312 0.701563 0.696875 0.701563 0.698438 0.703125 0.707812 0.703125 0.707812 0.685938 0.7 0.685938 0.698438 0.684375 0.678125 0.684375 0.676562 0.685938 0.671875 0.685938 0.670313 0.6875 0.665625 0.6875 0.664062 0.689062 0.660937 0.689062 0.646875 0.673437 0.645312 0.675 0.642187 0.671875 0.578125 0.673437 0.578125 0.66875 0.576563 0.667188 0.576563 0.659375 0.578125 0.657812 0.578125 0.65625 0.579687 0.654688 0.579687 0.651563 0.575 0.646875 0.573438 0.646875 0.571875 0.645312 0.567187 0.645312 0.565625 0.64375 0.560938 0.64375 0.559375 0.642187 0.554688 0.642187 0.553125 0.640625 0.54375 0.640625 0.542188 0.639063 0.520312 0.639063 0.51875 0.6375 0.517187 0.6375 0.515625 0.635938 0.514063 0.635938 0.5125 0.634375 0.510938 0.634375 0.509375 0.632812 0.50625 0.632812 0.504687 0.63125 0.5 0.63125 0.498437 0.629687 0.484375 0.629687 0.482812 0.628125 0.465625 0.628125 0.464063 0.626562 0.4625 0.626562 0.460938 0.625 0.453125 0.625 0.451562 0.623438 0.445312 0.623438 0.44375 0.621875 0.4375 0.621875 0.435937 0.620313 0.429688 0.620313 0.428125 0.61875 0.425 0.61875 0.423438 0.617188 0.420312 0.617188 0.41875 0.615625 0.414062 0.615625 0.4125 0.614062 0.409375 0.614062 0.407813 0.6125 0.404687 0.6125 0.403125 0.610937 0.398438 0.610937 0.396875 0.609375 0.392188 0.609375 0.390625 0.607813 0.385938 0.607813 0.384375 0.60625 0.38125 0.60625 0.379687 0.604688 0.375 0.604688 0.373437 0.603125 0.370313 0.603125 0.36875 0.601562 0.364062 0.601562 0.3625 0.6 0.357812 0.6 0.35625 0.598437 0.353125 0.598437 0.351562 0.596875 0.348437 0.596875 0.346875 0.595312 0.34375 0.595312 0.342187 0.59375 0.335938 0.59375 0.334375 0.592188 0.328125 0.592188 0.326562 0.590625 0.323438 0.590625 0.321875 0.589063 0.317187 0.589063 0.315625 0.5875 0.309375 0.5875 0.307813 0.585938 0.3 0.585938 0.298438 0.584375 0.292188 0.584375 0.290625 0.582812 0.284375 0.582812 0.282813 0.58125 0.276563 0.58125 0.275 0.579687 0.270312 0.579687 0.26875 0.578125 0.2625 0.578125 0.260938 0.576563 0.253125 0.576563 0.251563 0.575 0.24375 0.575 0.242188 0.573438 0.232812 0.573438 0.23125 0.571875 0.223438 0.571875 0.221875 0.570312 0.21875 0.570312 0.217187 0.56875 0.2125 0.56875 0.210938 0.567187 0.204688 0.567187 0.203125 0.565625 0.196875 0.565625 0.195312 0.564062 0.195312 0.5625 0.198437 0.559375 0.201562 0.559375 0.201562 0.553125 0.19375 0.553125 0.19375 0.557813 0.192188 0.559375 0.190625 0.559375 0.189063 0.560938 0.145313 0.560938 0.14375 0.5625 0.13125 0.5625 0.129688 0.564062 0.117188 0.564062 0.115625 0.565625 0.109375 0.565625 0.107813 0.567187 0.104687 0.567187 0.103125 0.56875 0.1 0.56875 0.0984375 0.570312 0.09375 0.570312 0.0921875 0.571875 0.0875 0.571875 0.0859375 0.573438 0.0796875 0.573438 0.078125 0.575 0.0734375 0.575 0.071875 0.576563 0.0609375 0.576563 0.059375 0.578125 0.0546875 0.578125 0.053125 0.579687 0.0515625 0.579687 0.05 0.58125 0.046875 0.58125 0.0453125 0.582812 0.04375 0.582812 0.0421875 0.584375 0.0390625 0.584375 0.0375 0.585938 0.0359375 0.585938 0.034375 0.5875 0.0328125 0.5875 0.0296875 0.590625 0.028125 0.590625 0.025 0.59375 0.021875 0.59375 0.0203125 0.595312 0.01875 0.595312 0.0171875 0.596875 0.0171875 0.601562 0.01875 0.601562 0.0203125 0.603125 0.0234375 0.603125 0.025 0.604688 0.028125 0.604688 0.0296875 0.60625 0.03125 0.60625 0.0328125 0.607813 0.0359375 0.607813 0.0375 0.609375 0.040625 0.609375 0.0421875 0.610937 0.04375 0.610937 0.046875 0.614062 0.0484375 0.614062 0.05 0.615625 0.053125 0.615625 0.059375 0.621875 0.0609375 0.621875 0.0671875 0.628125 0.06875 0.628125 0.0703125 0.629687 0.0703125 0.63125 0.0765625 0.6375 0.0765625 0.639063 0.08125 0.64375 0.08125 0.645312 0.0828125 0.646875 0.0828125 0.648438 0.0859375 0.651563 0.0859375 0.653125 0.0890625 0.65625 0.0890625 0.657812 0.09375 0.6625 0.09375 0.664062 0.0953125 0.665625 0.0953125 0.66875 0.096875 0.670313 0.096875 0.671875 0.0984375 0.673437 0.0984375 0.676562 0.1 0.678125 0.1 0.68125 0.101562 0.682813 0.101562 0.685938 0.103125 0.6875 0.103125 0.689062 0.104687 0.690625 0.104687 0.695312 0.10625 0.696875 0.10625 0.7 0.110937 0.704687 0.1125 0.704687 0.114063 0.70625 0.115625 0.70625 0.117188 0.707812 0.11875 0.707812 0.120312 0.709375 0.121875 0.709375 0.123438 0.710938 0.125 0.710938 0.126563 0.7125 0.128125 0.7125 0.129688 0.714063 0.132812 0.714063 0.134375 0.715625 0.135937 0.715625 0.1375 0.717188 0.139062 0.717188 0.140625 0.71875 0.14375 0.71875 0.145313 0.720312 0.148438 0.720312 0.15 0.721875 0.151562 0.721875 0.153125 0.723437 0.15625 0.723437 0.157813 0.725 0.159375 0.725 0.160938 0.726562 0.1625 0.726562 0.164062 0.728125 0.165625 0.728125 0.167187 0.729688 0.16875 0.729688 0.170312 0.73125 0.173438 0.73125 0.175 0.732813 0.178125 0.732813 0.179688 0.734375 0.182812 0.734375 0.184375 0.735937 0.185937 0.735937 0.1875 0.7375 0.189063 0.7375 0.190625 0.739062 0.19375 0.739062 0.195312 0.740625 0.196875 0.740625 0.198437 0.742188 0.2 0.742188 0.201562 0.74375 0.204688 0.74375 0.20625 0.745313 0.209375 0.745313 0.210938 0.746875 0.214062 0.746875 0.215625 0.748438 0.21875 0.748438 0.220313 0.75 0.225 0.75 0.228125 0.753125 0.228125 0.757812 0.24375 0.757812 0.24375 0.751562 0.25625 0.739062 0.257812 0.739062 0.257812 0.7375 0.260938 0.734375 0.2625 0.734375 0.26875 0.728125 0.270312 0.728125 0.271875 0.726562 0.273438 0.726562 0.275 0.725 0.276563 0.725 0.278125 0.723437 0.279687 0.723437 0.28125 0.721875 0.282813 0.721875 0.284375 0.720312 0.289062 0.720312 0.292188 0.717188 0.29375 0.717188 0.295312 0.715625 0.298438 0.715625 0.3 0.714063 0.303125 0.714063 0.304688 0.7125 0.30625 0.7125 0.307813 0.710938 0.310937 0.710938 0.3125 0.709375 0.317187 0.709375 0.31875 0.707812 0.320312 0.707812 0.321875 0.70625 0.323438 0.70625 0.326562 0.703125 0.328125 0.703125 0.329688 0.701563 0.332812 0.701563 0.334375 0.7 0.335938 0.7 0.3375 0.698438 0.339063 0.698438 0.340625 0.696875 0.34375 0.696875 0.345313 0.695312 0.35 0.695312 0.351562 0.69375 0.353125 0.69375 0.354688 0.692187 0.35625 0.692187 0.357812 0.690625 0.360938 0.690625 0.3625 0.689062 0.365625 0.689062 0.367188 0.6875 0.371875 0.6875 0.373437 0.685938 0.379687 0.685938 0.38125 0.684375 0.398438 0.684375 0.4 0.682813 0.407813 0.682813 0.409375 0.68125 0.41875 0.68125 0.420312 0.679688 0.421875 0.679688 0.423438 0.68125 0.453125 0.68125 0.454688 0.679688 0.4625 0.679688 0.464063 0.68125 0.489062 0.68125 0.490625 0.682813 0.496875 0.682813 0.498437 0.684375 0.507812 0.684375 0.509375 0.685938 0.515625 0.685938 0.517187 0.6875 0.535937 0.6875 0.5375 0.685938 0.548437 0.685938 0.55 0.684375 0.55625 0.684375 0.557813 0.682813 0.564062 0.682813 0.565625 0.68125 0.567187 0.68125 0.570312 0.678125 0.571875 0.678125 0.573438 0.676562 0.575 0.676562 0.578125 0.673437 0.642187 0.671875 0.640625 0.671875 0.642187 0.671875 0.64375 0.670313 0.645312 0.670313 0.646875 0.671875 0.646875 0.673437 0.774485
0 0.484375 0.840625 0.484375 0.845312 0.482812 0.846875 0.479688 0.846875 0.478125 0.848437 0.470313 0.848437 0.46875 0.85 0.43125 0.85 0.429688 0.851562 0.4125 0.851562 0.410937 0.853125 0.403125 0.853125 0.401563 0.854688 0.398438 0.854688 0.396875 0.85625 0.392188 0.85625 0.390625 0.857813 0.384375 0.857813 0.382812 0.859375 0.378125 0.859375 0.376563 0.860937 0.373437 0.860937 0.371875 0.8625 0.367188 0.8625 0.365625 0.864062 0.357812 0.864062 0.35625 0.865625 0.35 0.865625 0.348437 0.867188 0.345313 0.867188 0.34375 0.86875 0.340625 0.86875 0.339063 0.870313 0.334375 0.870313 0.332812 0.871875 0.33125 0.871875 0.329688 0.873438 0.328125 0.873438 0.326562 0.875 0.325 0.875 0.323438 0.876562 0.31875 0.876562 0.317187 0.878125 0.314063 0.878125 0.3125 0.879687 0.310937 0.879687 0.309375 0.88125 0.30625 0.88125 0.304688 0.882812 0.301562 0.882812 0.3 0.884375 0.295312 0.884375 0.29375 0.885938 0.290625 0.885938 0.289062 0.8875 0.285937 0.8875 0.284375 0.889063 0.279687 0.889063 0.278125 0.890625 0.265625 0.890625 0.264062 0.892187 0.253125 0.892187 0.251563 0.89375 0.246875 0.89375 0.245312 0.895312 0.240625 0.895312 0.239063 0.896875 0.228125 0.896875 0.226562 0.898438 0.221875 0.898438 0.220313 0.9 0.215625 0.9 0.214062 0.901563 0.209375 0.901563 0.207813 0.903125 0.196875 0.903125 0.195312 0.904688 0.189063 0.904688 0.1875 0.90625 0.185937 0.90625 0.184375 0.907812 0.18125 0.907812 0.179688 0.909375 0.173438 0.909375 0.171875 0.910937 0.165625 0.910937 0.164062 0.9125 0.159375 0.9125 0.157813 0.914062 0.154687 0.914062 0.153125 0.915625 0.145313 0.915625 0.14375 0.917188 0.140625 0.917188 0.139062 0.91875 0.135937 0.91875 0.134375 0.920313 0.13125 0.920313 0.129688 0.921875 0.121875 0.921875 0.120312 0.923437 0.117188 0.923437 0.115625 0.925 0.110937 0.925 0.109375 0.926562 0.104687 0.926562 0.103125 0.928125 0.0984375 0.928125 0.096875 0.929688 0.0953125 0.929688 0.09375 0.93125 0.090625 0.93125 0.0890625 0.932813 0.0859375 0.932813 0.084375 0.934375 0.0828125 0.934375 0.078125 0.939062 0.0765625 0.939062 0.0703125 0.945312 0.06875 0.945312 0.0671875 0.946875 0.065625 0.946875 0.0640625 0.948438 0.059375 0.948438 0.05625 0.951563 0.0546875 0.951563 0.053125 0.953125 0.0515625 0.953125 0.0484375 0.95625 0.046875 0.95625 0.0390625 0.964063 0.0375 0.964063 0.034375 0.967188 0.0328125 0.967188 0.028125 0.971875 0.0265625 0.971875 0.025 0.973437 0.01875 0.973437 0.0171875 0.975 0.0140625 0.975 0.0125 0.976562 0.009375 0.976562 0.0078125 0.978125 0 0.978125 0 0.998438 0.167187 0.998438 0.167187 0.996875 0.16875 0.995313 0.171875 0.995313 0.173438 0.99375 0.18125 0.99375 0.182812 0.992188 0.184375 0.992188 0.1875 0.989062 0.189063 0.989062 0.198437 0.979688 0.2 0.979688 0.204688 0.975 0.20625 0.975 0.207813 0.973437 0.209375 0.973437 0.210938 0.971875 0.2125 0.971875 0.214062 0.970312 0.215625 0.970312 0.21875 0.967188 0.220313 0.967188 0.221875 0.965625 0.223438 0.965625 0.225 0.964063 0.226562 0.964063 0.229687 0.960938 0.23125 0.960938 0.232812 0.959375 0.234375 0.959375 0.235938 0.957812 0.2375 0.957812 0.240625 0.954687 0.242188 0.954687 0.245312 0.951563 0.246875 0.951563 0.248437 0.95 0.25 0.95 0.251563 0.948438 0.253125 0.948438 0.254687 0.946875 0.25625 0.946875 0.259375 0.94375 0.260938 0.94375 0.2625 0.942187 0.264062 0.942187 0.265625 0.940625 0.267188 0.940625 0.26875 0.939062 0.270312 0.939062 0.271875 0.9375 0.276563 0.9375 0.278125 0.935938 0.284375 0.935938 0.285937 0.934375 0.292188 0.934375 0.29375 0.932813 0.296875 0.932813 0.298438 0.93125 0.301562 0.93125 0.303125 0.929688 0.30625 0.929688 0.307813 0.928125 0.314063 0.928125 0.315625 0.926562 0.317187 0.926562 0.31875 0.925 0.321875 0.925 0.323438 0.923437 0.328125 0.923437 0.329688 0.921875 0.334375 0.921875 0.335938 0.920313 0.345313 0.920313 0.346875 0.91875 0.359375 0.91875 0.360938 0.917188 0.370313 0.917188 0.371875 0.915625 0.379687 0.915625 0.38125 0.914062 0.384375 0.914062 0.385938 0.9125 0.392188 0.9125 0.39375 0.910937 0.41875 0.910937 0.420312 0.909375 0.421875 0.910937 0.435937 0.910937 0.4375 0.909375 0.445312 0.909375 0.446875 0.907812 0.451562 0.907812 0.453125 0.90625 0.454688 0.90625 0.45625 0.904688 0.457812 0.904688 0.459375 0.903125 0.464063 0.903125 0.465625 0.901563 0.470313 0.901563 0.471875 0.9 0.478125 0.9 0.479688 0.898438 0.484375 0.898438 0.485938 0.896875 0.492188 0.896875 0.49375 0.895312 0.5 0.895312 0.501562 0.89375 0.507812 0.89375 0.507812 0.840625 0.740773
0 0.851562 0.882812 0.85 0.884375 0.84375 0.884375 0.842188 0.885938 0.834375 0.885938 0.832812 0.8875 0.807813 0.8875 0.80625 0.889063 0.785937 0.889063 0.784375 0.8875 0.746875 0.8875 0.745313 0.885938 0.7375 0.885938 0.735937 0.884375 0.73125 0.884375 0.729688 0.882812 0.725 0.882812 0.723437 0.88125 0.71875 0.88125 0.717188 0.879687 0.7125 0.879687 0.710938 0.878125 0.69375 0.878125 0.692187 0.879687 0.682813 0.879687 0.68125 0.88125 0.6625 0.88125 0.660937 0.879687 0.65625 0.879687 0.654688 0.88125 0.65 0.88125 0.648438 0.879687 0.629687 0.879687 0.628125 0.88125 0.567187 0.88125 0.565625 0.879687 0.557813 0.879687 0.55625 0.88125 0.539062 0.88125 0.5375 0.882812 0.529688 0.882812 0.528125 0.884375 0.525 0.884375 0.523438 0.885938 0.520312 0.885938 0.51875 0.8875 0.5125 0.8875 0.510938 0.889063 0.507812 0.889063 0.50625 0.890625 0.504687 0.890625 0.503125 0.892187 0.5 0.892187 0.498437 0.89375 0.495313 0.89375 0.49375 0.895312 0.492188 0.895312 0.490625 0.896875 0.4875 0.896875 0.485938 0.898438 0.48125 0.898438 0.479688 0.9 0.473437 0.9 0.471875 0.901563 0.467187 0.901563 0.465625 0.903125 0.4625 0.903125 0.460938 0.904688 0.45625 0.904688 0.454688 0.90625 0.451562 0.90625 0.45 0.907812 0.445312 0.907812 0.44375 0.909375 0.439063 0.909375 0.4375 0.910937 0.43125 0.910937 0.429688 0.9125 0.385938 0.9125 0.384375 0.914062 0.376563 0.914062 0.375 0.915625 0.36875 0.915625 0.367188 0.917188 0.340625 0.917188 0.339063 0.91875 0.329688 0.91875 0.328125 0.920313 0.321875 0.920313 0.320312 0.921875 0.315625 0.921875 0.314063 0.923437 0.307813 0.923437 0.30625 0.925 0.303125 0.925 0.301562 0.926562 0.298438 0.926562 0.296875 0.928125 0.29375 0.928125 0.292188 0.929688 0.289062 0.929688 0.2875 0.93125 0.284375 0.93125 0.282813 0.932813 0.279687 0.932813 0.278125 0.934375 0.275 0.934375 0.273438 0.935938 0.271875 0.935938 0.270312 0.9375 0.26875 0.9375 0.267188 0.939062 0.265625 0.939062 0.264062 0.940625 0.2625 0.940625 0.257812 0.945312 0.25625 0.945312 0.253125 0.948438 0.251563 0.948438 0.246875 0.953125 0.245312 0.953125 0.24375 0.954687 0.240625 0.954687 0.239063 0.95625 0.2375 0.95625 0.235938 0.957812 0.234375 0.957812 0.232812 0.959375 0.23125 0.959375 0.229687 0.960938 0.221875 0.960938 0.221875 0.998438 0.35625 0.998438 0.35625 0.996875 0.357812 0.995313 0.359375 0.996875 0.359375 0.998438 0.49375 0.998438 0.49375 0.996875 0.495313 0.995313 0.509375 0.995313 0.510938 0.996875 0.510938 0.998438 0.995313 0.998438 0.995313 0.95625 0.989062 0.95625 0.985937 0.953125 0.984375 0.953125 0.982813 0.951563 0.98125 0.951563 0.979688 0.95 0.978125 0.95 0.975 0.946875 0.973437 0.946875 0.971875 0.945312 0.970312 0.945312 0.96875 0.94375 0.967188 0.94375 0.965625 0.942187 0.964063 0.942187 0.9625 0.940625 0.960938 0.940625 0.959375 0.939062 0.951563 0.939062 0.95 0.9375 0.946875 0.9375 0.94375 0.934375 0.942187 0.934375 0.940625 0.932813 0.940625 0.93125 0.939062 0.929688 0.939062 0.928125 0.9375 0.926562 0.9375 0.925 0.934375 0.921875 0.934375 0.91875 0.932813 0.917188 0.932813 0.914062 0.925 0.90625 0.923437 0.90625 0.920313 0.903125 0.91875 0.903125 0.915625 0.9 0.914062 0.9 0.910937 0.896875 0.909375 0.896875 0.907812 0.895312 0.90625 0.895312 0.904688 0.89375 0.903125 0.89375 0.901563 0.892187 0.9 0.892187 0.898438 0.890625 0.895312 0.890625 0.89375 0.889063 0.890625 0.889063 0.889063 0.8875 0.884375 0.8875 0.882812 0.885938 0.878125 0.885938 0.876562 0.884375 0.871875 0.884375 0.870313 0.882812 0.851562 0.882812 0.85625 0.871875 0.859375 0.871875 0.860937 0.870313 0.8625 0.870313 0.8625 0.865625 0.85 0.865625 0.85 0.870313 0.854688 0.870313 0.85625 0.871875 0.740381
0 0.009375 0.490625 0.009375 0.5125 0.0171875 0.5125 0.01875 0.510938 0.0296875 0.510938 0.03125 0.509375 0.0421875 0.509375 0.04375 0.510938 0.0921875 0.510938 0.09375 0.5125 0.115625 0.5125 0.117188 0.514063 0.15625 0.514063 0.157813 0.515625 0.159375 0.515625 0.160938 0.514063 0.164062 0.514063 0.165625 0.515625 0.178125 0.515625 0.179688 0.517187 0.18125 0.517187 0.182812 0.51875 0.184375 0.51875 0.185937 0.520312 0.189063 0.520312 0.190625 0.521875 0.192188 0.521875 0.19375 0.523438 0.196875 0.523438 0.198437 0.525 0.204688 0.525 0.20625 0.526563 0.207813 0.526563 0.209375 0.528125 0.210938 0.528125 0.2125 0.529688 0.215625 0.529688 0.217187 0.53125 0.21875 0.53125 0.220313 0.532812 0.221875 0.532812 0.223438 0.534375 0.228125 0.534375 0.229687 0.535937 0.234375 0.535937 0.235938 0.5375 0.240625 0.5375 0.242188 0.539062 0.245312 0.539062 0.246875 0.540625 0.251563 0.540625 0.253125 0.542188 0.254687 0.542188 0.25625 0.54375 0.257812 0.54375 0.259375 0.545313 0.265625 0.545313 0.267188 0.546875 0.276563 0.546875 0.278125 0.548437 0.282813 0.548437 0.284375 0.55 0.2875 0.55 0.289062 0.551562 0.29375 0.551562 0.295312 0.553125 0.303125 0.553125 0.304688 0.554688 0.310937 0.554688 0.3125 0.55625 0.317187 0.55625 0.31875 0.557813 0.323438 0.557813 0.325 0.559375 0.334375 0.559375 0.335938 0.560938 0.342187 0.560938 0.34375 0.5625 0.346875 0.5625 0.348437 0.564062 0.353125 0.564062 0.354688 0.565625 0.359375 0.565625 0.360938 0.567187 0.365625 0.567187 0.367188 0.56875 0.370313 0.56875 0.371875 0.570312 0.373437 0.570312 0.375 0.571875 0.378125 0.571875 0.379687 0.573438 0.384375 0.573438 0.385938 0.575 0.389062 0.575 0.390625 0.576563 0.395312 0.576563 0.396875 0.578125 0.401563 0.578125 0.403125 0.579687 0.404687 0.579687 0.40625 0.58125 0.409375 0.58125 0.4125 0.584375 0.415625 0.584375 0.417188 0.585938 0.423438 0.585938 0.425 0.5875 0.43125 0.5875 0.432813 0.589063 0.434375 0.589063 0.435937 0.590625 0.4375 0.590625 0.440625 0.59375 0.442187 0.59375 0.445312 0.596875 0.446875 0.596875 0.448438 0.598437 0.451562 0.598437 0.453125 0.6 0.454688 0.6 0.45625 0.601562 0.457812 0.601562 0.459375 0.603125 0.460938 0.603125 0.464063 0.60625 0.465625 0.60625 0.46875 0.609375 0.46875 0.610937 0.478125 0.620313 0.478125 0.626562 0.495313 0.626562 0.495313 0.601562 0.489062 0.601562 0.484375 0.596875 0.484375 0.595312 0.482812 0.595312 0.476562 0.589063 0.475 0.589063 0.470313 0.584375 0.46875 0.584375 0.467187 0.582812 0.465625 0.582812 0.464063 0.58125 0.4625 0.58125 0.460938 0.579687 0.460938 0.578125 0.459375 0.578125 0.457812 0.576563 0.45625 0.576563 0.44375 0.564062 0.442187 0.564062 0.440625 0.5625 0.439063 0.5625 0.434375 0.557813 0.43125 0.557813 0.426562 0.553125 0.425 0.553125 0.423438 0.551562 0.420312 0.551562 0.415625 0.546875 0.414062 0.546875 0.4125 0.545313 0.410937 0.545313 0.40625 0.540625 0.404687 0.540625 0.403125 0.539062 0.4 0.539062 0.395312 0.534375 0.392188 0.534375 0.390625 0.532812 0.385938 0.532812 0.382812 0.529688 0.38125 0.529688 0.379687 0.528125 0.373437 0.528125 0.371875 0.526563 0.365625 0.526563 0.364062 0.525 0.3625 0.525 0.359375 0.521875 0.35 0.521875 0.348437 0.520312 0.342187 0.520312 0.340625 0.51875 0.3375 0.51875 0.334375 0.515625 0.325 0.515625 0.323438 0.514063 0.31875 0.514063 0.314063 0.509375 0.309375 0.509375 0.307813 0.507812 0.296875 0.507812 0.295312 0.509375 0.292188 0.509375 0.290625 0.510938 0.276563 0.510938 0.275 0.509375 0.271875 0.509375 0.270312 0.507812 0.234375 0.507812 0.232812 0.50625 0.220313 0.50625 0.21875 0.504687 0.214062 0.504687 0.2125 0.503125 0.204688 0.503125 0.203125 0.501562 0.2 0.501562 0.198437 0.5 0.19375 0.5 0.192188 0.498437 0.189063 0.498437 0.1875 0.496875 0.185937 0.496875 0.184375 0.495313 0.184375 0.490625 0.738321
0 0.934375 0.95 0.932813 0.95 0.93125 0.951563 0.920313 0.951563 0.91875 0.95 0.915625 0.95 0.914062 0.948438 0.909375 0.948438 0.907812 0.946875 0.895312 0.946875 0.89375 0.948438 0.892187 0.948438 0.890625 0.95 0.8875 0.95 0.885938 0.951563 0.882812 0.951563 0.88125 0.953125 0.88125 0.954687 0.882812 0.95625 0.882812 0.964063 0.94375 0.964063 0.94375 0.957812 0.9375 0.951563 0.935938 0.951563 0.934375 0.95 0.939062 0.939062 0.940625 0.939062 0.942187 0.9375 0.94375 0.9375 0.945312 0.935938 0.95 0.935938 0.951563 0.934375 0.953125 0.934375 0.95625 0.9375 0.95625 0.939062 0.959375 0.942187 0.960938 0.940625 0.965625 0.940625 0.967188 0.939062 0.96875 0.939062 0.970312 0.9375 0.976562 0.9375 0.979688 0.940625 0.995313 0.940625 0.995313 0.825 0.9875 0.825 0.985937 0.823438 0.984375 0.817187 0.985937 0.815625 0.995313 0.815625 0.995313 0.790625 0.853125 0.790625 0.853125 0.795313 0.859375 0.801562 0.864062 0.796875 0.865625 0.796875 0.867188 0.798437 0.86875 0.798437 0.870313 0.8 0.878125 0.8 0.879687 0.801562 0.88125 0.801562 0.882812 0.803125 0.885938 0.803125 0.8875 0.801562 0.89375 0.801562 0.895312 0.803125 0.896875 0.803125 0.898438 0.801562 0.921875 0.801562 0.923437 0.8 0.925 0.8 0.926562 0.798437 0.928125 0.798437 0.929688 0.8 0.93125 0.8 0.932813 0.801562 0.942187 0.801562 0.945312 0.804688 0.95 0.804688 0.951563 0.80625 0.953125 0.80625 0.957812 0.810938 0.960938 0.810938 0.9625 0.8125 0.965625 0.8125 0.96875 0.815625 0.970312 0.815625 0.971875 0.817187 0.973437 0.817187 0.975 0.815625 0.979688 0.815625 0.98125 0.817187 0.984375 0.817187 0.985937 0.823438 0.970312 0.823438 0.96875 0.825 0.957812 0.825 0.95625 0.826563 0.946875 0.826563 0.945312 0.828125 0.925 0.828125 0.923437 0.829687 0.885938 0.829687 0.884375 0.828125 0.876562 0.828125 0.875 0.826563 0.86875 0.826563 0.867188 0.825 0.8625 0.825 0.860937 0.823438 0.832812 0.823438 0.83125 0.821875 0.821875 0.821875 0.820312 0.820312 0.809375 0.820312 0.807813 0.81875 0.801562 0.81875 0.8 0.817187 0.79375 0.817187 0.792188 0.815625 0.778125 0.815625 0.776563 0.814062 0.765625 0.814062 0.764063 0.8125 0.757812 0.8125 0.75625 0.810938 0.748438 0.810938 0.746875 0.809375 0.734375 0.809375 0.732813 0.807813 0.726562 0.807813 0.725 0.80625 0.721875 0.80625 0.720312 0.804688 0.715625 0.804688 0.714063 0.803125 0.710938 0.803125 0.709375 0.801562 0.698438 0.801562 0.696875 0.8 0.695312 0.801562 0.673437 0.801562 0.671875 0.803125 0.665625 0.803125 0.664062 0.804688 0.65 0.804688 0.648438 0.80625 0.635938 0.80625 0.634375 0.807813 0.621875 0.807813 0.620313 0.809375 0.615625 0.809375 0.614062 0.810938 0.607813 0.810938 0.60625 0.8125 0.592188 0.8125 0.590625 0.814062 0.584375 0.814062 0.582812 0.815625 0.578125 0.815625 0.576563 0.817187 0.573438 0.817187 0.571875 0.81875 0.56875 0.81875 0.567187 0.820312 0.560938 0.820312 0.559375 0.821875 0.554688 0.821875 0.553125 0.823438 0.548437 0.823438 0.546875 0.825 0.54375 0.825 0.542188 0.826563 0.540625 0.826563 0.539062 0.828125 0.532812 0.828125 0.529688 0.83125 0.528125 0.83125 0.526563 0.832812 0.523438 0.832812 0.517187 0.826563 0.517187 0.825 0.515625 0.823438 0.515625 0.820312 0.509375 0.820312 0.509375 0.832812 0.515625 0.832812 0.517187 0.834375 0.520312 0.834375 0.521875 0.835938 0.521875 0.8375 0.523438 0.839063 0.523438 0.840625 0.525 0.842188 0.525 0.84375 0.526563 0.845312 0.526563 0.848437 0.528125 0.85 0.528125 0.853125 0.520312 0.860937 0.51875 0.860937 0.515625 0.864062 0.509375 0.864062 0.509375 0.8875 0.514063 0.8875 0.51875 0.882812 0.521875 0.882812 0.523438 0.88125 0.53125 0.88125 0.532812 0.882812 0.551562 0.882812 0.553125 0.884375 0.5625 0.884375 0.564062 0.885938 0.573438 0.885938 0.576563 0.889063 0.576563 0.890625 0.575 0.892187 0.573438 0.892187 0.571875 0.89375 0.55 0.89375 0.546875 0.896875 0.545313 0.896875 0.54375 0.895312 0.5375 0.895312 0.535937 0.89375 0.529688 0.89375 0.528125 0.892187 0.526563 0.89375 0.525 0.89375 0.521875 0.896875 0.51875 0.896875 0.517187 0.895312 0.515625 0.895312 0.514063 0.89375 0.509375 0.89375 0.509375 0.964063 0.867188 0.964063 0.867188 0.95625 0.865625 0.954687 0.8625 0.954687 0.860937 0.95625 0.85625 0.95625 0.853125 0.953125 0.853125 0.946875 0.851562 0.945312 0.85 0.945312 0.848437 0.94375 0.846875 0.94375 0.842188 0.939062 0.842188 0.9375 0.839063 0.934375 0.8375 0.934375 0.835938 0.932813 0.832812 0.932813 0.83125 0.93125 0.829687 0.93125 0.828125 0.929688 0.821875 0.929688 0.820312 0.928125 0.81875 0.928125 0.817187 0.926562 0.817187 0.925 0.814062 0.921875 0.807813 0.921875 0.803125 0.917188 0.784375 0.917188 0.782812 0.91875 0.78125 0.917188 0.7625 0.917188 0.760938 0.91875 0.75625 0.91875 0.754687 0.920313 0.7375 0.920313 0.735937 0.921875 0.726562 0.921875 0.725 0.920313 0.715625 0.920313 0.714063 0.91875 0.709375 0.91875 0.707812 0.917188 0.704687 0.917188 0.703125 0.915625 0.701563 0.915625 0.7 0.914062 0.696875 0.914062 0.69375 0.910937 0.69375 0.909375 0.692187 0.907812 0.690625 0.907812 0.689062 0.90625 0.682813 0.90625 0.68125 0.904688 0.678125 0.904688 0.676562 0.903125 0.68125 0.898438 0.682813 0.898438 0.684375 0.896875 0.690625 0.896875 0.692187 0.895312 0.690625 0.89375 0.690625 0.890625 0.692187 0.889063 0.69375 0.889063 0.695312 0.8875 0.704687 0.8875 0.70625 0.885938 0.715625 0.885938 0.717188 0.884375 0.723437 0.884375 0.725 0.885938 0.732813 0.885938 0.734375 0.8875 0.746875 0.8875 0.748438 0.889063 0.798437 0.889063 0.8 0.890625 0.815625 0.890625 0.817187 0.889063 0.829687 0.889063 0.83125 0.8875 0.842188 0.8875 0.84375 0.885938 0.876562 0.885938 0.878125 0.8875 0.88125 0.8875 0.882812 0.889063 0.885938 0.889063 0.8875 0.890625 0.890625 0.890625 0.892187 0.892187 0.895312 0.892187 0.896875 0.89375 0.898438 0.89375 0.9 0.895312 0.907812 0.895312 0.909375 0.896875 0.917188 0.896875 0.91875 0.898438 0.920313 0.898438 0.921875 0.9 0.923437 0.9 0.925 0.901563 0.925 0.904688 0.920313 0.909375 0.91875 0.909375 0.920313 0.910937 0.920313 0.914062 0.914062 0.920313 0.914062 0.921875 0.915625 0.923437 0.915625 0.926562 0.917188 0.928125 0.917188 0.929688 0.920313 0.932813 0.928125 0.932813 0.929688 0.934375 0.932813 0.934375 0.934375 0.935938 0.935938 0.935938 0.939062 0.939062 0.559351
0 0.9625 0.882812 0.965625 0.882812 0.970312 0.8875 0.973437 0.8875 0.975 0.889063 0.984375 0.889063 0.985937 0.8875 0.995313 0.8875 0.995313 0.878125 0.9625 0.878125 0.9625 0.882812 0.9375 0.914062 0.935938 0.914062 0.926562 0.904688 0.925 0.904688 0.923437 0.903125 0.921875 0.903125 0.920313 0.901563 0.91875 0.901563 0.915625 0.898438 0.914062 0.898438 0.9125 0.896875 0.910937 0.896875 0.909375 0.895312 0.907812 0.895312 0.90625 0.89375 0.904688 0.89375 0.903125 0.892187 0.9 0.892187 0.898438 0.890625 0.896875 0.890625 0.895312 0.889063 0.890625 0.889063 0.889063 0.8875 0.885938 0.8875 0.884375 0.885938 0.878125 0.885938 0.876562 0.884375 0.873438 0.884375 0.871875 0.882812 0.871875 0.878125 0.85 0.878125 0.85 0.882812 0.848437 0.884375 0.845312 0.884375 0.84375 0.885938 0.835938 0.885938 0.834375 0.8875 0.810938 0.8875 0.809375 0.889063 0.785937 0.889063 0.784375 0.8875 0.746875 0.8875 0.745313 0.885938 0.7375 0.885938 0.735937 0.884375 0.732813 0.884375 0.73125 0.882812 0.73125 0.878125 0.53125 0.878125 0.53125 0.882812 0.529688 0.884375 0.528125 0.884375 0.526563 0.885938 0.525 0.885938 0.523438 0.8875 0.520312 0.8875 0.51875 0.889063 0.509375 0.889063 0.509375 0.998438 0.592188 0.998438 0.592188 0.995313 0.59375 0.99375 0.604688 0.99375 0.60625 0.995313 0.609375 0.995313 0.610937 0.996875 0.610937 0.998438 0.995313 0.998438 0.995313 0.95625 0.990625 0.95625 0.989062 0.954687 0.9875 0.954687 0.984375 0.951563 0.982813 0.951563 0.98125 0.95 0.979688 0.95 0.978125 0.948438 0.976562 0.948438 0.971875 0.94375 0.970312 0.94375 0.96875 0.942187 0.967188 0.942187 0.965625 0.940625 0.964063 0.940625 0.9625 0.939062 0.960938 0.939062 0.959375 0.9375 0.951563 0.9375 0.95 0.935938 0.946875 0.935938 0.942187 0.93125 0.942187 0.928125 0.935938 0.921875 0.935938 0.917188 0.9375 0.915625 0.9375 0.914062 0.539999
0 0 0.453125 0 0.517187 0.0046875 0.517187 0.00625 0.515625 0.0109375 0.515625 0.0125 0.514063 0.015625 0.514063 0.0171875 0.5125 0.025 0.5125 0.0265625 0.510938 0.0375 0.510938 0.0390625 0.5125 0.078125 0.5125 0.0796875 0.514063 0.146875 0.514063 0.148438 0.5125 0.184375 0.5125 0.185937 0.514063 0.19375 0.514063 0.198437 0.51875 0.198437 0.526563 0.276563 0.526563 0.276563 0.504687 0.270312 0.504687 0.26875 0.503125 0.2625 0.503125 0.260938 0.501562 0.2625 0.5 0.2625 0.496875 0.260938 0.496875 0.259375 0.495313 0.25625 0.495313 0.253125 0.492188 0.253125 0.490625 0.25 0.490625 0.248437 0.489062 0.242188 0.489062 0.2375 0.484375 0.235938 0.484375 0.234375 0.482812 0.229687 0.482812 0.228125 0.48125 0.226562 0.48125 0.223438 0.478125 0.221875 0.478125 0.220313 0.476562 0.201562 0.476562 0.2 0.475 0.1875 0.475 0.185937 0.473437 0.165625 0.473437 0.164062 0.471875 0.15 0.471875 0.148438 0.470313 0.129688 0.470313 0.128125 0.46875 0.110937 0.46875 0.109375 0.467187 0.104687 0.467187 0.103125 0.465625 0.0984375 0.465625 0.096875 0.464063 0.0640625 0.464063 0.0625 0.4625 0.0390625 0.4625 0.0375 0.460938 0.0359375 0.460938 0.034375 0.459375 0.034375 0.453125 0.519587
0 0.003125 0.453125 0.003125 0.5125 0.0171875 0.5125 0.01875 0.510938 0.0296875 0.510938 0.03125 0.509375 0.0421875 0.509375 0.04375 0.510938 0.09375 0.510938 0.0953125 0.5125 0.11875 0.5125 0.120312 0.514063 0.154687 0.514063 0.15625 0.515625 0.176563 0.515625 0.178125 0.517187 0.179688 0.517187 0.18125 0.51875 0.182812 0.51875 0.184375 0.520312 0.1875 0.520312 0.189063 0.521875 0.190625 0.521875 0.192188 0.523438 0.196875 0.523438 0.198437 0.525 0.203125 0.525 0.204688 0.526563 0.207813 0.526563 0.209375 0.528125 0.210938 0.528125 0.2125 0.529688 0.214062 0.529688 0.215625 0.53125 0.21875 0.53125 0.220313 0.532812 0.221875 0.532812 0.223438 0.534375 0.228125 0.534375 0.229687 0.535937 0.235938 0.535937 0.2375 0.5375 0.240625 0.5375 0.242188 0.539062 0.245312 0.539062 0.246875 0.540625 0.251563 0.540625 0.253125 0.542188 0.254687 0.542188 0.25625 0.54375 0.257812 0.54375 0.259375 0.545313 0.265625 0.545313 0.267188 0.546875 0.276563 0.546875 0.278125 0.548437 0.28125 0.548437 0.282813 0.55 0.2875 0.55 0.289062 0.551562 0.29375 0.551562 0.295312 0.553125 0.301562 0.553125 0.303125 0.554688 0.309375 0.554688 0.310937 0.55625 0.315625 0.55625 0.317187 0.557813 0.323438 0.557813 0.325 0.559375 0.334375 0.559375 0.335938 0.560938 0.342187 0.560938 0.34375 0.5625 0.346875 0.5625 0.348437 0.564062 0.353125 0.564062 0.354688 0.565625 0.359375 0.565625 0.360938 0.567187 0.365625 0.567187 0.367188 0.56875 0.370313 0.56875 0.371875 0.570312 0.373437 0.570312 0.375 0.571875 0.378125 0.571875 0.379687 0.573438 0.384375 0.573438 0.385938 0.575 0.390625 0.575 0.392188 0.576563 0.395312 0.576563 0.396875 0.578125 0.401563 0.578125 0.403125 0.579687 0.404687 0.579687 0.40625 0.58125 0.409375 0.58125 0.4125 0.584375 0.415625 0.584375 0.417188 0.585938 0.425 0.585938 0.426562 0.5875 0.43125 0.5875 0.432813 0.589063 0.435937 0.589063 0.440625 0.59375 0.442187 0.59375 0.446875 0.598437 0.45 0.598437 0.451562 0.6 0.454688 0.6 0.45625 0.601562 0.457812 0.601562 0.459375 0.603125 0.460938 0.603125 0.464063 0.60625 0.465625 0.60625 0.46875 0.609375 0.46875 0.610937 0.470313 0.6125 0.470313 0.614062 0.471875 0.614062 0.478125 0.620313 0.478125 0.626562 0.495313 0.626562 0.495313 0.601562 0.489062 0.601562 0.484375 0.596875 0.484375 0.595312 0.482812 0.595312 0.478125 0.590625 0.478125 0.589063 0.476562 0.589063 0.475 0.5875 0.473437 0.5875 0.46875 0.582812 0.465625 0.582812 0.460938 0.578125 0.459375 0.578125 0.457812 0.576563 0.45625 0.576563 0.453125 0.573438 0.453125 0.571875 0.451562 0.570312 0.45 0.570312 0.44375 0.564062 0.442187 0.564062 0.440625 0.5625 0.439063 0.5625 0.434375 0.557813 0.432813 0.557813 0.43125 0.55625 0.429688 0.55625 0.426562 0.553125 0.425 0.553125 0.423438 0.551562 0.421875 0.551562 0.420312 0.55 0.41875 0.55 0.414062 0.545313 0.410937 0.545313 0.40625 0.540625 0.404687 0.540625 0.403125 0.539062 0.4 0.539062 0.395312 0.534375 0.392188 0.534375 0.390625 0.532812 0.385938 0.532812 0.382812 0.529688 0.38125 0.529688 0.379687 0.528125 0.373437 0.528125 0.371875 0.526563 0.365625 0.526563 0.364062 0.525 0.3625 0.525 0.359375 0.521875 0.351562 0.521875 0.35 0.520312 0.342187 0.520312 0.340625 0.51875 0.339063 0.51875 0.3375 0.517187 0.335938 0.517187 0.334375 0.515625 0.325 0.515625 0.323438 0.514063 0.31875 0.514063 0.314063 0.509375 0.309375 0.509375 0.307813 0.507812 0.3 0.507812 0.298438 0.50625 0.29375 0.50625 0.290625 0.503125 0.289062 0.503125 0.2875 0.504687 0.2875 0.507812 0.285937 0.509375 0.276563 0.509375 0.275 0.507812 0.242188 0.507812 0.240625 0.50625 0.228125 0.50625 0.226562 0.504687 0.217187 0.504687 0.215625 0.503125 0.209375 0.503125 0.207813 0.501562 0.20625 0.501562 0.204688 0.5 0.203125 0.5 0.201562 0.498437 0.196875 0.498437 0.195312 0.496875 0.19375 0.496875 0.190625 0.49375 0.190625 0.492188 0.1875 0.489062 0.190625 0.485938 0.190625 0.484375 0.192188 0.482812 0.192188 0.478125 0.1875 0.478125 0.185937 0.476562 0.176563 0.476562 0.175 0.475 0.165625 0.475 0.164062 0.473437 0.159375 0.473437 0.157813 0.471875 0.14375 0.471875 0.142188 0.470313 0.1125 0.470313 0.110937 0.46875 0.10625 0.46875 0.104687 0.467187 0.103125 0.467187 0.101562 0.465625 0.0765625 0.465625 0.075 0.464063 0.0453125 0.464063 0.04375 0.4625 0.0390625 0.4625 0.0375 0.460938 0.0359375 0.460938 0.034375 0.459375 0.03125 0.459375 0.0296875 0.457812 0.01875 0.457812 0.0171875 0.45625 0.0125 0.45625 0.0109375 0.454688 0.009375 0.454688 0.0078125 0.453125 0.45218
0 0.0109375 0.509375 0.0109375 0.514063 0.0078125 0.517187 0.00625 0.517187 0.003125 0.520312 0 0.520312 0 0.601562 0.01875 0.601562 0.01875 0.596875 0.025 0.590625 0.0265625 0.590625 0.0328125 0.584375 0.0359375 0.584375 0.0375 0.582812 0.040625 0.582812 0.04375 0.579687 0.046875 0.579687 0.0484375 0.578125 0.0515625 0.578125 0.053125 0.576563 0.0578125 0.576563 0.059375 0.575 0.0671875 0.575 0.06875 0.573438 0.075 0.573438 0.0765625 0.571875 0.084375 0.571875 0.0859375 0.570312 0.0921875 0.570312 0.09375 0.56875 0.096875 0.56875 0.0984375 0.567187 0.104687 0.567187 0.10625 0.565625 0.1125 0.565625 0.114063 0.564062 0.126563 0.564062 0.128125 0.5625 0.165625 0.5625 0.167187 0.564062 0.178125 0.564062 0.179688 0.565625 0.214062 0.565625 0.215625 0.564062 0.221875 0.564062 0.223438 0.565625 0.226562 0.565625 0.228125 0.567187 0.229687 0.567187 0.23125 0.56875 0.232812 0.56875 0.234375 0.570312 0.245312 0.570312 0.246875 0.571875 0.264062 0.571875 0.265625 0.573438 0.267188 0.573438 0.270312 0.576563 0.276563 0.576563 0.278125 0.578125 0.295312 0.578125 0.295312 0.557813 0.289062 0.557813 0.2875 0.55625 0.284375 0.55625 0.282813 0.554688 0.279687 0.554688 0.278125 0.553125 0.273438 0.553125 0.271875 0.551562 0.264062 0.551562 0.2625 0.55 0.254687 0.55 0.253125 0.548437 0.25 0.548437 0.248437 0.546875 0.246875 0.546875 0.245312 0.545313 0.242188 0.545313 0.239063 0.542188 0.2375 0.542188 0.235938 0.540625 0.229687 0.540625 0.228125 0.539062 0.217187 0.539062 0.215625 0.5375 0.214062 0.5375 0.2125 0.539062 0.210938 0.539062 0.210938 0.540625 0.2125 0.540625 0.214062 0.542188 0.215625 0.542188 0.217187 0.54375 0.21875 0.54375 0.223438 0.548437 0.225 0.548437 0.228125 0.551562 0.228125 0.553125 0.225 0.55625 0.225 0.557813 0.223438 0.559375 0.223438 0.560938 0.220313 0.564062 0.210938 0.564062 0.209375 0.5625 0.201562 0.5625 0.2 0.560938 0.198437 0.560938 0.195312 0.557813 0.195312 0.54375 0.196875 0.542188 0.198437 0.542188 0.2 0.540625 0.201562 0.540625 0.2 0.539062 0.196875 0.539062 0.195312 0.5375 0.195312 0.535937 0.19375 0.534375 0.19375 0.532812 0.192188 0.53125 0.192188 0.529688 0.185937 0.523438 0.185937 0.521875 0.179688 0.515625 0.179688 0.509375 0.412782
