0 0.923437 0.234375 0.923437 0.24375 0.921875 0.245312 0.921875 0.25 0.920313 0.251563 0.920313 0.257812 0.91875 0.259375 0.91875 0.2625 0.917188 0.264062 0.917188 0.26875 0.915625 0.270312 0.915625 0.275 0.914062 0.276563 0.914062 0.279687 0.9125 0.28125 0.9125 0.284375 0.910937 0.285937 0.910937 0.290625 0.907812 0.29375 0.903125 0.29375 0.903125 0.329688 0.909375 0.329688 0.910937 0.33125 0.9125 0.33125 0.914062 0.332812 0.915625 0.332812 0.917188 0.334375 0.91875 0.334375 0.920313 0.335938 0.921875 0.335938 0.923437 0.3375 0.925 0.3375 0.928125 0.340625 0.929688 0.340625 0.932813 0.34375 0.934375 0.34375 0.935938 0.345313 0.9375 0.345313 0.939062 0.346875 0.946875 0.346875 0.948438 0.345313 0.951563 0.345313 0.953125 0.34375 0.957812 0.34375 0.959375 0.342187 0.964063 0.342187 0.965625 0.34375 0.967188 0.34375 0.973437 0.35 0.982813 0.35 0.984375 0.348437 0.989062 0.348437 0.990625 0.346875 0.998438 0.346875 0.998438 0.246875 0.989062 0.246875 0.9875 0.245312 0.985937 0.245312 0.984375 0.24375 0.978125 0.24375 0.976562 0.242188 0.96875 0.242188 0.967188 0.240625 0.9625 0.240625 0.960938 0.239063 0.960938 0.234375 0.906093
0 0.35 0.710938 0.348437 0.7125 0.346875 0.7125 0.34375 0.715625 0.342187 0.715625 0.340625 0.717188 0.3375 0.717188 0.335938 0.71875 0.332812 0.71875 0.326562 0.725 0.325 0.725 0.320312 0.729688 0.31875 0.729688 0.314063 0.734375 0.314063 0.735937 0.309375 0.740625 0.309375 0.742188 0.30625 0.745313 0.30625 0.746875 0.304688 0.748438 0.304688 0.75 0.296875 0.757812 0.295312 0.757812 0.295312 0.759375 0.289062 0.765625 0.2875 0.765625 0.282813 0.770312 0.282813 0.773438 0.28125 0.775 0.28125 0.776563 0.279687 0.778125 0.279687 0.779688 0.278125 0.78125 0.278125 0.782812 0.275 0.785937 0.273438 0.785937 0.273438 0.7875 0.271875 0.789062 0.271875 0.790625 0.270312 0.792188 0.270312 0.79375 0.26875 0.795313 0.26875 0.796875 0.260938 0.804688 0.259375 0.804688 0.253125 0.810938 0.253125 0.8125 0.25 0.815625 0.248437 0.815625 0.246875 0.817187 0.246875 0.81875 0.239063 0.826563 0.2375 0.826563 0.235938 0.828125 0.234375 0.828125 0.229687 0.832812 0.228125 0.832812 0.226562 0.834375 0.221875 0.834375 0.221875 0.867188 0.226562 0.867188 0.229687 0.870313 0.229687 0.878125 0.23125 0.879687 0.23125 0.88125 0.232812 0.882812 0.232812 0.884375 0.239063 0.890625 0.239063 0.892187 0.240625 0.89375 0.240625 0.895312 0.24375 0.898438 0.245312 0.898438 0.246875 0.9 0.248437 0.9 0.25 0.901563 0.259375 0.901563 0.260938 0.9 0.2625 0.9 0.264062 0.898438 0.275 0.898438 0.276563 0.9 0.278125 0.9 0.282813 0.904688 0.284375 0.904688 0.285937 0.90625 0.289062 0.90625 0.290625 0.907812 0.295312 0.907812 0.296875 0.909375 0.298438 0.907812 0.301562 0.907812 0.303125 0.909375 0.339063 0.909375 0.340625 0.910937 0.353125 0.910937 0.354688 0.9125 0.357812 0.9125 0.359375 0.914062 0.3625 0.914062 0.364062 0.915625 0.36875 0.915625 0.370313 0.917188 0.375 0.917188 0.376563 0.91875 0.378125 0.91875 0.379687 0.920313 0.38125 0.920313 0.382812 0.921875 0.385938 0.921875 0.3875 0.923437 0.390625 0.923437 0.392188 0.925 0.410937 0.925 0.4125 0.926562 0.414062 0.926562 0.41875 0.93125 0.41875 0.932813 0.434375 0.948438 0.435937 0.948438 0.440625 0.953125 0.442187 0.953125 0.448438 0.959375 0.45 0.959375 0.453125 0.9625 0.454688 0.9625 0.457812 0.965625 0.457812 0.970312 0.4875 0.970312 0.4875 0.9625 0.489062 0.960938 0.489062 0.946875 0.490625 0.945312 0.490625 0.932813 0.492188 0.93125 0.492188 0.903125 0.490625 0.901563 0.490625 0.895312 0.492188 0.89375 0.492188 0.885938 0.49375 0.884375 0.49375 0.882812 0.492188 0.88125 0.492188 0.876562 0.490625 0.875 0.490625 0.86875 0.489062 0.867188 0.489062 0.864062 0.4875 0.8625 0.4875 0.860937 0.485938 0.859375 0.485938 0.85625 0.484375 0.854688 0.484375 0.848437 0.482812 0.846875 0.482812 0.842188 0.48125 0.840625 0.48125 0.839063 0.479688 0.8375 0.479688 0.832812 0.478125 0.83125 0.478125 0.825 0.476562 0.823438 0.476562 0.821875 0.473437 0.81875 0.473437 0.817187 0.471875 0.815625 0.471875 0.810938 0.470313 0.809375 0.470313 0.807813 0.46875 0.80625 0.46875 0.804688 0.467187 0.803125 0.467187 0.8 0.465625 0.798437 0.465625 0.795313 0.464063 0.79375 0.464063 0.792188 0.460938 0.789062 0.460938 0.782812 0.459375 0.78125 0.459375 0.779688 0.457812 0.778125 0.457812 0.776563 0.45625 0.775 0.45625 0.771875 0.454688 0.770312 0.454688 0.76875 0.448438 0.7625 0.448438 0.760938 0.446875 0.759375 0.446875 0.757812 0.442187 0.753125 0.442187 0.751562 0.4375 0.746875 0.4375 0.745313 0.434375 0.742188 0.432813 0.742188 0.423438 0.732813 0.423438 0.73125 0.421875 0.73125 0.409375 0.71875 0.40625 0.71875 0.404687 0.717188 0.403125 0.717188 0.401563 0.715625 0.4 0.715625 0.398438 0.714063 0.39375 0.714063 0.392188 0.7125 0.365625 0.7125 0.364062 0.710938 0.904382
0 0.967188 0.109375 0.967188 0.114063 0.965625 0.115625 0.9625 0.115625 0.960938 0.117188 0.94375 0.117188 0.942187 0.11875 0.928125 0.11875 0.926562 0.120312 0.91875 0.120312 0.917188 0.121875 0.915625 0.121875 0.914062 0.123438 0.909375 0.123438 0.909375 0.146875 0.914062 0.146875 0.915625 0.148438 0.915625 0.15 0.917188 0.151562 0.917188 0.15625 0.91875 0.157813 0.91875 0.164062 0.920313 0.165625 0.920313 0.190625 0.921875 0.192188 0.921875 0.220313 0.923437 0.221875 0.923437 0.225 0.925 0.226562 0.925 0.229687 0.926562 0.23125 0.926562 0.240625 0.925 0.242188 0.925 0.245312 0.923437 0.246875 0.923437 0.251563 0.932813 0.251563 0.932813 0.246875 0.93125 0.245312 0.93125 0.239063 0.932813 0.2375 0.9375 0.2375 0.939062 0.235938 0.945312 0.235938 0.946875 0.2375 0.953125 0.2375 0.954687 0.239063 0.960938 0.239063 0.9625 0.240625 0.973437 0.240625 0.975 0.242188 0.979688 0.242188 0.98125 0.24375 0.982813 0.24375 0.984375 0.245312 0.985937 0.245312 0.9875 0.246875 0.9875 0.251563 0.998438 0.251563 0.998438 0.109375 0.8913
0 0.170312 0.670313 0.173438 0.670313 0.173438 0.665625 0.171875 0.664062 0.170312 0.664062 0.170312 0.670313 0.0078125 0.670313 0.0078125 0.659375 0.315625 0.465625 0.314063 0.467187 0.314063 0.46875 0.310937 0.471875 0.310937 0.473437 0.309375 0.475 0.309375 0.476562 0.30625 0.479688 0.30625 0.48125 0.301562 0.485938 0.301562 0.4875 0.285937 0.503125 0.285937 0.504687 0.284375 0.50625 0.284375 0.507812 0.28125 0.510938 0.28125 0.5125 0.279687 0.514063 0.279687 0.515625 0.275 0.520312 0.275 0.521875 0.273438 0.523438 0.273438 0.525 0.271875 0.526563 0.271875 0.528125 0.270312 0.529688 0.270312 0.53125 0.26875 0.532812 0.26875 0.534375 0.265625 0.5375 0.265625 0.539062 0.251563 0.553125 0.25 0.553125 0.245312 0.557813 0.245312 0.559375 0.24375 0.560938 0.24375 0.5625 0.242188 0.564062 0.242188 0.565625 0.240625 0.567187 0.240625 0.56875 0.235938 0.573438 0.235938 0.575 0.234375 0.576563 0.234375 0.578125 0.232812 0.579687 0.232812 0.58125 0.23125 0.582812 0.23125 0.584375 0.229687 0.585938 0.229687 0.589063 0.228125 0.590625 0.228125 0.592188 0.226562 0.59375 0.226562 0.595312 0.223438 0.598437 0.223438 0.6 0.221875 0.601562 0.221875 0.604688 0.217187 0.609375 0.217187 0.610937 0.215625 0.6125 0.215625 0.614062 0.214062 0.615625 0.107813 0.370313 0.1125 0.370313 0.114063 0.36875 0.121875 0.36875 0.123438 0.367188 0.125 0.367188 0.126563 0.365625 0.13125 0.365625 0.132812 0.364062 0.134375 0.364062 0.134375 0.359375 0.104687 0.359375 0.104687 0.364062 0.10625 0.365625 0.10625 0.36875 0.107813 0.370313 0.214062 0.615625 0.2125 0.615625 0.209375 0.61875 0.209375 0.620313 0.204688 0.625 0.204688 0.626562 0.203125 0.628125 0.203125 0.629687 0.196875 0.635938 0.196875 0.639063 0.195312 0.640625 0.195312 0.642187 0.19375 0.64375 0.19375 0.645312 0.189063 0.65 0.185937 0.65 0.184375 0.651563 0.182812 0.651563 0.18125 0.653125 0.178125 0.653125 0.176563 0.654688 0.173438 0.654688 0.171875 0.65625 0.16875 0.65625 0.167187 0.657812 0.164062 0.657812 0.157813 0.664062 0.157813 0.670313 0.148438 0.670313 0.148438 0.6625 0.146875 0.660937 0.145313 0.660937 0.14375 0.6625 0.14375 0.670313 0.128125 0.670313 0.128125 0.664062 0.123438 0.659375 0.121875 0.659375 0.117188 0.654688 0.115625 0.654688 0.114063 0.653125 0.114063 0.651563 0.1125 0.65 0.1125 0.648438 0.109375 0.645312 0.109375 0.64375 0.107813 0.642187 0.104687 0.642187 0.103125 0.640625 0.101562 0.640625 0.101562 0.6375 0.1 0.635938 0.1 0.632812 0.0984375 0.63125 0.0984375 0.629687 0.096875 0.628125 0.096875 0.625 0.0953125 0.623438 0.09375 0.623438 0.0921875 0.621875 0.0890625 0.621875 0.0890625 0.620313 0.0875 0.61875 0.0875 0.617188 0.0828125 0.6125 0.0828125 0.610937 0.075 0.603125 0.075 0.601562 0.065625 0.592188 0.0640625 0.592188 0.0609375 0.589063 0.0609375 0.5875 0.059375 0.585938 0.059375 0.584375 0.05625 0.58125 0.05625 0.579687 0.053125 0.576563 0.053125 0.575 0.0515625 0.573438 0.05 0.575 0.0453125 0.575 0.04375 0.576563 0.0390625 0.576563 0.0375 0.578125 0.034375 0.578125 0.0328125 0.579687 0.03125 0.579687 0.028125 0.582812 0.021875 0.582812 0.01875 0.579687 0.01875 0.578125 0.0171875 0.576563 0.0171875 0.575 0.015625 0.573438 0.015625 0.571875 0.0140625 0.570312 0.0140625 0.56875 0.0078125 0.5625 0.003125 0.5625 0.003125 0.54375 0.009375 0.54375 0.0140625 0.539062 0.0140625 0.5375 0.0203125 0.53125 0.0203125 0.529688 0.028125 0.521875 0.028125 0.5125 0.03125 0.509375 0.03125 0.504687 0.0328125 0.503125 0.0328125 0.496875 0.03125 0.495313 0.03125 0.49375 0.0296875 0.492188 0.0296875 0.475 0.03125 0.473437 0.03125 0.470313 0.0328125 0.46875 0.0328125 0.465625 0.034375 0.464063 0.034375 0.4625 0.0359375 0.460938 0.0359375 0.459375 0.0375 0.457812 0.0375 0.45625 0.0390625 0.454688 0.0390625 0.453125 0.040625 0.451562 0.040625 0.44375 0.0390625 0.442187 0.0390625 0.421875 0.040625 0.420312 0.040625 0.41875 0.0421875 0.417188 0.046875 0.417188 0.0484375 0.415625 0.0546875 0.415625 0.05625 0.414062 0.0640625 0.414062 0.071875 0.40625 0.075 0.40625 0.0765625 0.404687 0.078125 0.404687 0.0828125 0.4 0.084375 0.4 0.0859375 0.398438 0.0890625 0.398438 0.090625 0.396875 0.09375 0.396875 0.0953125 0.395312 0.104687 0.395312 0.10625 0.39375 0.115625 0.39375 0.117188 0.395312 0.121875 0.395312 0.123438 0.396875 0.129688 0.396875 0.13125 0.395312 0.132812 0.395312 0.134375 0.39375 0.139062 0.39375 0.140625 0.392188 0.148438 0.392188 0.15 0.390625 0.154687 0.390625 0.15625 0.389062 0.159375 0.389062 0.160938 0.3875 0.165625 0.3875 0.167187 0.385938 0.171875 0.385938 0.173438 0.384375 0.176563 0.384375 0.178125 0.382812 0.182812 0.382812 0.184375 0.38125 0.190625 0.38125 0.192188 0.379687 0.2 0.379687 0.201562 0.378125 0.207813 0.378125 0.209375 0.376563 0.217187 0.376563 0.21875 0.375 0.228125 0.375 0.229687 0.373437 0.234375 0.373437 0.235938 0.371875 0.239063 0.371875 0.246875 0.364062 0.246875 0.359375 0.270312 0.359375 0.270312 0.364062 0.273438 0.367188 0.278125 0.367188 0.279687 0.36875 0.28125 0.36875 0.282813 0.370313 0.285937 0.370313 0.2875 0.371875 0.290625 0.371875 0.29375 0.375 0.295312 0.375 0.303125 0.382812 0.303125 0.384375 0.30625 0.3875 0.30625 0.389062 0.309375 0.392188 0.309375 0.39375 0.310937 0.395312 0.310937 0.396875 0.3125 0.398438 0.3125 0.401563 0.314063 0.403125 0.314063 0.404687 0.315625 0.40625 0.315625 0.410937 0.317187 0.4125 0.317187 0.414062 0.31875 0.415625 0.31875 0.41875 0.321875 0.421875 0.326562 0.421875 0.326562 0.451562 0.321875 0.451562 0.31875 0.454688 0.31875 0.45625 0.317187 0.457812 0.317187 0.460938 0.315625 0.4625 0.315625 0.465625 0.0078125 0.659375 0.003125 0.659375 0.003125 0.670313 0.0078125 0.670313 0.879988
0 0.096875 0.646875 0.096875 0.653125 0.0921875 0.657812 0.090625 0.657812 0.0890625 0.659375 0.0828125 0.659375 0.08125 0.660937 0.078125 0.660937 0.0765625 0.6625 0.0734375 0.6625 0.0703125 0.665625 0.0703125 0.667188 0.06875 0.66875 0.06875 0.673437 0.0703125 0.675 0.0703125 0.678125 0.0671875 0.68125 0.0671875 0.682813 0.0640625 0.685938 0.0578125 0.685938 0.05625 0.6875 0.053125 0.6875 0.0515625 0.689062 0.05 0.689062 0.0484375 0.690625 0.046875 0.690625 0.04375 0.69375 0.0421875 0.69375 0.0390625 0.696875 0.034375 0.696875 0.034375 0.734375 0.040625 0.734375 0.0421875 0.735937 0.04375 0.735937 0.0578125 0.75 0.0578125 0.751562 0.0671875 0.760938 0.0671875 0.7625 0.0703125 0.765625 0.0703125 0.767187 0.071875 0.76875 0.0734375 0.76875 0.0765625 0.771875 0.078125 0.771875 0.08125 0.775 0.0828125 0.775 0.084375 0.776563 0.0875 0.776563 0.0890625 0.778125 0.090625 0.778125 0.0921875 0.779688 0.09375 0.779688 0.0953125 0.78125 0.096875 0.78125 0.0984375 0.782812 0.101562 0.782812 0.103125 0.784375 0.10625 0.784375 0.107813 0.785937 0.115625 0.785937 0.117188 0.7875 0.134375 0.7875 0.135937 0.789062 0.139062 0.789062 0.140625 0.790625 0.142188 0.790625 0.14375 0.792188 0.145313 0.792188 0.146875 0.79375 0.148438 0.79375 0.153125 0.798437 0.154687 0.798437 0.167187 0.810938 0.167187 0.8125 0.170312 0.815625 0.170312 0.817187 0.171875 0.81875 0.173438 0.81875 0.176563 0.821875 0.176563 0.826563 0.178125 0.828125 0.184375 0.828125 0.185937 0.829687 0.185937 0.83125 0.1875 0.832812 0.1875 0.839063 0.195312 0.839063 0.195312 0.834375 0.196875 0.832812 0.2 0.832812 0.201562 0.83125 0.2125 0.83125 0.214062 0.829687 0.21875 0.829687 0.220313 0.828125 0.223438 0.828125 0.225 0.826563 0.228125 0.826563 0.23125 0.823438 0.232812 0.823438 0.234375 0.821875 0.235938 0.821875 0.248437 0.809375 0.25 0.809375 0.2625 0.796875 0.264062 0.796875 0.265625 0.795313 0.265625 0.79375 0.267188 0.792188 0.267188 0.790625 0.26875 0.789062 0.26875 0.782812 0.270312 0.78125 0.270312 0.779688 0.271875 0.778125 0.271875 0.776563 0.275 0.773438 0.275 0.771875 0.276563 0.770312 0.276563 0.76875 0.278125 0.767187 0.278125 0.765625 0.279687 0.764063 0.279687 0.7625 0.28125 0.760938 0.28125 0.75625 0.282813 0.754687 0.282813 0.751562 0.284375 0.75 0.289062 0.75 0.289062 0.729688 0.284375 0.729688 0.282813 0.728125 0.282813 0.726562 0.28125 0.725 0.28125 0.704687 0.282813 0.703125 0.282813 0.701563 0.28125 0.7 0.28125 0.690625 0.279687 0.689062 0.279687 0.685938 0.275 0.68125 0.273438 0.68125 0.271875 0.679688 0.270312 0.679688 0.26875 0.678125 0.267188 0.678125 0.265625 0.676562 0.264062 0.676562 0.2625 0.675 0.259375 0.675 0.257812 0.673437 0.25 0.673437 0.248437 0.671875 0.221875 0.671875 0.220313 0.670313 0.189063 0.670313 0.1875 0.671875 0.184375 0.671875 0.182812 0.673437 0.18125 0.673437 0.176563 0.678125 0.175 0.678125 0.173438 0.679688 0.173438 0.68125 0.171875 0.682813 0.171875 0.690625 0.170312 0.692187 0.159375 0.692187 0.157813 0.690625 0.153125 0.690625 0.148438 0.685938 0.146875 0.685938 0.135937 0.675 0.134375 0.675 0.129688 0.670313 0.128125 0.670313 0.121875 0.664062 0.120312 0.664062 0.109375 0.653125 0.109375 0.646875 0.835888
0 0.932813 0.721875 0.934375 0.721875 0.934375 0.720312 0.932813 0.721875 0.903125 0.725 0.903125 0.71875 0.898438 0.714063 0.898438 0.7125 0.93125 0.689062 0.932813 0.690625 0.934375 0.690625 0.951563 0.701563 0.951563 0.70625 0.95 0.707812 0.946875 0.707812 0.946875 0.709375 0.948438 0.707812 0.951563 0.707812 0.951563 0.70625 0.95625 0.701563 0.957812 0.701563 0.959375 0.7 0.959375 0.698438 0.9625 0.695312 0.964063 0.695312 0.964063 0.692187 0.965625 0.690625 0.965625 0.689062 0.967188 0.6875 0.967188 0.685938 0.971875 0.68125 0.971875 0.679688 0.973437 0.678125 0.973437 0.676562 0.978125 0.671875 0.978125 0.667188 0.976562 0.617188 0.976562 0.615625 0.975 0.614062 0.975 0.610937 0.973437 0.609375 0.975 0.607813 0.975 0.60625 0.976562 0.604688 0.976562 0.603125 0.978125 0.601562 0.978125 0.6 0.979688 0.598437 0.979688 0.596875 0.771875 0.534375 0.904688 0.6875 0.901563 0.690625 0.789062 0.523438 0.796875 0.515625 0.798437 0.515625 0.804688 0.509375 0.804688 0.507812 0.809375 0.503125 0.809375 0.501562 0.815625 0.495313 0.815625 0.49375 0.81875 0.490625 0.820312 0.490625 0.823438 0.4875 0.823438 0.485938 0.825 0.484375 0.825 0.482812 0.828125 0.479688 0.828125 0.478125 0.834375 0.471875 0.834375 0.465625 0.81875 0.465625 0.81875 0.470313 0.817187 0.471875 0.817187 0.473437 0.80625 0.484375 0.80625 0.485938 0.804688 0.4875 0.803125 0.4875 0.798437 0.492188 0.796875 0.492188 0.792188 0.496875 0.792188 0.498437 0.790625 0.5 0.790625 0.501562 0.782812 0.509375 0.784375 0.510938 0.784375 0.514063 0.782812 0.515625 0.782812 0.517187 0.779688 0.520312 0.779688 0.525 0.78125 0.526563 0.784375 0.526563 0.7875 0.523438 0.789062 0.523438 0.901563 0.690625 0.901563 0.7 0.9 0.7 0.898438 0.701563 0.896875 0.701563 0.89375 0.704687 0.890625 0.704687 0.889063 0.70625 0.8875 0.70625 0.885938 0.707812 0.884375 0.707812 0.882812 0.709375 0.882812 0.710938 0.88125 0.7125 0.88125 0.714063 0.879687 0.715625 0.878125 0.715625 0.875 0.71875 0.873438 0.71875 0.867188 0.725 0.865625 0.725 0.85 0.740625 0.848437 0.740625 0.845312 0.74375 0.84375 0.74375 0.842188 0.745313 0.840625 0.745313 0.835938 0.75 0.834375 0.75 0.83125 0.753125 0.829687 0.753125 0.825 0.757812 0.823438 0.757812 0.821875 0.759375 0.8125 0.759375 0.810938 0.757812 0.807813 0.757812 0.80625 0.75625 0.8 0.75625 0.798437 0.757812 0.796875 0.757812 0.795313 0.759375 0.792188 0.759375 0.790625 0.760938 0.789062 0.760938 0.7875 0.7625 0.785937 0.7625 0.782812 0.765625 0.782812 0.770312 0.751562 0.770312 0.751562 0.765625 0.748438 0.7625 0.74375 0.7625 0.742188 0.760938 0.732813 0.760938 0.73125 0.759375 0.70625 0.759375 0.704687 0.757812 0.704687 0.753125 0.707812 0.75 0.707812 0.748438 0.717188 0.739062 0.717188 0.7375 0.723437 0.73125 0.723437 0.729688 0.735937 0.717188 0.735937 0.715625 0.753125 0.698438 0.753125 0.696875 0.757812 0.692187 0.757812 0.690625 0.759375 0.689062 0.759375 0.6875 0.760938 0.685938 0.760938 0.684375 0.7625 0.682813 0.7625 0.68125 0.767187 0.676562 0.767187 0.675 0.76875 0.673437 0.76875 0.670313 0.770312 0.66875 0.770312 0.664062 0.760938 0.654688 0.757812 0.654688 0.75625 0.653125 0.754687 0.653125 0.753125 0.651563 0.751562 0.651563 0.75 0.65 0.746875 0.65 0.745313 0.648438 0.740625 0.648438 0.739062 0.646875 0.732813 0.646875 0.73125 0.645312 0.726562 0.645312 0.725 0.64375 0.721875 0.64375 0.720312 0.642187 0.715625 0.642187 0.714063 0.640625 0.704687 0.640625 0.703125 0.639063 0.696875 0.639063 0.695312 0.6375 0.689062 0.6375 0.6875 0.635938 0.684375 0.635938 0.682813 0.634375 0.678125 0.634375 0.678125 0.632812 0.682813 0.632812 0.69375 0.621875 0.69375 0.620313 0.695312 0.61875 0.695312 0.617188 0.7 0.6125 0.7 0.610937 0.701563 0.609375 0.701563 0.60625 0.703125 0.604688 0.703125 0.603125 0.704687 0.601562 0.704687 0.6 0.70625 0.598437 0.70625 0.595312 0.707812 0.59375 0.707812 0.592188 0.709375 0.590625 0.709375 0.589063 0.7125 0.585938 0.7125 0.584375 0.714063 0.582812 0.721875 0.582812 0.723437 0.58125 0.728125 0.58125 0.729688 0.582812 0.739062 0.582812 0.742188 0.585938 0.74375 0.585938 0.745313 0.5875 0.746875 0.5875 0.748438 0.589063 0.751562 0.589063 0.753125 0.590625 0.754687 0.590625 0.75625 0.592188 0.757812 0.592188 0.759375 0.59375 0.764063 0.59375 0.765625 0.595312 0.770312 0.595312 0.771875 0.596875 0.779688 0.596875 0.78125 0.595312 0.784375 0.595312 0.79375 0.585938 0.79375 0.584375 0.795313 0.582812 0.795313 0.58125 0.798437 0.578125 0.798437 0.576563 0.803125 0.571875 0.803125 0.570312 0.809375 0.564062 0.809375 0.5625 0.815625 0.55625 0.817187 0.55625 0.823438 0.55 0.825 0.55 0.826563 0.548437 0.828125 0.548437 0.832812 0.54375 0.834375 0.54375 0.835938 0.542188 0.8375 0.542188 0.84375 0.535937 0.84375 0.534375 0.846875 0.53125 0.851562 0.53125 0.854688 0.528125 0.854688 0.525 0.85625 0.523438 0.85625 0.521875 0.859375 0.51875 0.860937 0.51875 0.867188 0.5125 0.86875 0.5125 0.870313 0.510938 0.871875 0.510938 0.873438 0.509375 0.875 0.509375 0.876562 0.507812 0.878125 0.507812 0.879687 0.50625 0.88125 0.50625 0.882812 0.504687 0.884375 0.504687 0.8875 0.501562 0.889063 0.501562 0.890625 0.5 0.892187 0.5 0.89375 0.498437 0.895312 0.498437 0.896875 0.496875 0.898438 0.496875 0.9 0.495313 0.904688 0.495313 0.90625 0.49375 0.909375 0.49375 0.910937 0.492188 0.914062 0.492188 0.915625 0.490625 0.91875 0.490625 0.920313 0.489062 0.925 0.489062 0.926562 0.4875 0.93125 0.4875 0.932813 0.485938 0.934375 0.485938 0.935938 0.484375 0.939062 0.484375 0.940625 0.482812 0.942187 0.482812 0.94375 0.48125 0.945312 0.48125 0.946875 0.479688 0.948438 0.479688 0.951563 0.476562 0.953125 0.476562 0.959375 0.470313 0.959375 0.465625 0.998438 0.465625 0.998438 0.540625 0.996875 0.540625 0.995313 0.542188 0.995313 0.546875 0.99375 0.548437 0.99375 0.553125 0.990625 0.55625 0.990625 0.557813 0.9875 0.560938 0.9875 0.5625 0.985937 0.564062 0.985937 0.565625 0.984375 0.567187 0.984375 0.56875 0.98125 0.571875 0.98125 0.573438 0.978125 0.576563 0.978125 0.578125 0.976562 0.579687 0.976562 0.58125 0.973437 0.584375 0.973437 0.585938 0.96875 0.590625 0.96875 0.59375 0.967188 0.59375 0.965625 0.595312 0.964063 0.595312 0.9625 0.596875 0.9625 0.598437 0.957812 0.603125 0.957812 0.604688 0.954687 0.607813 0.954687 0.609375 0.95 0.614062 0.95 0.615625 0.94375 0.621875 0.94375 0.623438 0.942187 0.625 0.942187 0.626562 0.939062 0.629687 0.939062 0.63125 0.9375 0.632812 0.9375 0.634375 0.935938 0.635938 0.935938 0.6375 0.932813 0.640625 0.932813 0.646875 0.93125 0.648438 0.929688 0.648438 0.926562 0.651563 0.926562 0.653125 0.928125 0.654688 0.928125 0.667188 0.926562 0.66875 0.926562 0.670313 0.925 0.66875 0.920313 0.66875 0.914062 0.675 0.914062 0.676562 0.910937 0.679688 0.909375 0.679688 0.90625 0.682813 0.90625 0.684375 0.904688 0.685938 0.904688 0.6875 0.771875 0.534375 0.771875 0.532812 0.770312 0.532812 0.770312 0.534375 0.771875 0.534375 0.979688 0.596875 0.98125 0.596875 0.982813 0.595312 0.9875 0.595312 0.989062 0.59375 0.990625 0.59375 0.995313 0.598437 0.998438 0.598437 0.998438 0.625 0.996875 0.625 0.996875 0.621875 0.995313 0.620313 0.99375 0.620313 0.992188 0.61875 0.985937 0.61875 0.984375 0.620313 0.979688 0.620313 0.976562 0.617188 0.978125 0.667188 0.975 0.667188 0.973437 0.66875 0.970312 0.66875 0.96875 0.670313 0.967188 0.670313 0.967188 0.671875 0.965625 0.673437 0.965625 0.676562 0.9625 0.679688 0.9625 0.68125 0.960938 0.682813 0.960938 0.684375 0.959375 0.685938 0.959375 0.689062 0.957812 0.690625 0.957812 0.692187 0.95625 0.69375 0.95625 0.695312 0.954687 0.696875 0.954687 0.698438 0.951563 0.701563 0.934375 0.690625 0.934375 0.684375 0.929688 0.684375 0.929688 0.685938 0.93125 0.6875 0.93125 0.689062 0.898438 0.7125 0.895312 0.709375 0.89375 0.710938 0.892187 0.710938 0.890625 0.7125 0.889063 0.7125 0.8875 0.714063 0.8875 0.720312 0.889063 0.721875 0.890625 0.721875 0.89375 0.725 0.903125 0.725 0.834797
0 0.521875 0.623438 0.520312 0.625 0.51875 0.625 0.517187 0.626562 0.515625 0.626562 0.514063 0.628125 0.510938 0.628125 0.515625 0.632812 0.515625 0.639063 0.517187 0.640625 0.517187 0.645312 0.520312 0.648438 0.523438 0.645312 0.525 0.645312 0.526563 0.64375 0.532812 0.64375 0.532812 0.625 0.523438 0.625 0.521875 0.623438 0.532812 0.548437 0.532812 0.55625 0.526563 0.55625 0.525 0.554688 0.514063 0.532812 0.5125 0.53125 0.5125 0.528125 0.517187 0.523438 0.517187 0.521875 0.526563 0.5125 0.532812 0.5125 0.532812 0.507812 0.526563 0.507812 0.521875 0.503125 0.520312 0.503125 0.51875 0.501562 0.515625 0.501562 0.514063 0.5 0.5125 0.5 0.509375 0.496875 0.50625 0.496875 0.504687 0.495313 0.501562 0.495313 0.5 0.49375 0.498437 0.49375 0.495313 0.490625 0.492188 0.490625 0.490625 0.489062 0.485938 0.489062 0.484375 0.4875 0.48125 0.4875 0.479688 0.485938 0.475 0.485938 0.473437 0.484375 0.454688 0.484375 0.453125 0.482812 0.4375 0.482812 0.435937 0.48125 0.415625 0.48125 0.414062 0.479688 0.407813 0.479688 0.40625 0.478125 0.404687 0.478125 0.403125 0.476562 0.403125 0.471875 0.310937 0.471875 0.310937 0.479688 0.307813 0.482812 0.307813 0.484375 0.30625 0.485938 0.30625 0.4875 0.303125 0.490625 0.303125 0.503125 0.301562 0.504687 0.298438 0.504687 0.296875 0.50625 0.295312 0.50625 0.29375 0.507812 0.292188 0.507812 0.2875 0.5125 0.285937 0.5125 0.278125 0.520312 0.278125 0.523438 0.276563 0.525 0.276563 0.526563 0.275 0.528125 0.275 0.529688 0.271875 0.532812 0.271875 0.535937 0.254687 0.553125 0.253125 0.553125 0.246875 0.559375 0.246875 0.560938 0.245312 0.5625 0.245312 0.564062 0.24375 0.565625 0.24375 0.567187 0.240625 0.570312 0.240625 0.571875 0.239063 0.573438 0.239063 0.575 0.235938 0.578125 0.235938 0.579687 0.234375 0.58125 0.234375 0.582812 0.232812 0.584375 0.232812 0.5875 0.23125 0.589063 0.23125 0.590625 0.229687 0.592188 0.229687 0.59375 0.225 0.598437 0.225 0.6 0.221875 0.603125 0.221875 0.604688 0.214062 0.6125 0.2125 0.6125 0.210938 0.614062 0.209375 0.614062 0.207813 0.615625 0.20625 0.615625 0.204688 0.617188 0.2 0.617188 0.198437 0.61875 0.189063 0.61875 0.1875 0.617188 0.185937 0.617188 0.176563 0.607813 0.176563 0.60625 0.175 0.604688 0.175 0.601562 0.173438 0.6 0.173438 0.59375 0.171875 0.592188 0.171875 0.590625 0.170312 0.589063 0.170312 0.585938 0.16875 0.584375 0.16875 0.58125 0.167187 0.579687 0.167187 0.570312 0.165625 0.56875 0.165625 0.560938 0.164062 0.559375 0.164062 0.545313 0.160938 0.542188 0.160938 0.540625 0.159375 0.539062 0.159375 0.5375 0.15625 0.534375 0.154687 0.534375 0.153125 0.532812 0.145313 0.532812 0.142188 0.535937 0.142188 0.5375 0.140625 0.539062 0.139062 0.539062 0.135937 0.535937 0.134375 0.535937 0.132812 0.534375 0.13125 0.534375 0.129688 0.532812 0.126563 0.532812 0.125 0.53125 0.123438 0.53125 0.120312 0.528125 0.1125 0.528125 0.109375 0.525 0.109375 0.523438 0.107813 0.521875 0.107813 0.517187 0.109375 0.515625 0.109375 0.510938 0.110937 0.509375 0.110937 0.50625 0.1125 0.504687 0.1125 0.501562 0.114063 0.5 0.114063 0.49375 0.115625 0.492188 0.115625 0.489062 0.114063 0.4875 0.114063 0.484375 0.1125 0.482812 0.1125 0.479688 0.110937 0.478125 0.110937 0.471875 0.096875 0.471875 0.096875 0.64375 0.101562 0.64375 0.104687 0.646875 0.10625 0.646875 0.11875 0.659375 0.120312 0.659375 0.125 0.664062 0.126563 0.664062 0.128125 0.665625 0.129688 0.665625 0.135937 0.671875 0.1375 0.671875 0.14375 0.678125 0.14375 0.682813 0.159375 0.682813 0.159375 0.676562 0.160938 0.675 0.1625 0.675 0.164062 0.673437 0.165625 0.673437 0.167187 0.671875 0.170312 0.671875 0.171875 0.670313 0.176563 0.670313 0.178125 0.66875 0.179688 0.66875 0.18125 0.667188 0.184375 0.667188 0.185937 0.665625 0.21875 0.665625 0.220313 0.667188 0.254687 0.667188 0.25625 0.66875 0.259375 0.66875 0.260938 0.670313 0.265625 0.670313 0.267188 0.671875 0.26875 0.671875 0.270312 0.673437 0.271875 0.673437 0.275 0.676562 0.275 0.682813 0.325 0.682813 0.325 0.678125 0.329688 0.673437 0.33125 0.673437 0.332812 0.671875 0.335938 0.671875 0.3375 0.670313 0.340625 0.670313 0.342187 0.66875 0.345313 0.66875 0.346875 0.667188 0.35 0.667188 0.351562 0.665625 0.371875 0.665625 0.373437 0.664062 0.378125 0.664062 0.379687 0.6625 0.396875 0.6625 0.4 0.659375 0.401563 0.659375 0.403125 0.657812 0.403125 0.65625 0.417188 0.642187 0.417188 0.640625 0.41875 0.639063 0.41875 0.6375 0.421875 0.634375 0.421875 0.632812 0.429688 0.625 0.429688 0.623438 0.43125 0.621875 0.43125 0.620313 0.435937 0.615625 0.435937 0.614062 0.44375 0.60625 0.44375 0.604688 0.445312 0.603125 0.445312 0.601562 0.448438 0.598437 0.448438 0.596875 0.45 0.595312 0.45 0.59375 0.453125 0.590625 0.453125 0.589063 0.45625 0.585938 0.45625 0.584375 0.4625 0.578125 0.4625 0.576563 0.464063 0.575 0.465625 0.575 0.46875 0.571875 0.46875 0.570312 0.473437 0.565625 0.473437 0.564062 0.476562 0.560938 0.478125 0.560938 0.484375 0.554688 0.484375 0.553125 0.489062 0.548437 0.490625 0.548437 0.492188 0.546875 0.49375 0.546875 0.496875 0.54375 0.498437 0.54375 0.5 0.542188 0.5 0.540625 0.503125 0.5375 0.504687 0.5375 0.507812 0.534375 0.510938 0.534375 0.5125 0.532812 0.514063 0.532812 0.525 0.554688 0.525 0.55 0.526563 0.548437 0.532812 0.548437 0.820732
0 0.978125 0.346875 0.978125 0.351562 0.976562 0.353125 0.975 0.353125 0.973437 0.354688 0.971875 0.354688 0.970312 0.35625 0.965625 0.35625 0.965625 0.403125 0.970312 0.403125 0.979688 0.4125 0.98125 0.4125 0.985937 0.417188 0.9875 0.417188 0.989062 0.41875 0.990625 0.41875 0.992188 0.420312 0.99375 0.420312 0.995313 0.421875 0.995313 0.426562 0.998438 0.426562 0.998438 0.346875 0.803213
0 0 0.628125 0 0.773438 0.0015625 0.773438 0.003125 0.771875 0.0078125 0.771875 0.0109375 0.76875 0.0109375 0.767187 0.0140625 0.764063 0.0140625 0.7625 0.015625 0.760938 0.015625 0.75625 0.0203125 0.751562 0.0203125 0.748438 0.021875 0.746875 0.021875 0.745313 0.0234375 0.74375 0.0234375 0.742188 0.028125 0.7375 0.0328125 0.7375 0.0328125 0.665625 0.028125 0.665625 0.025 0.6625 0.025 0.660937 0.0234375 0.659375 0.0234375 0.65625 0.021875 0.654688 0.021875 0.65 0.0203125 0.648438 0.0203125 0.646875 0.01875 0.645312 0.01875 0.64375 0.0171875 0.642187 0.0171875 0.640625 0.015625 0.639063 0.015625 0.6375 0.0140625 0.635938 0.0140625 0.634375 0.0125 0.632812 0.0125 0.628125 0.79651
0 0.201562 0.840625 0.207813 0.840625 0.207813 0.839063 0.201562 0.839063 0.201562 0.840625 0.18125 0.845312 0.179688 0.84375 0.179688 0.839063 0.164062 0.823438 0.164062 0.821875 0.1625 0.821875 0.159375 0.81875 0.159375 0.809375 0.151562 0.809375 0.151562 0.814062 0.15 0.815625 0.145313 0.815625 0.14375 0.814062 0.14375 0.809375 0.103125 0.809375 0.103125 0.814062 0.101562 0.815625 0.1 0.814062 0.1 0.809375 0 0.809375 0 0.828125 0.003125 0.828125 0.0046875 0.829687 0.015625 0.829687 0.0171875 0.83125 0.028125 0.83125 0.034375 0.825 0.0390625 0.825 0.040625 0.823438 0.04375 0.823438 0.0453125 0.821875 0.0625 0.821875 0.0640625 0.823438 0.065625 0.823438 0.0671875 0.825 0.06875 0.825 0.0703125 0.826563 0.0703125 0.828125 0.071875 0.829687 0.071875 0.83125 0.0734375 0.832812 0.0734375 0.834375 0.0765625 0.8375 0.08125 0.8375 0.0828125 0.839063 0.08125 0.840625 0.0671875 0.840625 0.065625 0.839063 0.05625 0.839063 0.0546875 0.8375 0.0421875 0.8375 0.040625 0.839063 0.0390625 0.839063 0.0375 0.840625 0.0359375 0.840625 0.034375 0.842188 0.01875 0.842188 0.0171875 0.84375 0.015625 0.84375 0.0140625 0.845312 0.0125 0.845312 0.003125 0.854688 0 0.854688 0 0.995313 0.021875 0.995313 0.021875 0.990625 0.025 0.9875 0.0296875 0.9875 0.03125 0.985937 0.034375 0.985937 0.0359375 0.984375 0.0390625 0.984375 0.040625 0.982813 0.04375 0.982813 0.0453125 0.98125 0.0515625 0.98125 0.053125 0.979688 0.0609375 0.979688 0.0625 0.978125 0.0671875 0.978125 0.06875 0.976562 0.0734375 0.976562 0.075 0.975 0.084375 0.975 0.0859375 0.976562 0.090625 0.976562 0.0921875 0.978125 0.107813 0.978125 0.109375 0.976562 0.115625 0.976562 0.117188 0.975 0.120312 0.975 0.121875 0.973437 0.123438 0.973437 0.125 0.971875 0.128125 0.971875 0.129688 0.970312 0.13125 0.970312 0.13125 0.964063 0.132812 0.9625 0.135937 0.9625 0.1375 0.960938 0.140625 0.960938 0.142188 0.959375 0.145313 0.959375 0.146875 0.957812 0.148438 0.959375 0.151562 0.959375 0.153125 0.960938 0.159375 0.960938 0.160938 0.959375 0.164062 0.959375 0.165625 0.957812 0.16875 0.957812 0.170312 0.95625 0.171875 0.95625 0.175 0.953125 0.176563 0.953125 0.18125 0.948438 0.182812 0.948438 0.190625 0.940625 0.190625 0.9375 0.192188 0.935938 0.192188 0.934375 0.195312 0.93125 0.195312 0.929688 0.196875 0.928125 0.196875 0.926562 0.198437 0.925 0.198437 0.923437 0.203125 0.91875 0.207813 0.91875 0.207813 0.892187 0.201562 0.892187 0.2 0.890625 0.196875 0.890625 0.195312 0.889063 0.195312 0.8875 0.19375 0.885938 0.19375 0.88125 0.192188 0.879687 0.192188 0.876562 0.190625 0.875 0.190625 0.873438 0.189063 0.871875 0.189063 0.864062 0.1875 0.8625 0.1875 0.860937 0.182812 0.85625 0.182812 0.854688 0.18125 0.853125 0.18125 0.845312 0.788093
0 0.96875 0.595312 0.96875 0.596875 0.967188 0.598437 0.967188 0.6 0.965625 0.601562 0.965625 0.603125 0.959375 0.609375 0.959375 0.610937 0.957812 0.6125 0.957812 0.614062 0.954687 0.617188 0.954687 0.61875 0.953125 0.620313 0.953125 0.621875 0.929688 0.645312 0.929688 0.648438 0.928125 0.65 0.928125 0.653125 0.926562 0.654688 0.926562 0.65625 0.925 0.657812 0.925 0.659375 0.921875 0.6625 0.921875 0.664062 0.920313 0.665625 0.920313 0.667188 0.917188 0.670313 0.917188 0.673437 0.915625 0.675 0.915625 0.678125 0.9125 0.68125 0.9125 0.682813 0.910937 0.684375 0.910937 0.698438 0.909375 0.7 0.909375 0.715625 0.910937 0.717188 0.910937 0.721875 0.9125 0.723437 0.9125 0.726562 0.914062 0.728125 0.914062 0.732813 0.934375 0.732813 0.934375 0.726562 0.9375 0.723437 0.939062 0.723437 0.95 0.7125 0.951563 0.7125 0.953125 0.710938 0.953125 0.709375 0.965625 0.696875 0.965625 0.695312 0.96875 0.692187 0.96875 0.690625 0.973437 0.685938 0.973437 0.684375 0.978125 0.679688 0.978125 0.678125 0.98125 0.675 0.98125 0.673437 0.995313 0.659375 0.998438 0.659375 0.998438 0.579687 0.995313 0.579687 0.99375 0.58125 0.989062 0.58125 0.9875 0.582812 0.985937 0.582812 0.982813 0.585938 0.98125 0.585938 0.979688 0.5875 0.978125 0.5875 0.973437 0.592188 0.971875 0.592188 0.96875 0.595312 0.934375 0.576563 0.934375 0.573438 0.934375 0.576563 0.784468
0 0.471875 0.784375 0.471875 0.821875 0.476562 0.821875 0.479688 0.825 0.479688 0.826563 0.48125 0.828125 0.48125 0.834375 0.482812 0.835938 0.482812 0.840625 0.484375 0.842188 0.484375 0.846875 0.485938 0.848437 0.485938 0.851562 0.4875 0.853125 0.4875 0.85625 0.489062 0.857813 0.489062 0.860937 0.490625 0.8625 0.490625 0.864062 0.492188 0.865625 0.492188 0.86875 0.49375 0.870313 0.49375 0.873438 0.495313 0.875 0.495313 0.879687 0.496875 0.88125 0.496875 0.882812 0.501562 0.882812 0.503125 0.884375 0.510938 0.884375 0.5125 0.885938 0.532812 0.885938 0.534375 0.884375 0.560938 0.884375 0.5625 0.885938 0.567187 0.885938 0.56875 0.8875 0.571875 0.8875 0.573438 0.889063 0.575 0.889063 0.576563 0.890625 0.576563 0.895312 0.607813 0.895312 0.607813 0.851562 0.603125 0.851562 0.598437 0.846875 0.598437 0.845312 0.595312 0.842188 0.59375 0.842188 0.592188 0.840625 0.590625 0.840625 0.589063 0.839063 0.584375 0.839063 0.582812 0.840625 0.564062 0.840625 0.5625 0.839063 0.557813 0.839063 0.55625 0.8375 0.551562 0.8375 0.55 0.835938 0.545313 0.835938 0.54375 0.834375 0.5375 0.834375 0.535937 0.832812 0.53125 0.832812 0.529688 0.83125 0.525 0.83125 0.523438 0.829687 0.51875 0.829687 0.517187 0.828125 0.515625 0.828125 0.510938 0.823438 0.509375 0.823438 0.507812 0.821875 0.507812 0.820312 0.50625 0.81875 0.50625 0.817187 0.504687 0.815625 0.504687 0.801562 0.503125 0.8 0.503125 0.798437 0.49375 0.789062 0.49375 0.784375 0.781867
0 0.478125 0.829687 0.476562 0.828125 0.476562 0.825 0.471875 0.820312 0.471875 0.81875 0.470313 0.817187 0.470313 0.814062 0.46875 0.8125 0.46875 0.810938 0.467187 0.809375 0.467187 0.807813 0.465625 0.80625 0.465625 0.804688 0.464063 0.803125 0.464063 0.801562 0.4625 0.8 0.460938 0.8 0.459375 0.798437 0.457812 0.798437 0.454688 0.795313 0.453125 0.795313 0.451562 0.79375 0.45 0.79375 0.448438 0.792188 0.445312 0.792188 0.445312 0.79375 0.44375 0.795313 0.44375 0.796875 0.445312 0.798437 0.445312 0.8 0.446875 0.801562 0.446875 0.814062 0.442187 0.81875 0.4375 0.81875 0.435937 0.820312 0.432813 0.820312 0.429688 0.823438 0.429688 0.825 0.428125 0.826563 0.428125 0.829687 0.425 0.832812 0.421875 0.832812 0.421875 0.839063 0.478125 0.839063 0.478125 0.829687 0.7625 0.773438 0.770312 0.773438 0.401563 0.753125 0.403125 0.754687 0.404687 0.754687 0.409375 0.759375 0.409375 0.760938 0.407813 0.7625 0.407813 0.767187 0.396875 0.75 0.401563 0.75 0.403125 0.748438 0.403125 0.746875 0.470313 0.701563 0.426562 0.721875 0.423438 0.71875 0.423438 0.717188 0.421875 0.715625 0.421875 0.714063 0.420312 0.7125 0.420312 0.710938 0.417188 0.707812 0.417188 0.703125 0.415625 0.701563 0.415625 0.698438 0.414062 0.696875 0.414062 0.6875 0.457812 0.667188 0.757812 0.657812 0.7625 0.6625 0.764063 0.6625 0.765625 0.664062 0.770312 0.664062 0.770312 0.678125 0.765625 0.678125 0.760938 0.682813 0.760938 0.684375 0.759375 0.685938 0.529688 0.634375 0.529688 0.642187 0.53125 0.64375 0.53125 0.646875 0.529688 0.646875 0.526563 0.65 0.525 0.65 0.523438 0.648438 0.517187 0.648438 0.515625 0.646875 0.510938 0.646875 0.509375 0.645312 0.507812 0.645312 0.504687 0.642187 0.503125 0.642187 0.501562 0.640625 0.49375 0.640625 0.471875 0.634375 0.471875 0.639063 0.46875 0.639063 0.46875 0.634375 0.464063 0.634375 0.396875 0.634375 0.396875 0.65625 0.403125 0.65625 0.414062 0.645312 0.421875 0.645312 0.423438 0.646875 0.426562 0.646875 0.43125 0.651563 0.432813 0.651563 0.434375 0.653125 0.4375 0.653125 0.439063 0.654688 0.440625 0.654688 0.442187 0.65625 0.44375 0.65625 0.446875 0.659375 0.448438 0.657812 0.451562 0.657812 0.451562 0.65625 0.453125 0.654688 0.453125 0.653125 0.454688 0.651563 0.454688 0.648438 0.45625 0.646875 0.45625 0.645312 0.460938 0.640625 0.4625 0.640625 0.464063 0.639063 0.464063 0.634375 0.46875 0.634375 0.471875 0.634375 0.49375 0.640625 0.492188 0.639063 0.4875 0.639063 0.485938 0.640625 0.482812 0.640625 0.48125 0.639063 0.48125 0.634375 0.529688 0.634375 0.759375 0.685938 0.759375 0.6875 0.75625 0.690625 0.75625 0.692187 0.728125 0.720312 0.728125 0.721875 0.726562 0.723437 0.725 0.723437 0.721875 0.726562 0.721875 0.728125 0.720312 0.729688 0.71875 0.729688 0.717188 0.73125 0.717188 0.732813 0.710938 0.739062 0.710938 0.740625 0.703125 0.748438 0.703125 0.75 0.701563 0.751562 0.701563 0.753125 0.696875 0.757812 0.696875 0.760938 0.689062 0.76875 0.6875 0.76875 0.678125 0.778125 0.676562 0.778125 0.675 0.779688 0.673437 0.779688 0.667188 0.785937 0.665625 0.785937 0.660937 0.790625 0.659375 0.790625 0.65625 0.79375 0.65625 0.795313 0.648438 0.803125 0.646875 0.803125 0.645312 0.804688 0.64375 0.804688 0.639063 0.809375 0.6375 0.809375 0.634375 0.8125 0.632812 0.8125 0.629687 0.815625 0.628125 0.815625 0.626562 0.817187 0.623438 0.817187 0.621875 0.81875 0.61875 0.81875 0.617188 0.820312 0.614062 0.820312 0.610937 0.823438 0.609375 0.823438 0.607813 0.825 0.60625 0.825 0.603125 0.828125 0.601562 0.828125 0.6 0.829687 0.598437 0.829687 0.596875 0.83125 0.595312 0.83125 0.592188 0.834375 0.592188 0.839063 0.545313 0.839063 0.545313 0.834375 0.54375 0.832812 0.542188 0.832812 0.540625 0.83125 0.5375 0.83125 0.535937 0.829687 0.532812 0.829687 0.53125 0.828125 0.525 0.828125 0.523438 0.826563 0.520312 0.826563 0.517187 0.823438 0.515625 0.823438 0.5125 0.820312 0.5125 0.817187 0.510938 0.815625 0.510938 0.807813 0.509375 0.80625 0.509375 0.803125 0.507812 0.801562 0.507812 0.8 0.496875 0.789062 0.495313 0.789062 0.492188 0.785937 0.490625 0.785937 0.489062 0.784375 0.4875 0.784375 0.485938 0.782812 0.484375 0.782812 0.482812 0.78125 0.48125 0.78125 0.479688 0.779688 0.478125 0.779688 0.476562 0.778125 0.473437 0.778125 0.471875 0.776563 0.46875 0.776563 0.465625 0.773438 0.4625 0.773438 0.460938 0.771875 0.459375 0.771875 0.453125 0.765625 0.453125 0.7625 0.446875 0.75625 0.446875 0.754687 0.44375 0.751562 0.44375 0.75 0.432813 0.739062 0.432813 0.735937 0.429688 0.732813 0.429688 0.728125 0.432813 0.728125 0.435937 0.73125 0.435937 0.732813 0.439063 0.735937 0.442187 0.735937 0.44375 0.7375 0.446875 0.7375 0.45 0.740625 0.45 0.742188 0.451562 0.74375 0.453125 0.74375 0.45625 0.740625 0.45625 0.739062 0.454688 0.7375 0.454688 0.732813 0.453125 0.73125 0.453125 0.729688 0.451562 0.728125 0.451562 0.721875 0.453125 0.720312 0.459375 0.720312 0.460938 0.721875 0.471875 0.721875 0.473437 0.723437 0.478125 0.723437 0.482812 0.71875 0.482812 0.717188 0.484375 0.715625 0.484375 0.7125 0.482812 0.710938 0.482812 0.709375 0.48125 0.707812 0.48125 0.703125 0.484375 0.7 0.4875 0.7 0.489062 0.698438 0.490625 0.698438 0.492188 0.696875 0.495313 0.696875 0.496875 0.695312 0.504687 0.695312 0.50625 0.69375 0.51875 0.69375 0.520312 0.695312 0.521875 0.695312 0.523438 0.696875 0.526563 0.696875 0.528125 0.698438 0.540625 0.698438 0.542188 0.696875 0.548437 0.696875 0.55 0.695312 0.554688 0.695312 0.55625 0.69375 0.559375 0.69375 0.560938 0.692187 0.5625 0.692187 0.565625 0.689062 0.567187 0.689062 0.56875 0.6875 0.571875 0.6875 0.573438 0.685938 0.575 0.685938 0.576563 0.684375 0.576563 0.682813 0.578125 0.68125 0.579687 0.68125 0.58125 0.679688 0.582812 0.679688 0.585938 0.676562 0.58125 0.671875 0.58125 0.66875 0.582812 0.667188 0.582812 0.665625 0.584375 0.664062 0.584375 0.653125 0.582812 0.651563 0.582812 0.65 0.58125 0.648438 0.58125 0.646875 0.579687 0.645312 0.579687 0.64375 0.576563 0.640625 0.576563 0.634375 0.628125 0.634375 0.628125 0.639063 0.626562 0.640625 0.625 0.640625 0.621875 0.64375 0.620313 0.64375 0.61875 0.645312 0.61875 0.651563 0.620313 0.653125 0.621875 0.653125 0.625 0.65 0.63125 0.65 0.632812 0.648438 0.634375 0.648438 0.640625 0.642187 0.645312 0.642187 0.648438 0.639063 0.648438 0.634375 0.667188 0.634375 0.667188 0.639063 0.670313 0.642187 0.684375 0.642187 0.685938 0.64375 0.698438 0.64375 0.7 0.645312 0.714063 0.645312 0.715625 0.646875 0.721875 0.646875 0.723437 0.648438 0.728125 0.648438 0.729688 0.65 0.732813 0.65 0.734375 0.651563 0.740625 0.651563 0.742188 0.653125 0.746875 0.653125 0.748438 0.654688 0.751562 0.654688 0.753125 0.65625 0.754687 0.65625 0.75625 0.657812 0.757812 0.657812 0.457812 0.667188 0.457812 0.665625 0.457812 0.667188 0.414062 0.6875 0.410937 0.684375 0.407813 0.684375 0.407813 0.689062 0.40625 0.690625 0.40625 0.714063 0.410937 0.71875 0.4125 0.71875 0.414062 0.720312 0.415625 0.720312 0.417188 0.721875 0.41875 0.721875 0.421875 0.725 0.423438 0.725 0.425 0.726562 0.426562 0.726562 0.426562 0.721875 0.470313 0.701563 0.470313 0.701563 0.403125 0.746875 0.401563 0.745313 0.396875 0.745313 0.396875 0.75 0.407813 0.767187 0.404687 0.767187 0.403125 0.76875 0.396875 0.76875 0.396875 0.753125 0.401563 0.753125 0.770312 0.773438 0.770312 0.795313 0.7625 0.795313 0.760938 0.79375 0.757812 0.79375 0.751562 0.7875 0.751562 0.784375 0.746875 0.779688 0.732813 0.779688 0.73125 0.778125 0.729688 0.778125 0.729688 0.776563 0.734375 0.771875 0.7375 0.771875 0.739062 0.770312 0.746875 0.770312 0.748438 0.771875 0.760938 0.771875 0.7625 0.773438 0.775558
0 0 0.303125 0 0.514063 0.003125 0.514063 0.003125 0.507812 0.0109375 0.5 0.0109375 0.498437 0.0140625 0.495313 0.0140625 0.492188 0.015625 0.490625 0.015625 0.4875 0.0171875 0.485938 0.0171875 0.479688 0.01875 0.478125 0.01875 0.46875 0.0203125 0.467187 0.0203125 0.465625 0.021875 0.464063 0.021875 0.4625 0.0234375 0.460938 0.0234375 0.457812 0.025 0.45625 0.025 0.454688 0.028125 0.451562 0.0328125 0.451562 0.0328125 0.373437 0.028125 0.373437 0.025 0.370313 0.025 0.367188 0.0234375 0.365625 0.0234375 0.357812 0.021875 0.35625 0.021875 0.35 0.0203125 0.348437 0.0203125 0.34375 0.01875 0.342187 0.01875 0.339063 0.0171875 0.3375 0.0171875 0.335938 0.015625 0.334375 0.015625 0.329688 0.0140625 0.328125 0.0140625 0.325 0.0125 0.323438 0.0125 0.321875 0.0109375 0.320312 0.0109375 0.31875 0.009375 0.317187 0.009375 0.315625 0.0015625 0.307813 0.0015625 0.303125 0.735825
0 0.329688 0.451562 0.328125 0.45 0.326562 0.451562 0.326562 0.454688 0.328125 0.454688 0.329688 0.453125 0.329688 0.451562 0.659375 0.392188 0.6625 0.395312 0.651563 0.326562 0.670313 0.38125 0.667188 0.384375 0.667188 0.385938 0.66875 0.3875 0.66875 0.392188 0.665625 0.395312 0.665625 0.396875 0.667188 0.398438 0.667188 0.401563 0.66875 0.403125 0.667188 0.404687 0.667188 0.409375 0.66875 0.410937 0.66875 0.415625 0.65625 0.428125 0.654688 0.428125 0.653125 0.429688 0.65 0.429688 0.646875 0.426562 0.646875 0.425 0.645312 0.425 0.645312 0.426562 0.642187 0.429688 0.640625 0.429688 0.639063 0.43125 0.61875 0.43125 0.617188 0.432813 0.614062 0.432813 0.6125 0.434375 0.609375 0.434375 0.607813 0.435937 0.607813 0.4375 0.604688 0.440625 0.603125 0.440625 0.601562 0.442187 0.592188 0.442187 0.590625 0.440625 0.584375 0.440625 0.582812 0.439063 0.579687 0.439063 0.578125 0.4375 0.573438 0.4375 0.571875 0.435937 0.570312 0.435937 0.56875 0.434375 0.565625 0.434375 0.564062 0.432813 0.560938 0.432813 0.559375 0.43125 0.557813 0.43125 0.55625 0.429688 0.554688 0.429688 0.551562 0.426562 0.548437 0.426562 0.546875 0.425 0.545313 0.425 0.539062 0.41875 0.5375 0.41875 0.534375 0.415625 0.534375 0.414062 0.529688 0.409375 0.529688 0.407813 0.526563 0.404687 0.525 0.404687 0.523438 0.403125 0.521875 0.403125 0.520312 0.401563 0.51875 0.401563 0.515625 0.398438 0.514063 0.398438 0.5125 0.396875 0.510938 0.396875 0.509375 0.395312 0.50625 0.395312 0.503125 0.392188 0.501562 0.392188 0.498437 0.389062 0.496875 0.389062 0.495313 0.3875 0.49375 0.3875 0.489062 0.382812 0.4875 0.382812 0.48125 0.376563 0.479688 0.376563 0.471875 0.36875 0.470313 0.36875 0.4625 0.360938 0.460938 0.360938 0.457812 0.357812 0.45625 0.357812 0.453125 0.354688 0.451562 0.354688 0.448438 0.351562 0.446875 0.351562 0.445312 0.35 0.44375 0.35 0.442187 0.348437 0.440625 0.348437 0.439063 0.346875 0.4375 0.346875 0.434375 0.34375 0.432813 0.34375 0.43125 0.342187 0.429688 0.342187 0.428125 0.340625 0.425 0.340625 0.423438 0.339063 0.417188 0.339063 0.415625 0.3375 0.4125 0.3375 0.410937 0.335938 0.409375 0.335938 0.407813 0.334375 0.404687 0.334375 0.403125 0.332812 0.398438 0.332812 0.396875 0.33125 0.39375 0.33125 0.392188 0.329688 0.389062 0.329688 0.3875 0.328125 0.385938 0.328125 0.384375 0.326562 0.382812 0.326562 0.38125 0.325 0.379687 0.325 0.378125 0.323438 0.376563 0.323438 0.373437 0.320312 0.373437 0.315625 0.321875 0.315625 0.321875 0.321875 0.320312 0.323438 0.320312 0.325 0.31875 0.326562 0.31875 0.328125 0.315625 0.33125 0.315625 0.332812 0.314063 0.334375 0.314063 0.3375 0.310937 0.340625 0.310937 0.342187 0.309375 0.34375 0.303125 0.34375 0.303125 0.360938 0.323438 0.360938 0.325 0.3625 0.326562 0.3625 0.329688 0.365625 0.329688 0.370313 0.33125 0.371875 0.33125 0.378125 0.332812 0.379687 0.332812 0.389062 0.334375 0.389062 0.334375 0.385938 0.339063 0.38125 0.35625 0.38125 0.357812 0.382812 0.360938 0.382812 0.3625 0.38125 0.364062 0.38125 0.365625 0.382812 0.367188 0.382812 0.36875 0.384375 0.370313 0.384375 0.371875 0.385938 0.375 0.385938 0.376563 0.3875 0.378125 0.3875 0.379687 0.389062 0.379687 0.390625 0.38125 0.392188 0.38125 0.39375 0.382812 0.395312 0.382812 0.396875 0.384375 0.398438 0.385938 0.398438 0.3875 0.4 0.389062 0.4 0.39375 0.404687 0.39375 0.407813 0.395312 0.409375 0.401563 0.409375 0.403125 0.410937 0.404687 0.410937 0.40625 0.4125 0.415625 0.4125 0.41875 0.415625 0.41875 0.417188 0.420312 0.41875 0.423438 0.41875 0.425 0.420312 0.426562 0.420312 0.429688 0.423438 0.429688 0.425 0.43125 0.426562 0.43125 0.428125 0.432813 0.428125 0.434375 0.429688 0.4375 0.429688 0.439063 0.43125 0.440625 0.43125 0.445312 0.435937 0.445312 0.4375 0.448438 0.4375 0.45 0.439063 0.454688 0.439063 0.45625 0.440625 0.457812 0.440625 0.459375 0.442187 0.464063 0.442187 0.465625 0.44375 0.467187 0.44375 0.471875 0.448438 0.471875 0.451562 0.473437 0.453125 0.476562 0.453125 0.478125 0.454688 0.478125 0.45625 0.482812 0.460938 0.482812 0.4625 0.484375 0.464063 0.484375 0.465625 0.485938 0.465625 0.4875 0.467187 0.489062 0.467187 0.492188 0.470313 0.492188 0.471875 0.49375 0.471875 0.495313 0.473437 0.496875 0.473437 0.498437 0.475 0.501562 0.475 0.503125 0.476562 0.504687 0.476562 0.507812 0.479688 0.509375 0.479688 0.510938 0.48125 0.5125 0.48125 0.514063 0.482812 0.514063 0.484375 0.5125 0.485938 0.507812 0.485938 0.50625 0.4875 0.495313 0.4875 0.49375 0.489062 0.496875 0.489062 0.498437 0.490625 0.501562 0.490625 0.503125 0.492188 0.504687 0.492188 0.509375 0.496875 0.514063 0.496875 0.515625 0.498437 0.51875 0.498437 0.520312 0.5 0.523438 0.5 0.526563 0.503125 0.526563 0.504687 0.528125 0.50625 0.528125 0.507812 0.53125 0.504687 0.534375 0.504687 0.5375 0.507812 0.5375 0.509375 0.539062 0.510938 0.540625 0.510938 0.542188 0.509375 0.542188 0.504687 0.540625 0.503125 0.540625 0.5 0.534375 0.5 0.53125 0.496875 0.53125 0.495313 0.532812 0.49375 0.542188 0.49375 0.54375 0.495313 0.554688 0.495313 0.55625 0.49375 0.5625 0.49375 0.564062 0.492188 0.576563 0.492188 0.578125 0.49375 0.582812 0.49375 0.584375 0.495313 0.5875 0.495313 0.595312 0.503125 0.604688 0.503125 0.60625 0.504687 0.610937 0.504687 0.6125 0.503125 0.617188 0.503125 0.61875 0.501562 0.620313 0.501562 0.623438 0.498437 0.625 0.498437 0.626562 0.496875 0.628125 0.496875 0.629687 0.495313 0.634375 0.495313 0.635938 0.49375 0.640625 0.49375 0.642187 0.492188 0.645312 0.492188 0.65 0.4875 0.651563 0.4875 0.651563 0.484375 0.653125 0.482812 0.653125 0.48125 0.667188 0.467187 0.667188 0.465625 0.673437 0.459375 0.673437 0.457812 0.675 0.45625 0.675 0.454688 0.678125 0.451562 0.678125 0.45 0.68125 0.446875 0.68125 0.445312 0.682813 0.44375 0.689062 0.44375 0.689062 0.392188 0.684375 0.392188 0.682813 0.390625 0.68125 0.390625 0.676562 0.385938 0.676562 0.384375 0.675 0.382812 0.673437 0.382812 0.671875 0.38125 0.670313 0.38125 0.651563 0.326562 0.651563 0.323438 0.653125 0.321875 0.653125 0.315625 0.645312 0.315625 0.645312 0.323438 0.646875 0.325 0.648438 0.325 0.65 0.326562 0.651563 0.326562 0.6625 0.395312 0.6625 0.396875 0.659375 0.396875 0.659375 0.390625 0.659375 0.392188 0.714867
0 0.415625 0.515625 0.415625 0.6375 0.420312 0.6375 0.421875 0.635938 0.423438 0.635938 0.423438 0.634375 0.425 0.632812 0.425 0.63125 0.426562 0.629687 0.428125 0.629687 0.43125 0.632812 0.43125 0.6375 0.432813 0.639063 0.432813 0.64375 0.434375 0.645312 0.434375 0.646875 0.4375 0.65 0.4375 0.651563 0.439063 0.651563 0.442187 0.654688 0.44375 0.654688 0.446875 0.657812 0.448438 0.657812 0.45 0.659375 0.451562 0.659375 0.453125 0.660937 0.454688 0.660937 0.460938 0.667188 0.4625 0.667188 0.465625 0.670313 0.467187 0.670313 0.46875 0.671875 0.470313 0.671875 0.471875 0.673437 0.473437 0.673437 0.476562 0.676562 0.478125 0.676562 0.479688 0.678125 0.482812 0.678125 0.484375 0.679688 0.485938 0.679688 0.4875 0.68125 0.489062 0.68125 0.490625 0.682813 0.49375 0.682813 0.496875 0.685938 0.496875 0.707812 0.54375 0.707812 0.54375 0.703125 0.548437 0.698438 0.55 0.698438 0.551562 0.696875 0.55625 0.696875 0.557813 0.695312 0.559375 0.695312 0.5625 0.692187 0.564062 0.692187 0.565625 0.690625 0.56875 0.690625 0.570312 0.689062 0.571875 0.689062 0.575 0.685938 0.576563 0.685938 0.578125 0.684375 0.579687 0.684375 0.58125 0.682813 0.582812 0.682813 0.585938 0.679688 0.5875 0.679688 0.589063 0.678125 0.590625 0.678125 0.595312 0.673437 0.596875 0.673437 0.6 0.670313 0.601562 0.670313 0.60625 0.665625 0.607813 0.665625 0.6125 0.660937 0.614062 0.660937 0.615625 0.659375 0.61875 0.659375 0.621875 0.65625 0.623438 0.65625 0.625 0.654688 0.626562 0.654688 0.629687 0.651563 0.63125 0.651563 0.632812 0.65 0.634375 0.65 0.635938 0.648438 0.639063 0.648438 0.640625 0.646875 0.642187 0.646875 0.64375 0.645312 0.645312 0.645312 0.646875 0.64375 0.65 0.64375 0.651563 0.642187 0.654688 0.642187 0.65625 0.640625 0.660937 0.640625 0.6625 0.639063 0.667188 0.639063 0.66875 0.6375 0.673437 0.6375 0.675 0.635938 0.678125 0.635938 0.678125 0.634375 0.690625 0.621875 0.690625 0.620313 0.692187 0.61875 0.692187 0.617188 0.696875 0.6125 0.701563 0.6125 0.701563 0.554688 0.692187 0.554688 0.690625 0.553125 0.689062 0.554688 0.678125 0.554688 0.675 0.551562 0.673437 0.551562 0.665625 0.54375 0.664062 0.54375 0.660937 0.540625 0.659375 0.540625 0.657812 0.539062 0.653125 0.539062 0.651563 0.5375 0.65 0.5375 0.645312 0.532812 0.64375 0.532812 0.639063 0.528125 0.639063 0.526563 0.6375 0.526563 0.635938 0.525 0.635938 0.523438 0.634375 0.521875 0.634375 0.515625 0.625 0.515625 0.625 0.520312 0.623438 0.521875 0.621875 0.521875 0.620313 0.523438 0.617188 0.523438 0.615625 0.525 0.6125 0.525 0.610937 0.526563 0.609375 0.526563 0.607813 0.528125 0.60625 0.528125 0.604688 0.529688 0.590625 0.529688 0.589063 0.528125 0.584375 0.528125 0.582812 0.526563 0.58125 0.526563 0.579687 0.525 0.573438 0.525 0.571875 0.523438 0.557813 0.523438 0.554688 0.520312 0.554688 0.515625 0.517187 0.515625 0.517187 0.521875 0.515625 0.523438 0.514063 0.523438 0.509375 0.528125 0.507812 0.528125 0.501562 0.534375 0.498437 0.534375 0.495313 0.5375 0.49375 0.535937 0.489062 0.535937 0.4875 0.5375 0.4875 0.539062 0.478125 0.548437 0.478125 0.55 0.471875 0.55625 0.46875 0.55625 0.467187 0.554688 0.464063 0.554688 0.4625 0.553125 0.459375 0.553125 0.457812 0.551562 0.457812 0.55 0.45625 0.548437 0.45625 0.545313 0.453125 0.542188 0.453125 0.539062 0.451562 0.5375 0.451562 0.526563 0.453125 0.525 0.453125 0.523438 0.454688 0.521875 0.454688 0.515625 0.703772
0 0.884375 0.409375 0.889063 0.409375 0.884375 0.409375 0.871875 0.407813 0.871875 0.404687 0.873438 0.403125 0.873438 0.4 0.875 0.398438 0.875 0.396875 0.876562 0.395312 0.876562 0.390625 0.878125 0.389062 0.878125 0.376563 0.879687 0.375 0.879687 0.371875 0.88125 0.370313 0.88125 0.359375 0.882812 0.357812 0.882812 0.353125 0.884375 0.351562 0.889063 0.351562 0.889063 0.315625 0.851562 0.315625 0.851562 0.320312 0.848437 0.323438 0.845312 0.323438 0.84375 0.325 0.8375 0.325 0.835938 0.326562 0.832812 0.326562 0.83125 0.328125 0.823438 0.328125 0.821875 0.329688 0.820312 0.329688 0.81875 0.33125 0.817187 0.33125 0.8125 0.335938 0.810938 0.335938 0.807813 0.339063 0.80625 0.339063 0.804688 0.340625 0.801562 0.340625 0.798437 0.34375 0.796875 0.34375 0.795313 0.345313 0.792188 0.345313 0.790625 0.346875 0.789062 0.346875 0.785937 0.35 0.784375 0.35 0.782812 0.351562 0.78125 0.351562 0.779688 0.353125 0.776563 0.353125 0.775 0.354688 0.771875 0.354688 0.770312 0.35625 0.76875 0.35625 0.767187 0.357812 0.765625 0.357812 0.764063 0.359375 0.7625 0.359375 0.760938 0.360938 0.757812 0.360938 0.75625 0.3625 0.753125 0.3625 0.751562 0.364062 0.748438 0.364062 0.746875 0.365625 0.739062 0.365625 0.7375 0.367188 0.725 0.367188 0.723437 0.36875 0.715625 0.36875 0.714063 0.370313 0.704687 0.370313 0.703125 0.371875 0.698438 0.371875 0.696875 0.373437 0.692187 0.373437 0.690625 0.375 0.689062 0.375 0.6875 0.376563 0.68125 0.376563 0.679688 0.378125 0.675 0.378125 0.673437 0.376563 0.66875 0.376563 0.667188 0.375 0.664062 0.375 0.6625 0.373437 0.659375 0.373437 0.657812 0.371875 0.648438 0.371875 0.646875 0.373437 0.645312 0.373437 0.64375 0.371875 0.634375 0.371875 0.632812 0.370313 0.629687 0.370313 0.628125 0.36875 0.626562 0.370313 0.621875 0.370313 0.620313 0.371875 0.61875 0.371875 0.617188 0.373437 0.614062 0.373437 0.6125 0.375 0.610937 0.375 0.609375 0.376563 0.607813 0.376563 0.60625 0.378125 0.601562 0.378125 0.6 0.379687 0.596875 0.379687 0.595312 0.38125 0.59375 0.38125 0.592188 0.382812 0.590625 0.382812 0.589063 0.384375 0.585938 0.384375 0.584375 0.385938 0.582812 0.385938 0.58125 0.3875 0.579687 0.3875 0.578125 0.389062 0.575 0.389062 0.573438 0.390625 0.570312 0.390625 0.56875 0.392188 0.567187 0.392188 0.565625 0.39375 0.5625 0.39375 0.560938 0.395312 0.559375 0.395312 0.557813 0.396875 0.554688 0.396875 0.553125 0.398438 0.551562 0.398438 0.55 0.4 0.546875 0.4 0.545313 0.401563 0.542188 0.401563 0.540625 0.403125 0.534375 0.403125 0.534375 0.415625 0.539062 0.415625 0.540625 0.417188 0.542188 0.417188 0.545313 0.420312 0.545313 0.421875 0.546875 0.421875 0.55 0.425 0.55 0.426562 0.553125 0.429688 0.554688 0.429688 0.557813 0.432813 0.557813 0.434375 0.559375 0.435937 0.560938 0.435937 0.565625 0.440625 0.567187 0.440625 0.571875 0.445312 0.573438 0.445312 0.582812 0.454688 0.584375 0.454688 0.585938 0.45625 0.5875 0.45625 0.589063 0.457812 0.590625 0.457812 0.596875 0.464063 0.604688 0.464063 0.60625 0.465625 0.615625 0.465625 0.617188 0.464063 0.61875 0.464063 0.621875 0.460938 0.623438 0.460938 0.628125 0.45625 0.63125 0.45625 0.632812 0.454688 0.635938 0.454688 0.6375 0.453125 0.640625 0.453125 0.64375 0.45 0.64375 0.448438 0.648438 0.44375 0.65 0.44375 0.651563 0.442187 0.653125 0.442187 0.654688 0.440625 0.659375 0.440625 0.660937 0.439063 0.673437 0.439063 0.675 0.440625 0.676562 0.440625 0.68125 0.445312 0.68125 0.446875 0.679688 0.448438 0.679688 0.45 0.678125 0.451562 0.678125 0.454688 0.676562 0.45625 0.676562 0.459375 0.673437 0.4625 0.673437 0.464063 0.670313 0.467187 0.670313 0.46875 0.667188 0.471875 0.667188 0.473437 0.664062 0.476562 0.664062 0.478125 0.6625 0.479688 0.6625 0.482812 0.660937 0.484375 0.660937 0.485938 0.659375 0.4875 0.659375 0.489062 0.657812 0.490625 0.657812 0.495313 0.65625 0.496875 0.65625 0.501562 0.654688 0.503125 0.654688 0.507812 0.653125 0.509375 0.653125 0.510938 0.65 0.514063 0.65 0.515625 0.64375 0.521875 0.642187 0.521875 0.640625 0.523438 0.6375 0.523438 0.635938 0.525 0.63125 0.525 0.629687 0.526563 0.625 0.526563 0.623438 0.528125 0.620313 0.528125 0.61875 0.529688 0.615625 0.529688 0.614062 0.53125 0.607813 0.53125 0.60625 0.532812 0.6 0.532812 0.598437 0.53125 0.589063 0.53125 0.5875 0.529688 0.579687 0.529688 0.578125 0.528125 0.56875 0.528125 0.567187 0.526563 0.559375 0.526563 0.557813 0.525 0.553125 0.525 0.551562 0.523438 0.55 0.523438 0.548437 0.521875 0.546875 0.521875 0.545313 0.520312 0.54375 0.520312 0.542188 0.51875 0.540625 0.51875 0.539062 0.517187 0.534375 0.517187 0.534375 0.576563 0.689062 0.576563 0.689062 0.570312 0.6875 0.56875 0.684375 0.56875 0.68125 0.565625 0.68125 0.560938 0.684375 0.557813 0.685938 0.557813 0.6875 0.559375 0.690625 0.559375 0.692187 0.560938 0.692187 0.5625 0.69375 0.5625 0.703125 0.571875 0.703125 0.576563 0.725 0.576563 0.725 0.571875 0.729688 0.567187 0.73125 0.567187 0.732813 0.565625 0.734375 0.565625 0.735937 0.564062 0.7375 0.564062 0.739062 0.5625 0.740625 0.5625 0.74375 0.559375 0.745313 0.559375 0.746875 0.557813 0.748438 0.557813 0.75 0.55625 0.751562 0.55625 0.753125 0.554688 0.754687 0.554688 0.757812 0.551562 0.759375 0.551562 0.7625 0.548437 0.764063 0.548437 0.765625 0.546875 0.767187 0.546875 0.779688 0.534375 0.78125 0.534375 0.7875 0.528125 0.789062 0.528125 0.795313 0.521875 0.796875 0.521875 0.796875 0.520312 0.8 0.517187 0.801562 0.517187 0.803125 0.515625 0.803125 0.514063 0.815625 0.501562 0.815625 0.5 0.820312 0.495313 0.820312 0.49375 0.823438 0.490625 0.825 0.490625 0.826563 0.489062 0.826563 0.4875 0.828125 0.485938 0.828125 0.484375 0.829687 0.482812 0.829687 0.48125 0.832812 0.478125 0.834375 0.478125 0.834375 0.476562 0.839063 0.471875 0.839063 0.470313 0.840625 0.46875 0.840625 0.467187 0.842188 0.465625 0.842188 0.4625 0.845312 0.459375 0.845312 0.45625 0.846875 0.454688 0.846875 0.451562 0.851562 0.446875 0.851562 0.445312 0.853125 0.44375 0.853125 0.442187 0.85625 0.439063 0.85625 0.4375 0.860937 0.432813 0.860937 0.43125 0.8625 0.429688 0.8625 0.428125 0.865625 0.425 0.865625 0.423438 0.867188 0.421875 0.867188 0.417188 0.86875 0.415625 0.86875 0.4125 0.870313 0.410937 0.870313 0.409375 0.871875 0.407813 0.697608
0 0.990625 0.659375 0.990625 0.665625 0.979688 0.676562 0.979688 0.678125 0.976562 0.68125 0.976562 0.682813 0.975 0.684375 0.975 0.685938 0.970312 0.690625 0.970312 0.692187 0.96875 0.69375 0.96875 0.695312 0.965625 0.698438 0.965625 0.7 0.942187 0.723437 0.940625 0.723437 0.935938 0.728125 0.934375 0.728125 0.932813 0.729688 0.93125 0.729688 0.929688 0.73125 0.925 0.73125 0.923437 0.732813 0.890625 0.732813 0.890625 0.746875 0.896875 0.746875 0.898438 0.748438 0.898438 0.75 0.901563 0.753125 0.901563 0.75625 0.903125 0.757812 0.903125 0.759375 0.904688 0.760938 0.904688 0.764063 0.907812 0.767187 0.907812 0.76875 0.917188 0.778125 0.91875 0.778125 0.921875 0.78125 0.923437 0.78125 0.925 0.782812 0.929688 0.782812 0.93125 0.784375 0.935938 0.784375 0.9375 0.785937 0.939062 0.785937 0.940625 0.7875 0.942187 0.785937 0.945312 0.785937 0.948438 0.782812 0.95 0.782812 0.951563 0.78125 0.959375 0.78125 0.960938 0.782812 0.964063 0.782812 0.965625 0.784375 0.965625 0.785937 0.964063 0.7875 0.964063 0.789062 0.9625 0.790625 0.9625 0.795313 0.990625 0.795313 0.990625 0.790625 0.9875 0.7875 0.9875 0.785937 0.985937 0.784375 0.985937 0.782812 0.995313 0.773438 0.998438 0.773438 0.998438 0.659375 0.659395
0 0.609375 0.359375 0.609375 0.357812 0.607813 0.35625 0.60625 0.35625 0.604688 0.354688 0.598437 0.354688 0.596875 0.35625 0.595312 0.354688 0.59375 0.354688 0.592188 0.353125 0.5875 0.353125 0.585938 0.354688 0.584375 0.354688 0.582812 0.35625 0.58125 0.354688 0.576563 0.354688 0.575 0.35625 0.56875 0.35625 0.564062 0.351562 0.564062 0.348437 0.5625 0.35 0.560938 0.35 0.559375 0.351562 0.553125 0.351562 0.553125 0.376563 0.59375 0.376563 0.59375 0.370313 0.595312 0.36875 0.6 0.36875 0.601562 0.367188 0.603125 0.367188 0.60625 0.364062 0.60625 0.3625 0.609375 0.359375 0.625 0.364062 0.625 0.365625 0.628125 0.365625 0.629687 0.367188 0.632812 0.367188 0.634375 0.36875 0.648438 0.36875 0.65 0.370313 0.659375 0.370313 0.660937 0.371875 0.660937 0.376563 0.689062 0.376563 0.689062 0.371875 0.690625 0.370313 0.69375 0.370313 0.695312 0.36875 0.7 0.36875 0.701563 0.370313 0.703125 0.370313 0.704687 0.36875 0.715625 0.36875 0.717188 0.367188 0.71875 0.367188 0.720312 0.365625 0.725 0.365625 0.726562 0.364062 0.734375 0.364062 0.735937 0.3625 0.745313 0.3625 0.746875 0.360938 0.75 0.360938 0.751562 0.359375 0.754687 0.359375 0.75625 0.357812 0.759375 0.357812 0.760938 0.35625 0.765625 0.35625 0.76875 0.353125 0.770312 0.353125 0.771875 0.351562 0.775 0.351562 0.776563 0.35 0.778125 0.35 0.779688 0.348437 0.78125 0.348437 0.782812 0.346875 0.784375 0.346875 0.785937 0.345313 0.7875 0.345313 0.789062 0.34375 0.790625 0.34375 0.792188 0.342187 0.79375 0.342187 0.795313 0.340625 0.796875 0.340625 0.798437 0.339063 0.8 0.339063 0.801562 0.3375 0.803125 0.3375 0.80625 0.334375 0.807813 0.334375 0.809375 0.332812 0.810938 0.332812 0.8125 0.33125 0.814062 0.33125 0.81875 0.326562 0.81875 0.325 0.821875 0.321875 0.823438 0.321875 0.825 0.320312 0.826563 0.320312 0.84375 0.303125 0.845312 0.303125 0.851562 0.296875 0.85625 0.296875 0.857813 0.298438 0.860937 0.298438 0.8625 0.3 0.864062 0.3 0.865625 0.301562 0.867188 0.301562 0.86875 0.303125 0.882812 0.303125 0.884375 0.301562 0.885938 0.301562 0.8875 0.3 0.889063 0.3 0.896875 0.292188 0.898438 0.292188 0.9 0.290625 0.9 0.289062 0.90625 0.282813 0.90625 0.28125 0.909375 0.278125 0.909375 0.276563 0.9125 0.273438 0.9125 0.271875 0.914062 0.270312 0.914062 0.26875 0.915625 0.267188 0.920313 0.267188 0.920313 0.148438 0.915625 0.148438 0.9125 0.145313 0.9125 0.135937 0.914062 0.134375 0.914062 0.126563 0.9125 0.125 0.9125 0.121875 0.909375 0.11875 0.909375 0.117188 0.903125 0.110937 0.903125 0.109375 0.901563 0.107813 0.901563 0.10625 0.9 0.10625 0.898438 0.104687 0.898438 0.103125 0.896875 0.101562 0.896875 0.1 0.895312 0.0984375 0.895312 0.096875 0.89375 0.096875 0.892187 0.0953125 0.890625 0.0953125 0.8875 0.0921875 0.885938 0.0921875 0.884375 0.090625 0.884375 0.084375 0.757812 0.084375 0.757812 0.0890625 0.754687 0.0921875 0.753125 0.0921875 0.751562 0.09375 0.748438 0.09375 0.746875 0.0953125 0.726562 0.0953125 0.725 0.096875 0.720312 0.096875 0.715625 0.101562 0.714063 0.101562 0.7125 0.103125 0.707812 0.103125 0.70625 0.104687 0.703125 0.104687 0.701563 0.10625 0.7 0.10625 0.698438 0.107813 0.695312 0.107813 0.69375 0.109375 0.690625 0.109375 0.689062 0.110937 0.689062 0.1125 0.6875 0.114063 0.685938 0.114063 0.679688 0.120312 0.678125 0.120312 0.676562 0.121875 0.676562 0.123438 0.673437 0.126563 0.671875 0.126563 0.667188 0.13125 0.665625 0.13125 0.657812 0.139062 0.657812 0.140625 0.653125 0.145313 0.648438 0.145313 0.646875 0.146875 0.642187 0.146875 0.640625 0.148438 0.6375 0.148438 0.635938 0.15 0.632812 0.15 0.63125 0.151562 0.623438 0.151562 0.621875 0.153125 0.61875 0.153125 0.617188 0.154687 0.615625 0.154687 0.614062 0.15625 0.610937 0.15625 0.609375 0.157813 0.60625 0.157813 0.604688 0.159375 0.601562 0.159375 0.6 0.160938 0.598437 0.160938 0.596875 0.1625 0.595312 0.1625 0.59375 0.164062 0.590625 0.164062 0.589063 0.165625 0.585938 0.165625 0.584375 0.167187 0.582812 0.167187 0.58125 0.16875 0.579687 0.16875 0.578125 0.170312 0.573438 0.170312 0.571875 0.171875 0.56875 0.171875 0.567187 0.173438 0.565625 0.173438 0.564062 0.175 0.560938 0.175 0.559375 0.176563 0.553125 0.176563 0.553125 0.1875 0.559375 0.1875 0.560938 0.185937 0.567187 0.185937 0.56875 0.184375 0.578125 0.184375 0.579687 0.182812 0.604688 0.182812 0.60625 0.184375 0.610937 0.184375 0.6125 0.185937 0.614062 0.185937 0.615625 0.1875 0.617188 0.1875 0.61875 0.189063 0.620313 0.189063 0.621875 0.190625 0.623438 0.190625 0.625 0.192188 0.626562 0.192188 0.629687 0.195312 0.63125 0.195312 0.651563 0.215625 0.651563 0.217187 0.65625 0.221875 0.65625 0.223438 0.657812 0.225 0.657812 0.226562 0.659375 0.228125 0.659375 0.229687 0.660937 0.23125 0.660937 0.232812 0.6625 0.234375 0.6625 0.235938 0.664062 0.2375 0.664062 0.240625 0.665625 0.242188 0.665625 0.24375 0.667188 0.245312 0.667188 0.248437 0.66875 0.25 0.66875 0.251563 0.670313 0.253125 0.670313 0.25625 0.671875 0.257812 0.671875 0.259375 0.675 0.2625 0.675 0.264062 0.676562 0.265625 0.676562 0.285937 0.675 0.2875 0.675 0.289062 0.673437 0.290625 0.673437 0.292188 0.671875 0.29375 0.671875 0.296875 0.670313 0.298438 0.670313 0.301562 0.66875 0.303125 0.66875 0.30625 0.667188 0.307813 0.667188 0.309375 0.665625 0.310937 0.665625 0.3125 0.664062 0.314063 0.664062 0.317187 0.6625 0.31875 0.6625 0.320312 0.660937 0.321875 0.659375 0.321875 0.659375 0.323438 0.657812 0.325 0.657812 0.326562 0.654688 0.329688 0.654688 0.33125 0.651563 0.334375 0.651563 0.335938 0.645312 0.342187 0.645312 0.34375 0.63125 0.357812 0.63125 0.359375 0.626562 0.364062 0.625 0.364062 0.60527
0 0.88125 0.728125 0.88125 0.732813 0.879687 0.734375 0.875 0.734375 0.873438 0.735937 0.870313 0.735937 0.86875 0.734375 0.865625 0.734375 0.864062 0.735937 0.860937 0.735937 0.859375 0.7375 0.857813 0.7375 0.854688 0.740625 0.853125 0.740625 0.853125 0.742188 0.85 0.745313 0.848437 0.745313 0.846875 0.746875 0.846875 0.748438 0.842188 0.753125 0.842188 0.759375 0.840625 0.760938 0.839063 0.760938 0.83125 0.76875 0.820312 0.76875 0.81875 0.770312 0.817187 0.770312 0.815625 0.771875 0.814062 0.771875 0.8125 0.773438 0.810938 0.773438 0.80625 0.778125 0.80625 0.779688 0.804688 0.78125 0.804688 0.782812 0.798437 0.789062 0.798437 0.790625 0.795313 0.79375 0.79375 0.79375 0.789062 0.798437 0.7875 0.798437 0.785937 0.8 0.784375 0.8 0.782812 0.801562 0.778125 0.801562 0.778125 0.820312 0.801562 0.820312 0.801562 0.815625 0.80625 0.810938 0.809375 0.810938 0.810938 0.809375 0.814062 0.809375 0.815625 0.807813 0.817187 0.807813 0.81875 0.80625 0.821875 0.80625 0.823438 0.804688 0.845312 0.804688 0.846875 0.803125 0.857813 0.803125 0.859375 0.804688 0.864062 0.804688 0.865625 0.80625 0.871875 0.80625 0.873438 0.807813 0.88125 0.807813 0.882812 0.80625 0.8875 0.80625 0.889063 0.804688 0.892187 0.804688 0.898438 0.798437 0.9 0.798437 0.901563 0.796875 0.904688 0.796875 0.90625 0.795313 0.909375 0.795313 0.910937 0.79375 0.914062 0.79375 0.917188 0.790625 0.91875 0.790625 0.920313 0.789062 0.926562 0.789062 0.926562 0.784375 0.921875 0.784375 0.915625 0.778125 0.915625 0.776563 0.90625 0.767187 0.90625 0.764063 0.904688 0.7625 0.904688 0.760938 0.903125 0.759375 0.903125 0.757812 0.901563 0.75625 0.901563 0.753125 0.9 0.751562 0.9 0.748438 0.898438 0.746875 0.9 0.745313 0.9 0.74375 0.90625 0.7375 0.907812 0.7375 0.9125 0.732813 0.9125 0.728125 0.603184
0 0.567187 0.6875 0.560938 0.69375 0.557813 0.69375 0.554688 0.696875 0.553125 0.696875 0.55 0.7 0.545313 0.7 0.54375 0.701563 0.540625 0.701563 0.539062 0.703125 0.5375 0.703125 0.535937 0.704687 0.53125 0.704687 0.529688 0.70625 0.509375 0.70625 0.509375 0.764063 0.514063 0.764063 0.515625 0.765625 0.515625 0.770312 0.69375 0.770312 0.69375 0.764063 0.698438 0.759375 0.698438 0.757812 0.703125 0.753125 0.703125 0.751562 0.704687 0.75 0.704687 0.748438 0.715625 0.7375 0.715625 0.735937 0.721875 0.729688 0.721875 0.728125 0.757812 0.692187 0.757812 0.690625 0.759375 0.689062 0.759375 0.6875 0.760938 0.685938 0.760938 0.684375 0.7625 0.682813 0.7625 0.68125 0.765625 0.678125 0.770312 0.678125 0.770312 0.6625 0.764063 0.6625 0.759375 0.657812 0.75625 0.657812 0.754687 0.65625 0.753125 0.65625 0.751562 0.654688 0.75 0.654688 0.748438 0.653125 0.745313 0.653125 0.74375 0.651563 0.73125 0.651563 0.729688 0.65 0.728125 0.65 0.725 0.646875 0.723437 0.646875 0.721875 0.645312 0.69375 0.645312 0.690625 0.642187 0.690625 0.634375 0.651563 0.634375 0.651563 0.639063 0.648438 0.642187 0.6375 0.642187 0.635938 0.64375 0.635938 0.645312 0.632812 0.648438 0.623438 0.648438 0.621875 0.646875 0.625 0.64375 0.628125 0.64375 0.63125 0.640625 0.63125 0.634375 0.584375 0.634375 0.584375 0.640625 0.582812 0.642187 0.582812 0.648438 0.584375 0.65 0.584375 0.65625 0.582812 0.657812 0.582812 0.660937 0.585938 0.664062 0.590625 0.664062 0.596875 0.657812 0.598437 0.657812 0.6 0.65625 0.601562 0.65625 0.603125 0.654688 0.604688 0.654688 0.60625 0.653125 0.607813 0.653125 0.609375 0.651563 0.6125 0.654688 0.6125 0.659375 0.610937 0.660937 0.609375 0.660937 0.607813 0.6625 0.604688 0.6625 0.604688 0.664062 0.601562 0.667188 0.6 0.667188 0.598437 0.66875 0.598437 0.670313 0.595312 0.673437 0.592188 0.673437 0.590625 0.675 0.5875 0.675 0.585938 0.676562 0.585938 0.678125 0.584375 0.679688 0.578125 0.679688 0.576563 0.68125 0.575 0.68125 0.575 0.684375 0.573438 0.685938 0.571875 0.685938 0.570312 0.6875 0.567187 0.6875 0.539062 0.654688 0.539062 0.651563 0.5375 0.65 0.5375 0.648438 0.534375 0.645312 0.53125 0.645312 0.526563 0.640625 0.526563 0.634375 0.51875 0.634375 0.51875 0.640625 0.521875 0.640625 0.523438 0.642187 0.525 0.642187 0.526563 0.64375 0.526563 0.651563 0.528125 0.653125 0.53125 0.653125 0.532812 0.654688 0.539062 0.654688 0.582763
0 0.5125 0.395312 0.514063 0.396875 0.517187 0.396875 0.51875 0.395312 0.5125 0.395312 0.490625 0.382812 0.492188 0.382812 0.490625 0.384375 0.489062 0.384375 0.484375 0.376563 0.484375 0.378125 0.479688 0.378125 0.478125 0.376563 0.464063 0.3625 0.471875 0.370313 0.473437 0.370313 0.475 0.371875 0.475 0.373437 0.470313 0.373437 0.465625 0.36875 0.05 0.328125 0.05 0.326562 0.670313 0.184375 0.670313 0.196875 0.607813 0.190625 0.607813 0.184375 0.617188 0.195312 0.61875 0.196875 0.620313 0.196875 0.625 0.201562 0.625 0.203125 0.63125 0.209375 0.63125 0.2125 0.632812 0.214062 0.626562 0.220313 0.623438 0.220313 0.621875 0.221875 0.61875 0.221875 0.617188 0.223438 0.614062 0.223438 0.60625 0.215625 0.60625 0.214062 0.604688 0.214062 0.603125 0.2125 0.6 0.2125 0.595312 0.207813 0.595312 0.204688 0.596875 0.203125 0.596875 0.198437 0.592188 0.19375 0.590625 0.19375 0.5875 0.190625 0.5875 0.184375 0.489062 0.184375 0.489062 0.190625 0.4875 0.192188 0.485938 0.192188 0.482812 0.195312 0.475 0.195312 0.473437 0.196875 0.467187 0.196875 0.465625 0.198437 0.465625 0.2 0.464063 0.201562 0.4625 0.201562 0.460938 0.203125 0.454688 0.203125 0.453125 0.204688 0.446875 0.204688 0.44375 0.207813 0.442187 0.207813 0.440625 0.209375 0.428125 0.209375 0.428125 0.2125 0.429688 0.2125 0.43125 0.214062 0.429688 0.215625 0.428125 0.215625 0.426562 0.217187 0.423438 0.217187 0.421875 0.21875 0.417188 0.21875 0.415625 0.220313 0.415625 0.225 0.417188 0.226562 0.417188 0.229687 0.415625 0.23125 0.415625 0.232812 0.414062 0.234375 0.415625 0.235938 0.415625 0.239063 0.417188 0.240625 0.417188 0.24375 0.41875 0.245312 0.417188 0.246875 0.417188 0.248437 0.414062 0.251563 0.409375 0.251563 0.409375 0.253125 0.403125 0.259375 0.401563 0.257812 0.401563 0.254687 0.4 0.253125 0.4 0.248437 0.398438 0.246875 0.398438 0.245312 0.396875 0.24375 0.396875 0.242188 0.390625 0.235938 0.389062 0.235938 0.379687 0.226562 0.378125 0.226562 0.376563 0.225 0.365625 0.225 0.364062 0.223438 0.360938 0.223438 0.359375 0.221875 0.346875 0.221875 0.345313 0.220313 0.3375 0.220313 0.335938 0.21875 0.334375 0.21875 0.332812 0.217187 0.33125 0.217187 0.329688 0.215625 0.328125 0.215625 0.326562 0.214062 0.323438 0.214062 0.321875 0.2125 0.320312 0.2125 0.317187 0.209375 0.314063 0.209375 0.3125 0.207813 0.309375 0.207813 0.307813 0.20625 0.30625 0.20625 0.303125 0.203125 0.289062 0.203125 0.2875 0.201562 0.275 0.201562 0.273438 0.203125 0.257812 0.203125 0.25625 0.204688 0.253125 0.204688 0.251563 0.20625 0.248437 0.20625 0.246875 0.207813 0.23125 0.207813 0.229687 0.209375 0.16875 0.209375 0.167187 0.210938 0.157813 0.210938 0.15625 0.2125 0.146875 0.2125 0.145313 0.214062 0.132812 0.214062 0.13125 0.215625 0.104687 0.215625 0.103125 0.217187 0.101562 0.217187 0.1 0.21875 0.0953125 0.21875 0.09375 0.220313 0.0875 0.220313 0.0859375 0.221875 0.0828125 0.221875 0.078125 0.226562 0.071875 0.226562 0.0703125 0.228125 0.0671875 0.228125 0.065625 0.229687 0.0640625 0.229687 0.0625 0.23125 0.0609375 0.23125 0.059375 0.232812 0.05625 0.232812 0.0546875 0.234375 0.0515625 0.234375 0.0515625 0.235938 0.05 0.2375 0.0484375 0.2375 0.046875 0.239063 0.0421875 0.239063 0.040625 0.240625 0.034375 0.240625 0.0328125 0.242188 0.03125 0.242188 0.0296875 0.24375 0.028125 0.24375 0.0265625 0.245312 0.015625 0.245312 0.015625 0.267188 0.0265625 0.267188 0.028125 0.26875 0.034375 0.26875 0.0359375 0.270312 0.0390625 0.270312 0.046875 0.278125 0.046875 0.279687 0.05 0.282813 0.05 0.285937 0.0515625 0.2875 0.0515625 0.292188 0.05 0.29375 0.05 0.295312 0.046875 0.298438 0.046875 0.3 0.0453125 0.301562 0.0453125 0.303125 0.04375 0.304688 0.04375 0.30625 0.040625 0.309375 0.040625 0.310937 0.0390625 0.3125 0.034375 0.3125 0.034375 0.314063 0.0328125 0.315625 0.034375 0.317187 0.0359375 0.315625 0.0375 0.315625 0.0390625 0.314063 0.040625 0.314063 0.0421875 0.315625 0.04375 0.315625 0.0453125 0.317187 0.046875 0.317187 0.0484375 0.315625 0.05 0.315625 0.0515625 0.314063 0.0515625 0.3125 0.053125 0.310937 0.0546875 0.3125 0.0546875 0.314063 0.059375 0.314063 0.059375 0.307813 0.0609375 0.30625 0.0609375 0.304688 0.0640625 0.301562 0.0640625 0.3 0.065625 0.298438 0.065625 0.296875 0.06875 0.29375 0.0703125 0.29375 0.071875 0.292188 0.0734375 0.292188 0.075 0.290625 0.0765625 0.290625 0.078125 0.289062 0.0859375 0.289062 0.0875 0.2875 0.0890625 0.2875 0.0953125 0.28125 0.0984375 0.28125 0.1 0.279687 0.101562 0.279687 0.109375 0.2875 0.110937 0.2875 0.1125 0.285937 0.117188 0.285937 0.120312 0.282813 0.120312 0.28125 0.121875 0.279687 0.121875 0.278125 0.126563 0.273438 0.128125 0.273438 0.129688 0.271875 0.13125 0.271875 0.132812 0.270312 0.140625 0.270312 0.142188 0.271875 0.142188 0.273438 0.14375 0.273438 0.145313 0.275 0.146875 0.275 0.15 0.278125 0.15 0.279687 0.153125 0.282813 0.153125 0.284375 0.154687 0.285937 0.154687 0.2875 0.15625 0.289062 0.15625 0.292188 0.151562 0.296875 0.145313 0.296875 0.145313 0.298438 0.140625 0.303125 0.132812 0.303125 0.13125 0.304688 0.13125 0.30625 0.126563 0.310937 0.123438 0.310937 0.11875 0.315625 0.11875 0.328125 0.117188 0.329688 0.117188 0.33125 0.115625 0.332812 0.115625 0.334375 0.114063 0.335938 0.110937 0.335938 0.10625 0.340625 0.10625 0.342187 0.107813 0.34375 0.107813 0.348437 0.109375 0.35 0.109375 0.359375 0.110937 0.360938 0.110937 0.3625 0.114063 0.365625 0.114063 0.367188 0.1125 0.36875 0.109375 0.36875 0.10625 0.371875 0.104687 0.371875 0.103125 0.373437 0.101562 0.373437 0.1 0.371875 0.0984375 0.371875 0.096875 0.370313 0.0953125 0.371875 0.09375 0.371875 0.090625 0.375 0.0890625 0.375 0.0875 0.373437 0.0859375 0.373437 0.0765625 0.364062 0.0734375 0.364062 0.0671875 0.357812 0.0671875 0.35625 0.059375 0.348437 0.0578125 0.348437 0.053125 0.353125 0.0515625 0.353125 0.0484375 0.35 0.0484375 0.348437 0.0453125 0.345313 0.040625 0.35 0.0375 0.35 0.0359375 0.348437 0.0359375 0.346875 0.034375 0.345313 0.034375 0.340625 0.0328125 0.342187 0.0328125 0.35 0.03125 0.351562 0.03125 0.35625 0.0328125 0.357812 0.0328125 0.360938 0.03125 0.3625 0.03125 0.370313 0.0328125 0.371875 0.0328125 0.376563 0.034375 0.378125 0.034375 0.390625 0.0359375 0.392188 0.0359375 0.395312 0.0375 0.396875 0.0375 0.398438 0.0390625 0.4 0.0390625 0.401563 0.040625 0.403125 0.040625 0.407813 0.046875 0.407813 0.046875 0.403125 0.0484375 0.401563 0.05 0.401563 0.0515625 0.4 0.0578125 0.4 0.059375 0.398438 0.0734375 0.398438 0.075 0.396875 0.08125 0.396875 0.0828125 0.395312 0.0859375 0.395312 0.0875 0.39375 0.0921875 0.39375 0.09375 0.392188 0.0984375 0.392188 0.1 0.390625 0.123438 0.390625 0.125 0.389062 0.132812 0.389062 0.134375 0.3875 0.142188 0.3875 0.14375 0.385938 0.148438 0.385938 0.15 0.384375 0.154687 0.384375 0.15625 0.382812 0.157813 0.382812 0.159375 0.38125 0.1625 0.38125 0.164062 0.379687 0.16875 0.379687 0.170312 0.378125 0.176563 0.378125 0.178125 0.376563 0.184375 0.376563 0.185937 0.375 0.192188 0.375 0.19375 0.373437 0.2 0.373437 0.201562 0.371875 0.203125 0.371875 0.204688 0.370313 0.207813 0.370313 0.209375 0.36875 0.214062 0.36875 0.215625 0.367188 0.220313 0.367188 0.221875 0.365625 0.239063 0.365625 0.240625 0.364062 0.24375 0.364062 0.245312 0.3625 0.25 0.3625 0.251563 0.360938 0.253125 0.360938 0.254687 0.359375 0.260938 0.359375 0.2625 0.357812 0.28125 0.357812 0.282813 0.35625 0.284375 0.35625 0.285937 0.354688 0.289062 0.354688 0.290625 0.353125 0.29375 0.353125 0.295312 0.351562 0.296875 0.351562 0.3 0.348437 0.301562 0.348437 0.304688 0.345313 0.304688 0.34375 0.30625 0.342187 0.30625 0.340625 0.309375 0.3375 0.309375 0.335938 0.3125 0.332812 0.3125 0.33125 0.317187 0.326562 0.317187 0.325 0.328125 0.314063 0.329688 0.314063 0.33125 0.3125 0.332812 0.3125 0.334375 0.310937 0.340625 0.310937 0.342187 0.309375 0.34375 0.309375 0.345313 0.307813 0.346875 0.307813 0.348437 0.30625 0.35 0.30625 0.351562 0.304688 0.359375 0.304688 0.360938 0.30625 0.3625 0.30625 0.375 0.31875 0.376563 0.31875 0.378125 0.320312 0.379687 0.320312 0.382812 0.323438 0.384375 0.323438 0.385938 0.325 0.3875 0.325 0.389062 0.326562 0.398438 0.326562 0.4 0.328125 0.4125 0.328125 0.414062 0.329688 0.41875 0.329688 0.420312 0.33125 0.425 0.33125 0.426562 0.332812 0.428125 0.33125 0.43125 0.33125 0.432813 0.329688 0.442187 0.329688 0.44375 0.33125 0.451562 0.33125 0.453125 0.332812 0.454688 0.332812 0.459375 0.3375 0.4625 0.3375 0.464063 0.339063 0.465625 0.339063 0.467187 0.340625 0.470313 0.340625 0.471875 0.342187 0.473437 0.342187 0.475 0.34375 0.479688 0.34375 0.48125 0.345313 0.4875 0.345313 0.489062 0.34375 0.504687 0.34375 0.50625 0.345313 0.510938 0.345313 0.5125 0.34375 0.515625 0.34375 0.517187 0.345313 0.51875 0.345313 0.520312 0.346875 0.521875 0.346875 0.523438 0.348437 0.525 0.348437 0.529688 0.353125 0.53125 0.353125 0.534375 0.35625 0.540625 0.35625 0.545313 0.360938 0.553125 0.360938 0.557813 0.365625 0.564062 0.365625 0.56875 0.370313 0.56875 0.373437 0.567187 0.375 0.567187 0.376563 0.564062 0.379687 0.5625 0.379687 0.560938 0.38125 0.559375 0.38125 0.557813 0.382812 0.55625 0.382812 0.553125 0.385938 0.551562 0.385938 0.55 0.3875 0.545313 0.3875 0.54375 0.389062 0.542188 0.389062 0.540625 0.390625 0.539062 0.390625 0.5375 0.392188 0.534375 0.392188 0.532812 0.39375 0.53125 0.39375 0.529688 0.395312 0.53125 0.396875 0.5375 0.396875 0.539062 0.395312 0.54375 0.395312 0.545313 0.39375 0.546875 0.39375 0.548437 0.392188 0.554688 0.392188 0.55625 0.390625 0.5625 0.390625 0.564062 0.389062 0.565625 0.389062 0.567187 0.3875 0.56875 0.3875 0.570312 0.385938 0.571875 0.385938 0.573438 0.384375 0.578125 0.384375 0.579687 0.382812 0.58125 0.382812 0.582812 0.38125 0.584375 0.38125 0.585938 0.379687 0.589063 0.379687 0.590625 0.378125 0.595312 0.378125 0.596875 0.376563 0.6 0.376563 0.601562 0.375 0.603125 0.375 0.604688 0.373437 0.60625 0.373437 0.607813 0.371875 0.610937 0.371875 0.6125 0.370313 0.614062 0.370313 0.617188 0.367188 0.61875 0.367188 0.620313 0.365625 0.621875 0.365625 0.628125 0.359375 0.628125 0.357812 0.642187 0.34375 0.642187 0.342187 0.646875 0.3375 0.646875 0.335938 0.65 0.332812 0.65 0.33125 0.653125 0.328125 0.653125 0.326562 0.654688 0.325 0.654688 0.323438 0.659375 0.31875 0.659375 0.317187 0.660937 0.315625 0.660937 0.314063 0.6625 0.3125 0.6625 0.310937 0.664062 0.309375 0.670313 0.309375 0.670313 0.225 0.664062 0.225 0.657812 0.21875 0.657812 0.217187 0.654688 0.214062 0.651563 0.214062 0.646875 0.209375 0.646875 0.207813 0.640625 0.201562 0.639063 0.201562 0.6375 0.2 0.635938 0.2 0.632812 0.196875 0.63125 0.196875 0.629687 0.195312 0.617188 0.195312 0.607813 0.184375 0.610937 0.184375 0.610937 0.189063 0.609375 0.190625 0.607813 0.190625 0.670313 0.196875 0.664062 0.196875 0.6625 0.195312 0.660937 0.195312 0.657812 0.192188 0.657812 0.184375 0.670313 0.184375 0.05 0.326562 0.0453125 0.326562 0.0453125 0.328125 0.046875 0.329688 0.0484375 0.329688 0.05 0.328125 0.465625 0.36875 0.464063 0.36875 0.460938 0.365625 0.459375 0.365625 0.459375 0.3625 0.464063 0.3625 0.478125 0.376563 0.476562 0.376563 0.484375 0.376563 0.489062 0.384375 0.489062 0.38125 0.490625 0.382812 0.544452
0 0.171875 0.203125 0.171875 0.207813 0.16875 0.210938 0.167187 0.210938 0.165625 0.2125 0.159375 0.2125 0.157813 0.214062 0.1375 0.214062 0.135937 0.215625 0.103125 0.215625 0.1 0.21875 0.096875 0.21875 0.0953125 0.220313 0.0875 0.220313 0.0859375 0.221875 0.0828125 0.221875 0.0796875 0.225 0.078125 0.225 0.0765625 0.226562 0.0703125 0.226562 0.06875 0.228125 0.065625 0.228125 0.0625 0.23125 0.0609375 0.23125 0.059375 0.232812 0.05625 0.232812 0.0546875 0.234375 0.0515625 0.234375 0.0515625 0.235938 0.05 0.2375 0.0484375 0.2375 0.046875 0.239063 0.0421875 0.239063 0.040625 0.240625 0.0328125 0.240625 0.0296875 0.24375 0.0265625 0.24375 0.025 0.245312 0.0171875 0.245312 0.015625 0.246875 0.0140625 0.246875 0.0125 0.248437 0.0109375 0.248437 0.009375 0.25 0.0078125 0.25 0.00625 0.251563 0.0046875 0.251563 0.003125 0.253125 0 0.253125 0 0.265625 0.00625 0.265625 0.0078125 0.264062 0.009375 0.264062 0.0109375 0.265625 0.0171875 0.265625 0.01875 0.267188 0.025 0.267188 0.0265625 0.26875 0.034375 0.26875 0.0359375 0.270312 0.0390625 0.270312 0.0453125 0.276563 0.0453125 0.279687 0.046875 0.28125 0.046875 0.292188 0.0453125 0.29375 0.0453125 0.295312 0.0421875 0.298438 0.0421875 0.3 0.0375 0.304688 0.0359375 0.304688 0.034375 0.30625 0.03125 0.30625 0.028125 0.309375 0.025 0.309375 0.0234375 0.307813 0.0203125 0.307813 0.01875 0.309375 0.01875 0.3125 0.0171875 0.314063 0.0171875 0.332812 0.01875 0.334375 0.01875 0.335938 0.0203125 0.3375 0.0203125 0.340625 0.021875 0.342187 0.021875 0.346875 0.0234375 0.348437 0.0234375 0.353125 0.025 0.354688 0.025 0.360938 0.0265625 0.3625 0.0265625 0.36875 0.028125 0.370313 0.028125 0.375 0.0296875 0.376563 0.0296875 0.379687 0.03125 0.38125 0.03125 0.384375 0.0328125 0.385938 0.0328125 0.395312 0.034375 0.396875 0.034375 0.401563 0.0359375 0.403125 0.0359375 0.407813 0.05625 0.407813 0.05625 0.403125 0.0578125 0.401563 0.0625 0.401563 0.0640625 0.4 0.071875 0.4 0.0734375 0.398438 0.0796875 0.398438 0.08125 0.396875 0.084375 0.396875 0.0859375 0.395312 0.0921875 0.395312 0.09375 0.39375 0.101562 0.39375 0.103125 0.392188 0.114063 0.392188 0.115625 0.390625 0.13125 0.390625 0.132812 0.389062 0.140625 0.389062 0.142188 0.3875 0.146875 0.3875 0.148438 0.385938 0.153125 0.385938 0.154687 0.384375 0.159375 0.384375 0.160938 0.382812 0.165625 0.382812 0.167187 0.38125 0.173438 0.38125 0.175 0.379687 0.182812 0.379687 0.184375 0.378125 0.1875 0.378125 0.189063 0.376563 0.201562 0.376563 0.203125 0.375 0.209375 0.375 0.210938 0.373437 0.215625 0.373437 0.217187 0.371875 0.221875 0.371875 0.223438 0.370313 0.235938 0.370313 0.2375 0.36875 0.240625 0.36875 0.24375 0.365625 0.245312 0.365625 0.246875 0.364062 0.248437 0.364062 0.25 0.3625 0.253125 0.3625 0.254687 0.360938 0.25625 0.360938 0.257812 0.359375 0.276563 0.359375 0.278125 0.357812 0.282813 0.357812 0.284375 0.35625 0.285937 0.35625 0.2875 0.354688 0.290625 0.354688 0.292188 0.353125 0.29375 0.353125 0.296875 0.35 0.298438 0.35 0.301562 0.346875 0.303125 0.346875 0.303125 0.345313 0.304688 0.34375 0.304688 0.342187 0.30625 0.340625 0.30625 0.339063 0.307813 0.3375 0.307813 0.335938 0.309375 0.334375 0.309375 0.332812 0.314063 0.328125 0.314063 0.326562 0.317187 0.323438 0.317187 0.321875 0.325 0.314063 0.326562 0.314063 0.328125 0.3125 0.329688 0.3125 0.33125 0.310937 0.332812 0.310937 0.334375 0.309375 0.339063 0.309375 0.345313 0.303125 0.346875 0.303125 0.35 0.3 0.351562 0.3 0.353125 0.298438 0.357812 0.298438 0.359375 0.3 0.360938 0.3 0.364062 0.303125 0.365625 0.303125 0.376563 0.314063 0.382812 0.314063 0.384375 0.315625 0.389062 0.315625 0.389062 0.314063 0.390625 0.3125 0.390625 0.309375 0.392188 0.307813 0.392188 0.30625 0.39375 0.304688 0.39375 0.303125 0.395312 0.301562 0.395312 0.3 0.396875 0.298438 0.396875 0.296875 0.398438 0.295312 0.398438 0.290625 0.4 0.289062 0.4 0.285937 0.401563 0.284375 0.407813 0.284375 0.407813 0.279687 0.403125 0.279687 0.401563 0.278125 0.401563 0.276563 0.4 0.275 0.4 0.271875 0.398438 0.270312 0.398438 0.267188 0.396875 0.265625 0.396875 0.264062 0.395312 0.2625 0.395312 0.260938 0.39375 0.260938 0.392188 0.259375 0.390625 0.259375 0.389062 0.257812 0.3875 0.259375 0.384375 0.259375 0.382812 0.260938 0.38125 0.260938 0.379687 0.2625 0.378125 0.2625 0.376563 0.264062 0.375 0.264062 0.370313 0.26875 0.364062 0.26875 0.3625 0.267188 0.359375 0.267188 0.357812 0.265625 0.35625 0.267188 0.35 0.267188 0.348437 0.26875 0.34375 0.26875 0.342187 0.270312 0.334375 0.270312 0.332812 0.26875 0.321875 0.26875 0.320312 0.267188 0.31875 0.267188 0.317187 0.265625 0.314063 0.265625 0.3125 0.264062 0.310937 0.264062 0.303125 0.25625 0.303125 0.254687 0.3 0.251563 0.296875 0.251563 0.29375 0.248437 0.29375 0.2375 0.292188 0.235938 0.292188 0.232812 0.296875 0.228125 0.298438 0.228125 0.3 0.226562 0.298438 0.226562 0.29375 0.221875 0.29375 0.220313 0.295312 0.21875 0.296875 0.21875 0.298438 0.217187 0.301562 0.217187 0.303125 0.215625 0.314063 0.215625 0.315625 0.217187 0.321875 0.217187 0.323438 0.21875 0.323438 0.221875 0.326562 0.225 0.334375 0.225 0.334375 0.221875 0.332812 0.220313 0.33125 0.220313 0.326562 0.215625 0.320312 0.215625 0.31875 0.214062 0.317187 0.214062 0.315625 0.2125 0.315625 0.210938 0.314063 0.209375 0.314063 0.203125 0.467421
0 0.884375 0.465625 0.882812 0.465625 0.882812 0.470313 0.884375 0.470313 0.884375 0.465625 0.964063 0.3875 0.935938 0.415625 0.929688 0.409375 0.929688 0.407813 0.917188 0.395312 0.917188 0.39375 0.915625 0.392188 0.914062 0.392188 0.901563 0.379687 0.9 0.379687 0.898438 0.378125 0.898438 0.371875 0.879687 0.371875 0.879687 0.382812 0.878125 0.384375 0.878125 0.395312 0.876562 0.396875 0.876562 0.4 0.875 0.401563 0.875 0.404687 0.873438 0.40625 0.873438 0.409375 0.870313 0.4125 0.865625 0.4125 0.865625 0.434375 0.870313 0.434375 0.875 0.429688 0.876562 0.429688 0.878125 0.428125 0.879687 0.429688 0.884375 0.429688 0.885938 0.43125 0.8875 0.43125 0.89375 0.4375 0.895312 0.4375 0.9 0.442187 0.903125 0.442187 0.904688 0.44375 0.907812 0.44375 0.909375 0.445312 0.9125 0.445312 0.914062 0.446875 0.915625 0.446875 0.917188 0.448438 0.91875 0.448438 0.920313 0.45 0.923437 0.45 0.925 0.451562 0.928125 0.451562 0.929688 0.453125 0.93125 0.453125 0.932813 0.454688 0.934375 0.454688 0.935938 0.45625 0.9375 0.45625 0.939062 0.457812 0.940625 0.457812 0.942187 0.459375 0.94375 0.459375 0.945312 0.460938 0.95 0.460938 0.951563 0.459375 0.954687 0.459375 0.960938 0.453125 0.959375 0.451562 0.959375 0.45 0.957812 0.448438 0.957812 0.446875 0.95625 0.446875 0.954687 0.445312 0.954687 0.44375 0.953125 0.442187 0.953125 0.440625 0.948438 0.435937 0.948438 0.434375 0.945312 0.43125 0.945312 0.429688 0.94375 0.428125 0.94375 0.426562 0.942187 0.425 0.942187 0.423438 0.935938 0.417188 0.935938 0.415625 0.964063 0.3875 0.965625 0.389062 0.970312 0.389062 0.970312 0.371875 0.960938 0.371875 0.960938 0.376563 0.9625 0.378125 0.9625 0.38125 0.964063 0.382812 0.964063 0.3875 0.455629
0 0.0421875 0.978125 0.0421875 0.982813 0.0390625 0.985937 0.0375 0.985937 0.034375 0.989062 0.028125 0.989062 0.028125 0.998438 0.101562 0.998438 0.101562 0.978125 0.448098
0 0.46875 0.365625 0.464063 0.360938 0.4625 0.360938 0.459375 0.357812 0.454688 0.357812 0.454688 0.3625 0.45625 0.364062 0.45625 0.370313 0.46875 0.370313 0.46875 0.365625 0.657812 0.19375 0.646875 0.207813 0.639063 0.2 0.6375 0.2 0.63125 0.19375 0.628125 0.19375 0.626562 0.192188 0.625 0.192188 0.623438 0.190625 0.621875 0.190625 0.620313 0.189063 0.617188 0.189063 0.615625 0.1875 0.6125 0.1875 0.610937 0.185937 0.607813 0.185937 0.60625 0.184375 0.601562 0.184375 0.6 0.182812 0.6 0.178125 0.514063 0.178125 0.514063 0.182812 0.510938 0.185937 0.509375 0.185937 0.507812 0.1875 0.50625 0.1875 0.504687 0.189063 0.496875 0.189063 0.495313 0.190625 0.485938 0.190625 0.482812 0.19375 0.48125 0.19375 0.479688 0.195312 0.471875 0.195312 0.470313 0.196875 0.465625 0.196875 0.464063 0.198437 0.4625 0.198437 0.460938 0.2 0.457812 0.2 0.45625 0.201562 0.445312 0.201562 0.44375 0.203125 0.440625 0.203125 0.439063 0.204688 0.4375 0.204688 0.435937 0.20625 0.434375 0.20625 0.432813 0.207813 0.429688 0.207813 0.428125 0.209375 0.425 0.209375 0.421875 0.2125 0.420312 0.2125 0.41875 0.214062 0.415625 0.214062 0.414062 0.215625 0.409375 0.215625 0.407813 0.217187 0.407813 0.21875 0.404687 0.221875 0.404687 0.223438 0.40625 0.225 0.40625 0.229687 0.401563 0.234375 0.39375 0.234375 0.392188 0.232812 0.389062 0.232812 0.385938 0.229687 0.384375 0.229687 0.382812 0.228125 0.378125 0.228125 0.378125 0.323438 0.384375 0.323438 0.3875 0.326562 0.390625 0.326562 0.392188 0.328125 0.401563 0.328125 0.403125 0.329688 0.40625 0.329688 0.409375 0.332812 0.4125 0.332812 0.414062 0.334375 0.420312 0.334375 0.421875 0.335938 0.425 0.335938 0.426562 0.3375 0.43125 0.3375 0.432813 0.339063 0.4375 0.339063 0.439063 0.340625 0.44375 0.340625 0.445312 0.342187 0.45625 0.342187 0.457812 0.34375 0.464063 0.34375 0.465625 0.345313 0.46875 0.345313 0.470313 0.346875 0.473437 0.346875 0.475 0.348437 0.48125 0.348437 0.482812 0.35 0.492188 0.35 0.49375 0.351562 0.503125 0.351562 0.504687 0.353125 0.5125 0.353125 0.514063 0.351562 0.515625 0.353125 0.517187 0.353125 0.51875 0.354688 0.521875 0.354688 0.523438 0.35625 0.526563 0.35625 0.529688 0.359375 0.529688 0.3625 0.528125 0.364062 0.528125 0.370313 0.625 0.370313 0.625 0.364062 0.629687 0.359375 0.629687 0.357812 0.64375 0.34375 0.64375 0.342187 0.648438 0.3375 0.648438 0.335938 0.651563 0.332812 0.651563 0.33125 0.653125 0.329688 0.653125 0.326562 0.65625 0.323438 0.65625 0.321875 0.659375 0.31875 0.659375 0.315625 0.660937 0.314063 0.660937 0.3125 0.665625 0.307813 0.670313 0.307813 0.670313 0.232812 0.665625 0.232812 0.6625 0.229687 0.6625 0.228125 0.660937 0.226562 0.660937 0.225 0.65625 0.220313 0.65625 0.21875 0.654688 0.217187 0.654688 0.215625 0.653125 0.215625 0.646875 0.209375 0.646875 0.207813 0.657812 0.19375 0.660937 0.196875 0.6625 0.196875 0.664062 0.198437 0.670313 0.198437 0.670313 0.178125 0.651563 0.178125 0.651563 0.182812 0.654688 0.185937 0.654688 0.189063 0.657812 0.192188 0.657812 0.19375 0.427669
