0 0.978125 0.646875 0.978125 0.651563 0.976562 0.653125 0.975 0.653125 0.973437 0.654688 0.970312 0.654688 0.96875 0.65625 0.965625 0.65625 0.964063 0.657812 0.960938 0.657812 0.959375 0.659375 0.95625 0.659375 0.954687 0.660937 0.953125 0.660937 0.951563 0.6625 0.95 0.6625 0.948438 0.664062 0.945312 0.664062 0.94375 0.665625 0.940625 0.665625 0.9375 0.66875 0.935938 0.66875 0.934375 0.670313 0.93125 0.670313 0.929688 0.671875 0.926562 0.671875 0.923437 0.675 0.921875 0.675 0.920313 0.676562 0.91875 0.676562 0.917188 0.678125 0.914062 0.678125 0.910937 0.68125 0.909375 0.68125 0.907812 0.682813 0.90625 0.682813 0.904688 0.684375 0.903125 0.684375 0.901563 0.685938 0.9 0.685938 0.898438 0.6875 0.896875 0.6875 0.895312 0.689062 0.89375 0.689062 0.892187 0.690625 0.890625 0.690625 0.885938 0.695312 0.884375 0.695312 0.882812 0.696875 0.88125 0.696875 0.879687 0.698438 0.878125 0.698438 0.875 0.701563 0.873438 0.701563 0.870313 0.704687 0.86875 0.704687 0.865625 0.707812 0.864062 0.707812 0.8625 0.709375 0.860937 0.709375 0.85625 0.714063 0.854688 0.714063 0.848437 0.720312 0.848437 0.721875 0.842188 0.728125 0.842188 0.729688 0.840625 0.73125 0.834375 0.73125 0.834375 0.748438 0.839063 0.748438 0.840625 0.75 0.842188 0.75 0.845312 0.753125 0.845312 0.757812 0.946875 0.757812 0.946875 0.753125 0.948438 0.751562 0.953125 0.751562 0.954687 0.75 0.970312 0.75 0.971875 0.748438 0.973437 0.748438 0.975 0.746875 0.976562 0.746875 0.978125 0.745313 0.979688 0.745313 0.979688 0.74375 0.98125 0.742188 0.98125 0.7375 0.979688 0.735937 0.979688 0.734375 0.989062 0.725 0.992188 0.725 0.99375 0.723437 0.995313 0.723437 0.996875 0.721875 0.998438 0.721875 0.998438 0.646875 0.94758
0 0.5125 0.590625 0.514063 0.589063 0.514063 0.5875 0.5125 0.5875 0.510938 0.589063 0.503125 0.589063 0.503125 0.590625 0.5125 0.590625 0.529688 0.610937 0.529688 0.6125 0.528125 0.614062 0.528125 0.615625 0.523438 0.620313 0.521875 0.620313 0.521875 0.621875 0.517187 0.626562 0.517187 0.628125 0.515625 0.629687 0.515625 0.63125 0.5125 0.634375 0.510938 0.634375 0.509375 0.635938 0.509375 0.6375 0.507812 0.639063 0.503125 0.639063 0.503125 0.648438 0.514063 0.648438 0.515625 0.65 0.520312 0.65 0.521875 0.651563 0.528125 0.651563 0.529688 0.653125 0.55 0.653125 0.551562 0.654688 0.564062 0.654688 0.565625 0.65625 0.573438 0.65625 0.575 0.657812 0.585938 0.657812 0.5875 0.659375 0.6 0.659375 0.601562 0.660937 0.609375 0.660937 0.610937 0.6625 0.615625 0.6625 0.617188 0.664062 0.628125 0.664062 0.629687 0.665625 0.64375 0.665625 0.645312 0.667188 0.651563 0.667188 0.653125 0.66875 0.657812 0.66875 0.659375 0.670313 0.667188 0.670313 0.66875 0.671875 0.675 0.671875 0.676562 0.673437 0.68125 0.673437 0.682813 0.675 0.685938 0.675 0.6875 0.676562 0.69375 0.676562 0.695312 0.678125 0.698438 0.678125 0.7 0.679688 0.701563 0.679688 0.703125 0.68125 0.70625 0.68125 0.709375 0.684375 0.709375 0.689062 0.714063 0.689062 0.714063 0.684375 0.715625 0.682813 0.715625 0.68125 0.71875 0.678125 0.71875 0.676562 0.720312 0.675 0.720312 0.673437 0.721875 0.671875 0.721875 0.670313 0.725 0.667188 0.725 0.665625 0.726562 0.664062 0.726562 0.6625 0.728125 0.660937 0.728125 0.659375 0.729688 0.657812 0.729688 0.65625 0.73125 0.654688 0.73125 0.653125 0.732813 0.651563 0.732813 0.65 0.734375 0.648438 0.734375 0.646875 0.735937 0.645312 0.735937 0.642187 0.7375 0.640625 0.7375 0.639063 0.739062 0.6375 0.739062 0.635938 0.740625 0.634375 0.740625 0.63125 0.74375 0.628125 0.74375 0.626562 0.745313 0.625 0.745313 0.623438 0.751562 0.617188 0.751562 0.615625 0.759375 0.607813 0.764063 0.607813 0.764063 0.59375 0.757812 0.59375 0.75625 0.592188 0.751562 0.592188 0.75 0.590625 0.745313 0.590625 0.74375 0.589063 0.728125 0.589063 0.726562 0.5875 0.709375 0.5875 0.707812 0.585938 0.692187 0.585938 0.690625 0.584375 0.6875 0.584375 0.685938 0.582812 0.685938 0.578125 0.592188 0.578125 0.592188 0.582812 0.590625 0.584375 0.585938 0.584375 0.584375 0.582812 0.584375 0.578125 0.584375 0.582812 0.58125 0.585938 0.579687 0.585938 0.578125 0.5875 0.576563 0.5875 0.575 0.589063 0.571875 0.589063 0.570312 0.590625 0.56875 0.590625 0.567187 0.592188 0.564062 0.592188 0.5625 0.59375 0.560938 0.59375 0.559375 0.595312 0.557813 0.595312 0.55625 0.596875 0.553125 0.596875 0.551562 0.598437 0.546875 0.598437 0.545313 0.6 0.542188 0.6 0.5375 0.604688 0.535937 0.604688 0.529688 0.610937 0.924501
0 0.814062 0.496875 0.814062 0.501562 0.810938 0.504687 0.80625 0.504687 0.804688 0.50625 0.79375 0.50625 0.792188 0.507812 0.764063 0.507812 0.7625 0.509375 0.754687 0.509375 0.753125 0.510938 0.75 0.510938 0.748438 0.5125 0.745313 0.5125 0.74375 0.514063 0.7375 0.514063 0.735937 0.515625 0.73125 0.515625 0.729688 0.517187 0.723437 0.517187 0.721875 0.51875 0.7125 0.51875 0.710938 0.520312 0.704687 0.520312 0.703125 0.521875 0.698438 0.521875 0.696875 0.523438 0.692187 0.523438 0.690625 0.525 0.682813 0.525 0.68125 0.523438 0.679688 0.523438 0.678125 0.521875 0.670313 0.521875 0.66875 0.523438 0.665625 0.523438 0.6625 0.526563 0.659375 0.526563 0.657812 0.528125 0.648438 0.528125 0.646875 0.529688 0.64375 0.529688 0.642187 0.528125 0.640625 0.528125 0.639063 0.529688 0.635938 0.529688 0.634375 0.53125 0.63125 0.53125 0.629687 0.532812 0.623438 0.532812 0.621875 0.534375 0.615625 0.534375 0.614062 0.535937 0.6125 0.535937 0.610937 0.5375 0.609375 0.5375 0.607813 0.539062 0.60625 0.539062 0.604688 0.540625 0.603125 0.540625 0.601562 0.542188 0.6 0.542188 0.598437 0.54375 0.596875 0.54375 0.595312 0.545313 0.59375 0.545313 0.590625 0.548437 0.589063 0.548437 0.585938 0.551562 0.584375 0.551562 0.573438 0.5625 0.573438 0.564062 0.567187 0.570312 0.567187 0.571875 0.560938 0.578125 0.560938 0.579687 0.557813 0.582812 0.557813 0.5875 0.559375 0.589063 0.559375 0.595312 0.578125 0.595312 0.578125 0.590625 0.58125 0.5875 0.584375 0.5875 0.585938 0.585938 0.590625 0.585938 0.592188 0.584375 0.596875 0.584375 0.598437 0.582812 0.604688 0.582812 0.60625 0.58125 0.6125 0.58125 0.614062 0.579687 0.620313 0.579687 0.621875 0.578125 0.640625 0.578125 0.642187 0.579687 0.646875 0.579687 0.648438 0.58125 0.671875 0.58125 0.673437 0.582812 0.7 0.582812 0.701563 0.584375 0.710938 0.584375 0.7125 0.585938 0.720312 0.585938 0.721875 0.5875 0.732813 0.5875 0.734375 0.589063 0.74375 0.589063 0.745313 0.590625 0.745313 0.595312 0.775 0.595312 0.775 0.590625 0.776563 0.589063 0.778125 0.589063 0.779688 0.5875 0.782812 0.5875 0.784375 0.585938 0.789062 0.585938 0.790625 0.584375 0.796875 0.584375 0.798437 0.582812 0.814062 0.582812 0.815625 0.58125 0.8375 0.58125 0.839063 0.579687 0.85 0.579687 0.851562 0.578125 0.867188 0.578125 0.86875 0.576563 0.892187 0.576563 0.89375 0.575 0.910937 0.575 0.9125 0.576563 0.917188 0.576563 0.91875 0.575 0.928125 0.575 0.929688 0.573438 0.934375 0.573438 0.935938 0.571875 0.9375 0.571875 0.939062 0.570312 0.940625 0.570312 0.942187 0.56875 0.945312 0.56875 0.946875 0.567187 0.95 0.567187 0.951563 0.565625 0.953125 0.565625 0.954687 0.564062 0.957812 0.564062 0.960938 0.560938 0.964063 0.560938 0.967188 0.557813 0.96875 0.557813 0.971875 0.554688 0.973437 0.554688 0.976562 0.551562 0.978125 0.551562 0.98125 0.548437 0.982813 0.548437 0.984375 0.546875 0.9875 0.546875 0.989062 0.545313 0.995313 0.545313 0.995313 0.507812 0.9875 0.507812 0.985937 0.50625 0.98125 0.50625 0.979688 0.504687 0.975 0.504687 0.973437 0.503125 0.971875 0.503125 0.970312 0.501562 0.970312 0.496875 0.905766
0 0.982813 0.546875 0.982813 0.551562 0.979688 0.554688 0.978125 0.554688 0.975 0.557813 0.973437 0.557813 0.971875 0.559375 0.970312 0.559375 0.967188 0.5625 0.965625 0.5625 0.964063 0.564062 0.9625 0.564062 0.959375 0.567187 0.957812 0.567187 0.95625 0.56875 0.953125 0.56875 0.951563 0.570312 0.948438 0.570312 0.946875 0.571875 0.94375 0.571875 0.942187 0.573438 0.940625 0.573438 0.939062 0.575 0.9375 0.575 0.935938 0.576563 0.932813 0.576563 0.93125 0.578125 0.926562 0.578125 0.925 0.579687 0.91875 0.579687 0.917188 0.58125 0.909375 0.58125 0.907812 0.579687 0.890625 0.579687 0.889063 0.58125 0.857813 0.58125 0.85625 0.582812 0.839063 0.582812 0.8375 0.584375 0.809375 0.584375 0.807813 0.585938 0.8 0.585938 0.798437 0.5875 0.79375 0.5875 0.792188 0.589063 0.785937 0.589063 0.784375 0.590625 0.782812 0.590625 0.78125 0.592188 0.779688 0.592188 0.778125 0.59375 0.776563 0.59375 0.775 0.595312 0.773438 0.595312 0.771875 0.596875 0.770312 0.596875 0.767187 0.6 0.767187 0.601562 0.759375 0.609375 0.759375 0.610937 0.754687 0.615625 0.754687 0.617188 0.751562 0.620313 0.751562 0.621875 0.746875 0.626562 0.746875 0.628125 0.745313 0.629687 0.745313 0.63125 0.74375 0.632812 0.74375 0.634375 0.742188 0.635938 0.742188 0.6375 0.740625 0.639063 0.740625 0.642187 0.739062 0.64375 0.739062 0.645312 0.7375 0.646875 0.7375 0.648438 0.735937 0.65 0.735937 0.651563 0.734375 0.653125 0.734375 0.654688 0.732813 0.65625 0.732813 0.659375 0.73125 0.660937 0.73125 0.6625 0.729688 0.664062 0.729688 0.665625 0.728125 0.667188 0.728125 0.66875 0.726562 0.670313 0.726562 0.671875 0.725 0.673437 0.725 0.675 0.720312 0.679688 0.715625 0.679688 0.715625 0.701563 0.720312 0.701563 0.721875 0.703125 0.721875 0.704687 0.723437 0.70625 0.723437 0.709375 0.725 0.710938 0.725 0.715625 0.723437 0.717188 0.723437 0.721875 0.721875 0.723437 0.721875 0.726562 0.720312 0.728125 0.715625 0.728125 0.715625 0.732813 0.798437 0.732813 0.798437 0.728125 0.8 0.726562 0.804688 0.726562 0.80625 0.725 0.815625 0.725 0.817187 0.723437 0.825 0.723437 0.826563 0.725 0.828125 0.725 0.83125 0.728125 0.83125 0.732813 0.834375 0.732813 0.834375 0.728125 0.8375 0.725 0.839063 0.725 0.84375 0.720312 0.845312 0.720312 0.85625 0.709375 0.857813 0.709375 0.860937 0.70625 0.8625 0.70625 0.865625 0.703125 0.867188 0.703125 0.86875 0.701563 0.870313 0.701563 0.875 0.696875 0.876562 0.696875 0.878125 0.695312 0.879687 0.695312 0.882812 0.692187 0.884375 0.692187 0.885938 0.690625 0.8875 0.690625 0.889063 0.689062 0.890625 0.689062 0.89375 0.685938 0.895312 0.685938 0.896875 0.684375 0.898438 0.684375 0.9 0.682813 0.901563 0.682813 0.904688 0.679688 0.90625 0.679688 0.907812 0.678125 0.909375 0.678125 0.910937 0.676562 0.914062 0.676562 0.917188 0.673437 0.91875 0.673437 0.920313 0.671875 0.923437 0.671875 0.925 0.670313 0.926562 0.670313 0.928125 0.66875 0.929688 0.66875 0.93125 0.667188 0.932813 0.667188 0.934375 0.665625 0.9375 0.665625 0.939062 0.664062 0.940625 0.664062 0.942187 0.6625 0.94375 0.6625 0.945312 0.660937 0.946875 0.660937 0.948438 0.659375 0.951563 0.659375 0.953125 0.657812 0.95625 0.657812 0.957812 0.65625 0.960938 0.65625 0.9625 0.654688 0.964063 0.654688 0.965625 0.653125 0.96875 0.653125 0.970312 0.651563 0.971875 0.651563 0.973437 0.65 0.976562 0.65 0.978125 0.648438 0.979688 0.648438 0.98125 0.646875 0.985937 0.646875 0.9875 0.645312 0.990625 0.645312 0.990625 0.642187 0.992188 0.640625 0.992188 0.6375 0.99375 0.635938 0.99375 0.632812 0.992188 0.63125 0.992188 0.626562 0.99375 0.625 0.99375 0.623438 0.995313 0.621875 0.998438 0.621875 0.998438 0.546875 0.902135
0 0 0.659375 0 0.701563 0.0015625 0.701563 0.0046875 0.704687 0.00625 0.704687 0.0078125 0.70625 0.009375 0.70625 0.0125 0.709375 0.0125 0.710938 0.0140625 0.7125 0.0140625 0.714063 0.015625 0.714063 0.0171875 0.715625 0.01875 0.715625 0.0203125 0.717188 0.021875 0.717188 0.0234375 0.71875 0.025 0.71875 0.0265625 0.720312 0.028125 0.720312 0.0296875 0.721875 0.0296875 0.726562 0.0953125 0.726562 0.0953125 0.684375 0.0734375 0.684375 0.071875 0.685938 0.059375 0.685938 0.0578125 0.684375 0.05 0.684375 0.0484375 0.682813 0.0453125 0.682813 0.04375 0.68125 0.040625 0.68125 0.0390625 0.679688 0.0375 0.679688 0.0359375 0.678125 0.034375 0.678125 0.028125 0.671875 0.028125 0.667188 0.0265625 0.665625 0.0265625 0.659375 0.881187
0 0.975 0.809375 0.975 0.814062 0.973437 0.815625 0.970312 0.815625 0.96875 0.817187 0.967188 0.817187 0.965625 0.81875 0.964063 0.81875 0.9625 0.820312 0.960938 0.820312 0.959375 0.821875 0.95625 0.821875 0.954687 0.823438 0.951563 0.823438 0.95 0.825 0.946875 0.825 0.945312 0.826563 0.94375 0.826563 0.942187 0.828125 0.940625 0.828125 0.939062 0.829687 0.9375 0.829687 0.934375 0.832812 0.93125 0.832812 0.928125 0.835938 0.925 0.835938 0.923437 0.8375 0.921875 0.8375 0.920313 0.839063 0.91875 0.839063 0.915625 0.842188 0.914062 0.842188 0.9125 0.84375 0.910937 0.84375 0.909375 0.845312 0.907812 0.845312 0.903125 0.85 0.901563 0.85 0.896875 0.854688 0.895312 0.854688 0.890625 0.859375 0.889063 0.859375 0.8875 0.860937 0.885938 0.860937 0.878125 0.86875 0.878125 0.870313 0.876562 0.871875 0.871875 0.871875 0.876562 0.871875 0.878125 0.873438 0.878125 0.876562 0.88125 0.879687 0.882812 0.879687 0.884375 0.88125 0.885938 0.88125 0.8875 0.882812 0.889063 0.882812 0.890625 0.884375 0.890625 0.889063 0.934375 0.889063 0.934375 0.884375 0.935938 0.882812 0.939062 0.882812 0.940625 0.88125 0.946875 0.88125 0.948438 0.879687 0.951563 0.879687 0.953125 0.878125 0.95625 0.878125 0.957812 0.876562 0.960938 0.876562 0.9625 0.875 0.965625 0.875 0.967188 0.873438 0.971875 0.873438 0.973437 0.871875 0.998438 0.871875 0.998438 0.809375 0.843839
0 0.115625 0.659375 0.115625 0.665625 0.110937 0.670313 0.109375 0.670313 0.104687 0.675 0.103125 0.675 0.1 0.678125 0.0984375 0.678125 0.096875 0.679688 0.090625 0.679688 0.090625 0.726562 0.145313 0.726562 0.145313 0.659375 0.840105
0 0.248437 0.565625 0.248437 0.570312 0.246875 0.571875 0.245312 0.571875 0.24375 0.573438 0.239063 0.573438 0.2375 0.575 0.229687 0.575 0.228125 0.576563 0.223438 0.576563 0.221875 0.578125 0.220313 0.578125 0.21875 0.579687 0.215625 0.579687 0.214062 0.58125 0.209375 0.58125 0.207813 0.582812 0.204688 0.582812 0.203125 0.584375 0.201562 0.584375 0.2 0.585938 0.198437 0.585938 0.196875 0.5875 0.19375 0.5875 0.192188 0.589063 0.189063 0.589063 0.185937 0.592188 0.184375 0.592188 0.182812 0.59375 0.179688 0.59375 0.178125 0.595312 0.171875 0.595312 0.170312 0.596875 0.167187 0.596875 0.165625 0.598437 0.160938 0.598437 0.159375 0.6 0.154687 0.6 0.153125 0.601562 0.14375 0.601562 0.142188 0.603125 0.1375 0.603125 0.135937 0.604688 0.132812 0.604688 0.13125 0.60625 0.128125 0.60625 0.126563 0.607813 0.120312 0.607813 0.11875 0.609375 0.115625 0.609375 0.114063 0.610937 0.110937 0.610937 0.109375 0.6125 0.10625 0.6125 0.104687 0.614062 0.1 0.614062 0.0984375 0.615625 0.09375 0.615625 0.0921875 0.617188 0.065625 0.617188 0.0640625 0.61875 0.059375 0.61875 0.05625 0.621875 0.0546875 0.621875 0.0484375 0.628125 0.0484375 0.629687 0.046875 0.63125 0.046875 0.632812 0.0453125 0.634375 0.0453125 0.639063 0.04375 0.640625 0.04375 0.64375 0.0421875 0.645312 0.0421875 0.646875 0.040625 0.648438 0.040625 0.65 0.0375 0.653125 0.0359375 0.653125 0.034375 0.654688 0.028125 0.654688 0.028125 0.676562 0.0359375 0.676562 0.0375 0.678125 0.040625 0.678125 0.0421875 0.679688 0.0453125 0.679688 0.046875 0.68125 0.05 0.68125 0.0515625 0.682813 0.053125 0.682813 0.0546875 0.684375 0.0546875 0.689062 0.075 0.689062 0.075 0.684375 0.0765625 0.682813 0.0796875 0.682813 0.08125 0.68125 0.0875 0.68125 0.0890625 0.679688 0.090625 0.679688 0.0921875 0.678125 0.09375 0.678125 0.096875 0.675 0.0984375 0.675 0.101562 0.671875 0.103125 0.671875 0.104687 0.670313 0.10625 0.670313 0.110937 0.665625 0.1125 0.665625 0.115625 0.6625 0.117188 0.6625 0.120312 0.659375 0.13125 0.659375 0.132812 0.657812 0.139062 0.657812 0.140625 0.65625 0.142188 0.65625 0.14375 0.654688 0.146875 0.654688 0.148438 0.653125 0.151562 0.653125 0.153125 0.651563 0.157813 0.651563 0.159375 0.65 0.1625 0.65 0.164062 0.648438 0.170312 0.648438 0.171875 0.646875 0.234375 0.646875 0.235938 0.645312 0.240625 0.645312 0.242188 0.64375 0.245312 0.64375 0.246875 0.642187 0.248437 0.642187 0.25 0.640625 0.253125 0.640625 0.254687 0.639063 0.25625 0.639063 0.259375 0.635938 0.260938 0.635938 0.264062 0.632812 0.265625 0.632812 0.26875 0.629687 0.270312 0.629687 0.271875 0.628125 0.273438 0.628125 0.275 0.626562 0.276563 0.626562 0.28125 0.621875 0.282813 0.621875 0.284375 0.620313 0.285937 0.620313 0.2875 0.61875 0.289062 0.61875 0.292188 0.615625 0.29375 0.615625 0.295312 0.614062 0.298438 0.614062 0.3 0.6125 0.301562 0.6125 0.303125 0.610937 0.304688 0.610937 0.30625 0.609375 0.3125 0.609375 0.314063 0.607813 0.31875 0.607813 0.320312 0.60625 0.325 0.60625 0.326562 0.604688 0.33125 0.604688 0.332812 0.603125 0.339063 0.603125 0.340625 0.601562 0.345313 0.601562 0.346875 0.6 0.348437 0.6 0.35 0.598437 0.353125 0.598437 0.354688 0.596875 0.357812 0.596875 0.359375 0.595312 0.364062 0.595312 0.365625 0.59375 0.36875 0.59375 0.370313 0.592188 0.373437 0.592188 0.375 0.590625 0.376563 0.590625 0.378125 0.589063 0.379687 0.589063 0.385938 0.582812 0.385938 0.576563 0.3875 0.575 0.3875 0.573438 0.389062 0.571875 0.395312 0.571875 0.395312 0.565625 0.833221
0 0.50625 0.646875 0.50625 0.651563 0.503125 0.654688 0.501562 0.654688 0.489062 0.667188 0.4875 0.667188 0.485938 0.66875 0.484375 0.66875 0.482812 0.670313 0.479688 0.670313 0.478125 0.671875 0.459375 0.671875 0.457812 0.673437 0.435937 0.673437 0.434375 0.675 0.426562 0.675 0.425 0.673437 0.420312 0.673437 0.41875 0.675 0.415625 0.675 0.414062 0.676562 0.4125 0.676562 0.410937 0.678125 0.409375 0.678125 0.407813 0.679688 0.40625 0.679688 0.403125 0.682813 0.4 0.682813 0.398438 0.684375 0.395312 0.684375 0.392188 0.6875 0.390625 0.6875 0.389062 0.689062 0.385938 0.689062 0.384375 0.690625 0.382812 0.690625 0.38125 0.692187 0.379687 0.692187 0.376563 0.695312 0.373437 0.695312 0.371875 0.696875 0.370313 0.696875 0.36875 0.698438 0.367188 0.698438 0.365625 0.7 0.364062 0.7 0.3625 0.701563 0.360938 0.701563 0.359375 0.703125 0.357812 0.703125 0.35625 0.704687 0.354688 0.704687 0.351562 0.707812 0.35 0.707812 0.348437 0.709375 0.345313 0.709375 0.34375 0.710938 0.340625 0.710938 0.339063 0.7125 0.328125 0.7125 0.328125 0.728125 0.342187 0.728125 0.34375 0.729688 0.357812 0.729688 0.359375 0.73125 0.360938 0.729688 0.367188 0.729688 0.36875 0.73125 0.4375 0.73125 0.439063 0.729688 0.442187 0.729688 0.44375 0.73125 0.451562 0.73125 0.453125 0.732813 0.454688 0.732813 0.45625 0.734375 0.45625 0.739062 0.535937 0.739062 0.535937 0.734375 0.5375 0.732813 0.546875 0.732813 0.548437 0.73125 0.5625 0.73125 0.564062 0.729688 0.570312 0.729688 0.571875 0.728125 0.576563 0.728125 0.578125 0.726562 0.58125 0.726562 0.582812 0.725 0.61875 0.725 0.620313 0.726562 0.63125 0.726562 0.632812 0.728125 0.635938 0.728125 0.6375 0.729688 0.639063 0.729688 0.640625 0.73125 0.642187 0.73125 0.645312 0.734375 0.645312 0.739062 0.659375 0.739062 0.659375 0.734375 0.660937 0.732813 0.6625 0.732813 0.664062 0.73125 0.671875 0.73125 0.673437 0.729688 0.679688 0.729688 0.68125 0.728125 0.685938 0.728125 0.6875 0.726562 0.704687 0.726562 0.70625 0.725 0.709375 0.725 0.7125 0.721875 0.720312 0.721875 0.720312 0.690625 0.714063 0.690625 0.707812 0.684375 0.704687 0.684375 0.703125 0.682813 0.698438 0.682813 0.696875 0.68125 0.69375 0.68125 0.692187 0.679688 0.690625 0.679688 0.689062 0.678125 0.682813 0.678125 0.68125 0.676562 0.675 0.676562 0.673437 0.675 0.670313 0.675 0.66875 0.673437 0.664062 0.673437 0.6625 0.671875 0.654688 0.671875 0.653125 0.670313 0.646875 0.670313 0.645312 0.66875 0.639063 0.66875 0.6375 0.667188 0.634375 0.667188 0.632812 0.665625 0.623438 0.665625 0.621875 0.664062 0.610937 0.664062 0.609375 0.6625 0.601562 0.6625 0.6 0.660937 0.59375 0.660937 0.592188 0.659375 0.585938 0.659375 0.584375 0.657812 0.573438 0.657812 0.571875 0.65625 0.5625 0.65625 0.560938 0.654688 0.548437 0.654688 0.546875 0.653125 0.526563 0.653125 0.525 0.651563 0.525 0.646875 0.830455
0 0.528125 0.603125 0.529688 0.601562 0.532812 0.601562 0.532812 0.6 0.53125 0.601562 0.529688 0.601562 0.528125 0.603125 0.482812 0.58125 0.482812 0.578125 0.532812 0.559375 0.534375 0.560938 0.535937 0.559375 0.540625 0.559375 0.542188 0.557813 0.542188 0.553125 0.532812 0.553125 0.532812 0.559375 0.482812 0.578125 0.48125 0.578125 0.479688 0.576563 0.454688 0.576563 0.453125 0.578125 0.45 0.578125 0.448438 0.576563 0.435937 0.576563 0.434375 0.575 0.414062 0.575 0.4125 0.573438 0.410937 0.573438 0.409375 0.571875 0.40625 0.571875 0.404687 0.573438 0.404687 0.576563 0.395312 0.585938 0.39375 0.585938 0.389062 0.590625 0.3875 0.590625 0.382812 0.595312 0.38125 0.595312 0.379687 0.596875 0.378125 0.596875 0.376563 0.598437 0.36875 0.598437 0.367188 0.6 0.359375 0.6 0.357812 0.601562 0.351562 0.601562 0.35 0.603125 0.346875 0.603125 0.345313 0.604688 0.342187 0.604688 0.340625 0.60625 0.334375 0.60625 0.332812 0.607813 0.328125 0.607813 0.326562 0.609375 0.321875 0.609375 0.320312 0.610937 0.315625 0.610937 0.314063 0.6125 0.309375 0.6125 0.307813 0.614062 0.303125 0.614062 0.301562 0.615625 0.298438 0.615625 0.295312 0.61875 0.29375 0.61875 0.292188 0.620313 0.290625 0.620313 0.289062 0.621875 0.2875 0.621875 0.284375 0.625 0.282813 0.625 0.279687 0.628125 0.278125 0.628125 0.275 0.63125 0.273438 0.63125 0.271875 0.632812 0.270312 0.632812 0.26875 0.634375 0.267188 0.634375 0.264062 0.6375 0.2625 0.6375 0.260938 0.639063 0.259375 0.639063 0.25625 0.642187 0.254687 0.642187 0.253125 0.64375 0.251563 0.64375 0.25 0.645312 0.246875 0.645312 0.245312 0.646875 0.242188 0.646875 0.240625 0.648438 0.23125 0.648438 0.229687 0.65 0.225 0.65 0.223438 0.648438 0.215625 0.648438 0.214062 0.65 0.2125 0.648438 0.209375 0.648438 0.207813 0.65 0.175 0.65 0.173438 0.651563 0.160938 0.651563 0.159375 0.653125 0.154687 0.653125 0.153125 0.654688 0.151562 0.654688 0.15 0.65625 0.148438 0.65625 0.146875 0.657812 0.14375 0.657812 0.142188 0.659375 0.134375 0.659375 0.134375 0.675 0.140625 0.675 0.142188 0.676562 0.142188 0.678125 0.14375 0.679688 0.14375 0.682813 0.145313 0.684375 0.145313 0.690625 0.146875 0.692187 0.146875 0.696875 0.148438 0.698438 0.148438 0.704687 0.146875 0.70625 0.146875 0.71875 0.148438 0.720312 0.148438 0.726562 0.320312 0.726562 0.320312 0.721875 0.323438 0.71875 0.326562 0.71875 0.328125 0.717188 0.329688 0.717188 0.332812 0.714063 0.334375 0.714063 0.3375 0.710938 0.339063 0.710938 0.340625 0.709375 0.342187 0.709375 0.34375 0.707812 0.345313 0.707812 0.348437 0.704687 0.35 0.704687 0.353125 0.701563 0.354688 0.701563 0.35625 0.7 0.357812 0.7 0.359375 0.698438 0.360938 0.698438 0.3625 0.696875 0.365625 0.696875 0.367188 0.695312 0.36875 0.695312 0.370313 0.69375 0.371875 0.69375 0.373437 0.692187 0.375 0.692187 0.376563 0.690625 0.379687 0.690625 0.38125 0.689062 0.382812 0.689062 0.385938 0.685938 0.3875 0.685938 0.389062 0.684375 0.392188 0.684375 0.39375 0.682813 0.396875 0.682813 0.4 0.679688 0.401563 0.679688 0.403125 0.678125 0.404687 0.678125 0.40625 0.676562 0.407813 0.676562 0.417188 0.667188 0.417188 0.665625 0.43125 0.651563 0.43125 0.65 0.434375 0.646875 0.434375 0.645312 0.435937 0.64375 0.435937 0.642187 0.4375 0.640625 0.4375 0.639063 0.440625 0.635938 0.440625 0.634375 0.44375 0.63125 0.44375 0.629687 0.445312 0.628125 0.446875 0.628125 0.446875 0.625 0.45 0.621875 0.45 0.620313 0.448438 0.620313 0.44375 0.615625 0.44375 0.614062 0.446875 0.610937 0.446875 0.609375 0.451562 0.604688 0.451562 0.603125 0.45625 0.598437 0.457812 0.598437 0.4625 0.59375 0.464063 0.59375 0.465625 0.592188 0.467187 0.592188 0.46875 0.590625 0.470313 0.590625 0.475 0.585938 0.476562 0.585938 0.478125 0.584375 0.48125 0.584375 0.48125 0.582812 0.482812 0.58125 0.810385
0 0.86875 0.934375 0.86875 0.940625 0.864062 0.945312 0.8625 0.945312 0.860937 0.946875 0.859375 0.946875 0.853125 0.953125 0.851562 0.953125 0.85 0.954687 0.848437 0.954687 0.846875 0.95625 0.84375 0.95625 0.842188 0.957812 0.840625 0.957812 0.839063 0.959375 0.835938 0.959375 0.834375 0.960938 0.83125 0.960938 0.829687 0.9625 0.826563 0.9625 0.825 0.964063 0.821875 0.964063 0.820312 0.965625 0.817187 0.965625 0.815625 0.967188 0.8125 0.967188 0.810938 0.96875 0.807813 0.96875 0.80625 0.970312 0.803125 0.970312 0.801562 0.971875 0.796875 0.971875 0.795313 0.973437 0.789062 0.973437 0.7875 0.975 0.78125 0.975 0.779688 0.976562 0.773438 0.976562 0.771875 0.978125 0.765625 0.978125 0.764063 0.979688 0.757812 0.979688 0.75625 0.98125 0.746875 0.98125 0.745313 0.982813 0.734375 0.982813 0.732813 0.984375 0.726562 0.984375 0.725 0.985937 0.71875 0.985937 0.717188 0.9875 0.7125 0.9875 0.710938 0.989062 0.704687 0.989062 0.703125 0.990625 0.698438 0.990625 0.696875 0.992188 0.690625 0.992188 0.690625 0.998438 0.998438 0.998438 0.998438 0.934375 0.890625 0.934375 0.890625 0.939062 0.889063 0.940625 0.8875 0.940625 0.885938 0.939062 0.885938 0.934375 0.761476
0 0.490625 0.596875 0.490625 0.601562 0.485938 0.60625 0.484375 0.60625 0.48125 0.609375 0.479688 0.609375 0.476562 0.6125 0.475 0.6125 0.470313 0.617188 0.46875 0.617188 0.4625 0.623438 0.460938 0.623438 0.459375 0.625 0.457812 0.625 0.45 0.632812 0.448438 0.632812 0.448438 0.634375 0.440625 0.642187 0.440625 0.64375 0.439063 0.645312 0.439063 0.648438 0.435937 0.651563 0.434375 0.651563 0.434375 0.653125 0.432813 0.654688 0.432813 0.65625 0.43125 0.657812 0.429688 0.657812 0.428125 0.659375 0.426562 0.659375 0.423438 0.6625 0.415625 0.6625 0.415625 0.676562 0.434375 0.676562 0.434375 0.671875 0.435937 0.670313 0.448438 0.670313 0.45 0.671875 0.45 0.676562 0.467187 0.676562 0.467187 0.671875 0.46875 0.670313 0.475 0.670313 0.476562 0.66875 0.48125 0.66875 0.482812 0.667188 0.484375 0.667188 0.485938 0.665625 0.489062 0.665625 0.490625 0.664062 0.490625 0.6625 0.498437 0.654688 0.498437 0.653125 0.5 0.651563 0.5 0.65 0.501562 0.648438 0.501562 0.646875 0.503125 0.645312 0.503125 0.64375 0.504687 0.642187 0.504687 0.640625 0.50625 0.639063 0.50625 0.6375 0.509375 0.634375 0.509375 0.63125 0.514063 0.626562 0.514063 0.625 0.515625 0.623438 0.515625 0.621875 0.523438 0.614062 0.523438 0.6125 0.525 0.610937 0.526563 0.610937 0.528125 0.609375 0.532812 0.609375 0.532812 0.596875 0.718029
0 0.876562 0.865625 0.876562 0.871875 0.878125 0.873438 0.878125 0.876562 0.882812 0.88125 0.885938 0.88125 0.8875 0.882812 0.892187 0.882812 0.89375 0.884375 0.898438 0.884375 0.9 0.885938 0.90625 0.885938 0.907812 0.8875 0.9125 0.8875 0.914062 0.889063 0.914062 0.890625 0.9125 0.892187 0.910937 0.892187 0.909375 0.89375 0.907812 0.89375 0.90625 0.895312 0.904688 0.895312 0.901563 0.898438 0.898438 0.898438 0.896875 0.9 0.895312 0.9 0.89375 0.901563 0.892187 0.901563 0.890625 0.903125 0.8875 0.903125 0.885938 0.904688 0.882812 0.904688 0.879687 0.907812 0.878125 0.907812 0.876562 0.909375 0.875 0.909375 0.873438 0.910937 0.871875 0.910937 0.870313 0.9125 0.86875 0.9125 0.867188 0.914062 0.865625 0.914062 0.864062 0.915625 0.8625 0.915625 0.860937 0.917188 0.859375 0.917188 0.857813 0.91875 0.85625 0.91875 0.853125 0.921875 0.851562 0.921875 0.832812 0.940625 0.828125 0.940625 0.828125 0.954687 0.832812 0.954687 0.834375 0.95625 0.8375 0.95625 0.839063 0.957812 0.840625 0.957812 0.842188 0.95625 0.846875 0.95625 0.848437 0.954687 0.853125 0.954687 0.854688 0.953125 0.859375 0.953125 0.860937 0.951563 0.867188 0.951563 0.86875 0.95 0.873438 0.95 0.875 0.948438 0.88125 0.948438 0.882812 0.946875 0.885938 0.946875 0.8875 0.945312 0.89375 0.945312 0.895312 0.94375 0.928125 0.94375 0.929688 0.942187 0.934375 0.942187 0.935938 0.940625 0.939062 0.940625 0.940625 0.939062 0.94375 0.939062 0.945312 0.9375 0.957812 0.9375 0.959375 0.935938 0.975 0.935938 0.976562 0.934375 0.982813 0.934375 0.984375 0.932813 0.998438 0.932813 0.998438 0.865625 0.94375 0.865625 0.94375 0.871875 0.939062 0.876562 0.9375 0.876562 0.934375 0.879687 0.932813 0.879687 0.929688 0.876562 0.929688 0.875 0.93125 0.873438 0.93125 0.865625 0.690891
0 0.90625 0.675 0.904688 0.673437 0.898438 0.673437 0.896875 0.675 0.890625 0.675 0.889063 0.676562 0.885938 0.676562 0.884375 0.678125 0.882812 0.678125 0.879687 0.68125 0.878125 0.68125 0.876562 0.682813 0.846875 0.682813 0.845312 0.684375 0.84375 0.684375 0.842188 0.685938 0.840625 0.685938 0.839063 0.6875 0.835938 0.6875 0.834375 0.689062 0.832812 0.689062 0.829687 0.692187 0.829687 0.69375 0.828125 0.695312 0.828125 0.696875 0.821875 0.703125 0.821875 0.704687 0.814062 0.7125 0.8125 0.710938 0.809375 0.710938 0.807813 0.7125 0.804688 0.7125 0.803125 0.714063 0.795313 0.714063 0.79375 0.715625 0.78125 0.715625 0.779688 0.717188 0.776563 0.717188 0.775 0.715625 0.760938 0.715625 0.757812 0.7125 0.75625 0.714063 0.75 0.714063 0.748438 0.7125 0.745313 0.7125 0.74375 0.710938 0.742188 0.710938 0.740625 0.709375 0.739062 0.709375 0.7375 0.707812 0.735937 0.707812 0.734375 0.70625 0.728125 0.70625 0.726562 0.707812 0.726562 0.717188 0.725 0.71875 0.725 0.726562 0.814062 0.726562 0.814062 0.720312 0.81875 0.715625 0.820312 0.715625 0.821875 0.714063 0.823438 0.714063 0.825 0.715625 0.826563 0.715625 0.828125 0.714063 0.828125 0.709375 0.829687 0.707812 0.83125 0.707812 0.832812 0.70625 0.834375 0.70625 0.835938 0.704687 0.8375 0.704687 0.839063 0.703125 0.846875 0.703125 0.85 0.70625 0.853125 0.70625 0.854688 0.704687 0.857813 0.704687 0.859375 0.703125 0.860937 0.703125 0.8625 0.701563 0.865625 0.701563 0.865625 0.7 0.870313 0.695312 0.873438 0.695312 0.875 0.69375 0.876562 0.69375 0.879687 0.690625 0.882812 0.690625 0.8875 0.685938 0.889063 0.685938 0.892187 0.682813 0.895312 0.682813 0.896875 0.68125 0.898438 0.68125 0.9 0.679688 0.901563 0.679688 0.903125 0.678125 0.904688 0.678125 0.90625 0.676562 0.90625 0.675 0.910937 0.671875 0.915625 0.671875 0.917188 0.670313 0.926562 0.665625 0.953125 0.653125 0.729688 0.651563 0.729688 0.645312 0.821875 0.582812 0.81875 0.582812 0.809375 0.582812 0.80625 0.582812 0.803125 0.582812 0.729688 0.582812 0.73125 0.584375 0.725 0.584375 0.692187 0.557813 0.6875 0.553125 0.6875 0.551562 0.684375 0.548437 0.684375 0.545313 0.689062 0.540625 0.714063 0.540625 0.715625 0.539062 0.723437 0.539062 0.725 0.5375 0.726562 0.5375 0.728125 0.535937 0.73125 0.535937 0.734375 0.532812 0.739062 0.532812 0.740625 0.53125 0.754687 0.53125 0.75625 0.532812 0.767187 0.532812 0.76875 0.53125 0.78125 0.53125 0.782812 0.532812 0.789062 0.532812 0.79375 0.5375 0.79375 0.542188 0.792188 0.54375 0.792188 0.546875 0.795313 0.55 0.803125 0.55 0.804688 0.551562 0.810938 0.551562 0.8125 0.55 0.823438 0.55 0.825 0.548437 0.840625 0.548437 0.842188 0.55 0.845312 0.55 0.846875 0.551562 0.851562 0.551562 0.853125 0.553125 0.854688 0.553125 0.85625 0.554688 0.859375 0.554688 0.860937 0.55625 0.864062 0.55625 0.865625 0.557813 0.867188 0.557813 0.871875 0.5625 0.878125 0.5625 0.879687 0.564062 0.879687 0.565625 0.878125 0.567187 0.871875 0.567187 0.870313 0.56875 0.86875 0.56875 0.867188 0.570312 0.865625 0.570312 0.864062 0.571875 0.8625 0.570312 0.85625 0.570312 0.854688 0.571875 0.845312 0.571875 0.840625 0.576563 0.839063 0.576563 0.8375 0.578125 0.864062 0.578125 0.865625 0.576563 0.892187 0.576563 0.89375 0.575 0.904688 0.575 0.90625 0.576563 0.926562 0.576563 0.928125 0.575 0.934375 0.575 0.935938 0.573438 0.9375 0.573438 0.939062 0.571875 0.942187 0.571875 0.94375 0.570312 0.946875 0.570312 0.948438 0.56875 0.95 0.56875 0.951563 0.567187 0.953125 0.567187 0.954687 0.565625 0.957812 0.565625 0.960938 0.5625 0.9625 0.5625 0.964063 0.560938 0.965625 0.560938 0.96875 0.557813 0.970312 0.557813 0.973437 0.554688 0.975 0.554688 0.976562 0.553125 0.978125 0.553125 0.98125 0.55 0.982813 0.55 0.985937 0.546875 0.989062 0.546875 0.990625 0.545313 0.990625 0.540625 0.989062 0.539062 0.989062 0.535937 0.9875 0.534375 0.9875 0.532812 0.989062 0.53125 0.989062 0.529688 0.99375 0.525 0.995313 0.525 0.996875 0.523438 0.998438 0.523438 0.998438 0.520312 0.995313 0.520312 0.992188 0.517187 0.992188 0.515625 0.990625 0.514063 0.990625 0.509375 0.746875 0.509375 0.746875 0.514063 0.74375 0.517187 0.739062 0.517187 0.7375 0.51875 0.73125 0.51875 0.729688 0.520312 0.717188 0.520312 0.715625 0.521875 0.707812 0.521875 0.70625 0.523438 0.703125 0.523438 0.701563 0.525 0.698438 0.525 0.696875 0.526563 0.69375 0.526563 0.692187 0.528125 0.690625 0.528125 0.6875 0.53125 0.678125 0.53125 0.676562 0.532812 0.670313 0.532812 0.667188 0.535937 0.665625 0.535937 0.6625 0.539062 0.660937 0.539062 0.660937 0.540625 0.665625 0.540625 0.670313 0.545313 0.670313 0.55 0.66875 0.551562 0.66875 0.553125 0.665625 0.55625 0.660937 0.55625 0.659375 0.554688 0.657812 0.55625 0.65625 0.55625 0.653125 0.559375 0.65 0.559375 0.648438 0.560938 0.64375 0.560938 0.642187 0.5625 0.639063 0.5625 0.6375 0.560938 0.635938 0.560938 0.634375 0.559375 0.632812 0.559375 0.63125 0.560938 0.629687 0.560938 0.628125 0.5625 0.626562 0.5625 0.625 0.560938 0.615625 0.560938 0.6125 0.557813 0.6125 0.554688 0.610937 0.553125 0.610937 0.55 0.609375 0.548437 0.609375 0.545313 0.6125 0.542188 0.615625 0.542188 0.617188 0.540625 0.615625 0.539062 0.6125 0.539062 0.610937 0.540625 0.607813 0.540625 0.607813 0.542188 0.60625 0.54375 0.603125 0.54375 0.601562 0.545313 0.6 0.545313 0.598437 0.546875 0.596875 0.546875 0.59375 0.55 0.590625 0.55 0.589063 0.551562 0.5875 0.551562 0.585938 0.553125 0.585938 0.554688 0.578125 0.5625 0.576563 0.5625 0.576563 0.564062 0.56875 0.571875 0.56875 0.573438 0.565625 0.576563 0.559375 0.576563 0.559375 0.592188 0.575 0.592188 0.576563 0.590625 0.5875 0.590625 0.589063 0.589063 0.592188 0.589063 0.595312 0.585938 0.596875 0.585938 0.598437 0.584375 0.604688 0.584375 0.60625 0.582812 0.610937 0.582812 0.6125 0.58125 0.617188 0.58125 0.61875 0.579687 0.676562 0.579687 0.678125 0.578125 0.68125 0.578125 0.68125 0.576563 0.682813 0.575 0.682813 0.573438 0.684375 0.571875 0.684375 0.56875 0.682813 0.567187 0.682813 0.564062 0.684375 0.5625 0.685938 0.5625 0.689062 0.559375 0.690625 0.559375 0.692187 0.557813 0.725 0.584375 0.725 0.582812 0.729688 0.582812 0.803125 0.582812 0.80625 0.582812 0.809375 0.582812 0.81875 0.582812 0.821875 0.582812 0.828125 0.582812 0.821875 0.582812 0.729688 0.645312 0.723437 0.645312 0.721875 0.646875 0.720312 0.646875 0.717188 0.65 0.715625 0.65 0.7125 0.653125 0.70625 0.653125 0.704687 0.654688 0.69375 0.654688 0.692187 0.65625 0.684375 0.65625 0.682813 0.657812 0.667188 0.657812 0.665625 0.65625 0.625 0.65625 0.623438 0.654688 0.614062 0.654688 0.6125 0.653125 0.610937 0.653125 0.607813 0.65 0.60625 0.65 0.604688 0.648438 0.603125 0.648438 0.6 0.645312 0.598437 0.645312 0.596875 0.64375 0.595312 0.64375 0.59375 0.642187 0.590625 0.642187 0.589063 0.640625 0.5875 0.640625 0.584375 0.6375 0.584375 0.635938 0.576563 0.635938 0.575 0.634375 0.575 0.63125 0.578125 0.628125 0.579687 0.629687 0.58125 0.629687 0.582812 0.63125 0.584375 0.629687 0.585938 0.629687 0.5875 0.628125 0.589063 0.628125 0.590625 0.626562 0.595312 0.626562 0.596875 0.625 0.596875 0.623438 0.598437 0.621875 0.598437 0.620313 0.596875 0.61875 0.596875 0.617188 0.59375 0.617188 0.592188 0.615625 0.590625 0.615625 0.589063 0.614062 0.584375 0.614062 0.582812 0.615625 0.58125 0.615625 0.578125 0.61875 0.576563 0.61875 0.575 0.617188 0.570312 0.617188 0.565625 0.621875 0.565625 0.623438 0.564062 0.625 0.559375 0.625 0.559375 0.653125 0.573438 0.653125 0.575 0.654688 0.58125 0.654688 0.582812 0.65625 0.589063 0.65625 0.590625 0.657812 0.6 0.657812 0.601562 0.659375 0.6125 0.659375 0.614062 0.660937 0.626562 0.660937 0.628125 0.6625 0.635938 0.6625 0.6375 0.664062 0.645312 0.664062 0.646875 0.665625 0.654688 0.665625 0.65625 0.667188 0.660937 0.667188 0.6625 0.66875 0.665625 0.66875 0.667188 0.670313 0.671875 0.670313 0.673437 0.671875 0.679688 0.671875 0.68125 0.673437 0.685938 0.673437 0.6875 0.675 0.690625 0.675 0.692187 0.676562 0.696875 0.676562 0.698438 0.678125 0.7 0.678125 0.701563 0.679688 0.70625 0.679688 0.707812 0.68125 0.709375 0.68125 0.710938 0.682813 0.71875 0.682813 0.720312 0.68125 0.720312 0.679688 0.721875 0.678125 0.721875 0.675 0.723437 0.673437 0.723437 0.671875 0.725 0.670313 0.725 0.667188 0.726562 0.665625 0.726562 0.657812 0.728125 0.65625 0.728125 0.653125 0.729688 0.651563 0.953125 0.653125 0.9625 0.653125 0.964063 0.651563 0.965625 0.651563 0.965625 0.65 0.959375 0.65 0.957812 0.651563 0.954687 0.651563 0.953125 0.653125 0.926562 0.665625 0.926562 0.665625 0.917188 0.670313 0.9125 0.670313 0.910937 0.671875 0.558153
0 0.995313 0.715625 0.995313 0.720312 0.990625 0.725 0.989062 0.725 0.985937 0.728125 0.984375 0.728125 0.982813 0.729688 0.978125 0.729688 0.978125 0.745313 0.984375 0.745313 0.985937 0.746875 0.9875 0.746875 0.989062 0.748438 0.990625 0.748438 0.992188 0.75 0.99375 0.75 0.995313 0.751562 0.995313 0.757812 0.998438 0.757812 0.998438 0.715625 0.528952
0 0.979688 0.765625 0.979688 0.770312 0.976562 0.773438 0.975 0.773438 0.973437 0.775 0.970312 0.775 0.96875 0.776563 0.957812 0.776563 0.95625 0.778125 0.953125 0.778125 0.951563 0.779688 0.95 0.779688 0.948438 0.78125 0.94375 0.78125 0.942187 0.782812 0.939062 0.782812 0.9375 0.784375 0.935938 0.784375 0.934375 0.785937 0.932813 0.785937 0.93125 0.7875 0.929688 0.7875 0.928125 0.789062 0.925 0.789062 0.923437 0.790625 0.921875 0.790625 0.920313 0.792188 0.91875 0.792188 0.915625 0.795313 0.9125 0.795313 0.910937 0.796875 0.909375 0.796875 0.907812 0.798437 0.903125 0.798437 0.903125 0.814062 0.929688 0.814062 0.929688 0.809375 0.93125 0.807813 0.934375 0.807813 0.935938 0.80625 0.939062 0.80625 0.940625 0.804688 0.94375 0.804688 0.945312 0.803125 0.95 0.803125 0.951563 0.801562 0.953125 0.801562 0.954687 0.803125 0.957812 0.803125 0.964063 0.809375 0.964063 0.814062 0.998438 0.814062 0.998438 0.765625 0.441669
