0 0.1 0.0611111 0.1 0.0694444 0.096875 0.075 0.090625 0.075 0.090625 0.0972222 0.0984375 0.0972222 0.1 0.1 0.103125 0.1 0.10625 0.105556 0.10625 0.113889 0.120312 0.113889 0.120312 0.105556 0.123438 0.1 0.125 0.1 0.126563 0.0972222 0.128125 0.0972222 0.129688 0.0944444 0.129688 0.0888889 0.128125 0.0861111 0.128125 0.0805556 0.125 0.075 0.123438 0.075 0.121875 0.0722222 0.121875 0.0611111 0.789248
0 0.634375 0.45 0.634375 0.530556 0.640625 0.530556 0.642187 0.533333 0.64375 0.533333 0.645312 0.536111 0.645312 0.547222 0.651563 0.547222 0.651563 0.538889 0.659375 0.525 0.660937 0.525 0.664062 0.519444 0.665625 0.519444 0.667188 0.516667 0.670313 0.516667 0.671875 0.513889 0.673437 0.513889 0.675 0.511111 0.675 0.497222 0.673437 0.494444 0.673437 0.488889 0.671875 0.486111 0.671875 0.475 0.670313 0.472222 0.670313 0.45 0.68133
0 0.303125 0.427778 0.303125 0.466667 0.307813 0.466667 0.309375 0.469444 0.31875 0.469444 0.320312 0.472222 0.31875 0.475 0.315625 0.475 0.314063 0.477778 0.3125 0.477778 0.310937 0.475 0.303125 0.475 0.303125 0.491667 0.328125 0.491667 0.328125 0.477778 0.326562 0.475 0.326562 0.472222 0.33125 0.463889 0.332812 0.463889 0.334375 0.461111 0.345313 0.461111 0.345313 0.427778 0.633622
0 0.709375 0.494444 0.709375 0.591667 0.715625 0.591667 0.715625 0.575 0.714063 0.572222 0.717188 0.566667 0.721875 0.566667 0.725 0.572222 0.725 0.575 0.726562 0.577778 0.728125 0.577778 0.729688 0.580556 0.73125 0.580556 0.732813 0.583333 0.732813 0.591667 0.748438 0.591667 0.748438 0.583333 0.75 0.580556 0.751562 0.580556 0.753125 0.577778 0.754687 0.577778 0.757812 0.572222 0.764063 0.572222 0.764063 0.533333 0.757812 0.533333 0.753125 0.525 0.753125 0.522222 0.751562 0.519444 0.751562 0.516667 0.75 0.513889 0.75 0.511111 0.746875 0.505556 0.746875 0.494444 0.627657
0 0.203125 0.438889 0.203125 0.477778 0.209375 0.477778 0.210938 0.480556 0.210938 0.486111 0.207813 0.491667 0.203125 0.491667 0.203125 0.513889 0.215625 0.513889 0.215625 0.494444 0.217187 0.491667 0.217187 0.488889 0.220313 0.483333 0.221875 0.483333 0.223438 0.486111 0.223438 0.488889 0.225 0.491667 0.225 0.513889 0.228125 0.513889 0.228125 0.438889 0.611622
0 0.065625 0.461111 0.065625 0.5 0.071875 0.5 0.0734375 0.497222 0.08125 0.497222 0.0828125 0.5 0.0875 0.5 0.0890625 0.502778 0.0953125 0.502778 0.096875 0.5 0.0984375 0.5 0.1 0.497222 0.101562 0.497222 0.103125 0.494444 0.104687 0.494444 0.107813 0.488889 0.109375 0.488889 0.110937 0.491667 0.1125 0.491667 0.114063 0.494444 0.120312 0.494444 0.120312 0.461111 0.596157
0 0.740625 0.461111 0.740625 0.505556 0.746875 0.505556 0.751562 0.513889 0.751562 0.516667 0.753125 0.519444 0.753125 0.522222 0.754687 0.525 0.754687 0.527778 0.759375 0.536111 0.759375 0.538889 0.765625 0.55 0.765625 0.552778 0.767187 0.552778 0.770312 0.558333 0.773438 0.558333 0.775 0.561111 0.779688 0.561111 0.78125 0.558333 0.789062 0.558333 0.789062 0.508333 0.784375 0.508333 0.782812 0.505556 0.782812 0.502778 0.78125 0.5 0.78125 0.497222 0.779688 0.494444 0.779688 0.491667 0.775 0.483333 0.775 0.461111 0.573737
0 0.598437 0.513889 0.596875 0.511111 0.590625 0.511111 0.590625 0.536111 0.595312 0.536111 0.595312 0.525 0.596875 0.522222 0.596875 0.516667 0.598437 0.513889 0.604688 0.513889 0.604688 0.519444 0.609375 0.527778 0.609375 0.536111 0.609375 0.527778 0.610937 0.525 0.6125 0.525 0.614062 0.522222 0.615625 0.522222 0.621875 0.511111 0.623438 0.511111 0.625 0.508333 0.625 0.505556 0.626562 0.502778 0.626562 0.5 0.628125 0.497222 0.628125 0.491667 0.629687 0.488889 0.629687 0.475 0.63125 0.472222 0.63125 0.45 0.6 0.45 0.6 0.458333 0.598437 0.461111 0.596875 0.461111 0.595312 0.463889 0.590625 0.463889 0.590625 0.497222 0.595312 0.497222 0.604688 0.513889 0.572728
0 0.834375 0.694444 0.834375 0.725 0.840625 0.725 0.842188 0.722222 0.85 0.722222 0.851562 0.719444 0.88125 0.719444 0.882812 0.716667 0.889063 0.716667 0.889063 0.713889 0.882812 0.713889 0.876562 0.702778 0.876562 0.694444 0.565606
0 0.842188 0.483333 0.845312 0.488889 0.851562 0.488889 0.851562 0.472222 0.842188 0.472222 0.842188 0.483333 0.834375 0.5 0.83125 0.494444 0.829687 0.494444 0.828125 0.491667 0.828125 0.472222 0.803125 0.472222 0.803125 0.533333 0.807813 0.533333 0.817187 0.55 0.81875 0.55 0.821875 0.555556 0.823438 0.555556 0.826563 0.561111 0.826563 0.569444 0.84375 0.569444 0.84375 0.561111 0.845312 0.558333 0.851562 0.558333 0.851562 0.533333 0.846875 0.533333 0.8375 0.516667 0.8375 0.511111 0.835938 0.508333 0.835938 0.505556 0.834375 0.502778 0.834375 0.5 0.561712
0 0.021875 0.483333 0.021875 0.536111 0.053125 0.536111 0.053125 0.525 0.059375 0.513889 0.0640625 0.513889 0.0640625 0.5 0.059375 0.5 0.0546875 0.491667 0.0546875 0.483333 0.557556
0 0.740625 0.461111 0.740625 0.494444 0.745313 0.494444 0.748438 0.5 0.748438 0.502778 0.751562 0.508333 0.751562 0.511111 0.754687 0.516667 0.754687 0.519444 0.75625 0.522222 0.75625 0.525 0.760938 0.533333 0.760938 0.536111 0.7625 0.538889 0.7625 0.541667 0.773438 0.561111 0.773438 0.569444 0.784375 0.569444 0.784375 0.561111 0.7875 0.555556 0.790625 0.555556 0.792188 0.552778 0.795313 0.552778 0.796875 0.55 0.798437 0.55 0.8 0.547222 0.801562 0.547222 0.803125 0.544444 0.807813 0.544444 0.807813 0.525 0.803125 0.525 0.796875 0.513889 0.796875 0.508333 0.795313 0.505556 0.795313 0.5 0.796875 0.497222 0.796875 0.477778 0.795313 0.475 0.795313 0.461111 0.550672
0 0.715625 0 0.715625 0.0527778 0.732813 0.0527778 0.734375 0.0555556 0.748438 0.0555556 0.75 0.0583333 0.785937 0.0583333 0.7875 0.0555556 0.8 0.0555556 0.801562 0.0583333 0.803125 0.0583333 0.804688 0.0555556 0.8125 0.0555556 0.814062 0.0583333 0.823438 0.0583333 0.825 0.0611111 0.840625 0.0611111 0.842188 0.0638889 0.915625 0.0638889 0.917188 0.0666667 0.964063 0.0666667 0.965625 0.0638889 0.973437 0.0638889 0.975 0.0666667 0.998438 0.0666667 0.998438 0 0.546213
0 0.134375 0.305556 0.134375 0.341667 0.140625 0.341667 0.142188 0.344444 0.153125 0.344444 0.154687 0.341667 0.15625 0.341667 0.157813 0.338889 0.159375 0.338889 0.160938 0.336111 0.160938 0.327778 0.154687 0.316667 0.154687 0.305556 0.5457
0 0.203125 0.438889 0.203125 0.475 0.207813 0.475 0.210938 0.480556 0.210938 0.491667 0.232812 0.491667 0.232812 0.438889 0.540133
0 0.828125 0.461111 0.828125 0.497222 0.835938 0.497222 0.8375 0.494444 0.840625 0.494444 0.842188 0.497222 0.848437 0.497222 0.85 0.5 0.860937 0.5 0.864062 0.494444 0.870313 0.494444 0.870313 0.461111 0.527025
0 0.2 0.483333 0.2 0.491667 0.201562 0.494444 0.207813 0.494444 0.207813 0.483333 0.2 0.483333 0.195312 0.483333 0.165625 0.483333 0.165625 0.525 0.190625 0.525 0.190625 0.513889 0.192188 0.511111 0.192188 0.505556 0.19375 0.502778 0.19375 0.497222 0.195312 0.494444 0.195312 0.483333 0.507806
0 0.215625 0.527778 0.215625 0.536111 0.214062 0.538889 0.209375 0.538889 0.209375 0.6 0.217187 0.6 0.220313 0.605556 0.220313 0.613889 0.240625 0.613889 0.240625 0.602778 0.245312 0.594444 0.251563 0.594444 0.251563 0.541667 0.245312 0.541667 0.242188 0.536111 0.242188 0.527778 0.499001
0 0.896875 0.45 0.896875 0.5 0.901563 0.5 0.904688 0.505556 0.904688 0.513889 0.90625 0.516667 0.90625 0.522222 0.907812 0.525 0.907812 0.536111 0.923437 0.536111 0.923437 0.522222 0.925 0.519444 0.925 0.511111 0.926562 0.508333 0.926562 0.5 0.928125 0.497222 0.928125 0.491667 0.934375 0.480556 0.939062 0.480556 0.939062 0.45 0.497787
0 0.184375 0.516667 0.184375 0.586111 0.190625 0.586111 0.195312 0.594444 0.195312 0.602778 0.209375 0.602778 0.209375 0.591667 0.210938 0.588889 0.210938 0.583333 0.2125 0.580556 0.2125 0.575 0.214062 0.572222 0.214062 0.555556 0.2125 0.552778 0.2125 0.547222 0.214062 0.544444 0.214062 0.541667 0.215625 0.538889 0.220313 0.538889 0.220313 0.516667 0.493948
0 0.746875 0.694444 0.746875 0.719444 0.773438 0.719444 0.775 0.722222 0.778125 0.722222 0.779688 0.719444 0.785937 0.719444 0.7875 0.716667 0.795313 0.716667 0.795313 0.713889 0.789062 0.713889 0.784375 0.705556 0.784375 0.694444 0.492228
0 0.134375 0.472222 0.134375 0.508333 0.142188 0.508333 0.14375 0.511111 0.148438 0.511111 0.15 0.513889 0.160938 0.513889 0.1625 0.516667 0.1625 0.525 0.164062 0.525 0.164062 0.516667 0.165625 0.513889 0.165625 0.511111 0.167187 0.508333 0.167187 0.5 0.16875 0.497222 0.16875 0.472222 0.48718
0 0.965625 0.45 0.965625 0.513889 0.970312 0.513889 0.971875 0.516667 0.971875 0.522222 0.973437 0.525 0.973437 0.527778 0.975 0.530556 0.976562 0.530556 0.979688 0.536111 0.979688 0.538889 0.98125 0.541667 0.98125 0.544444 0.982813 0.544444 0.985937 0.55 0.985937 0.558333 0.998438 0.558333 0.998438 0.45 0.477339
0 0.865625 0.45 0.865625 0.491667 0.89375 0.491667 0.89375 0.483333 0.898438 0.475 0.898438 0.472222 0.901563 0.466667 0.907812 0.466667 0.907812 0.45 0.475571
0 0.034375 0.605556 0.034375 0.65 0.059375 0.65 0.0609375 0.652778 0.06875 0.652778 0.0703125 0.655556 0.071875 0.655556 0.075 0.661111 0.075 0.669444 0.078125 0.669444 0.078125 0.658333 0.0796875 0.655556 0.0796875 0.652778 0.08125 0.65 0.08125 0.638889 0.0796875 0.636111 0.0796875 0.633333 0.078125 0.630556 0.078125 0.627778 0.0765625 0.625 0.0765625 0.622222 0.0734375 0.627778 0.0703125 0.627778 0.0640625 0.616667 0.0640625 0.605556 0.474521
0 0.971875 0.45 0.971875 0.502778 0.998438 0.502778 0.998438 0.45 0.459676
0 0.940625 0.45 0.940625 0.469444 0.934375 0.480556 0.928125 0.480556 0.928125 0.536111 0.934375 0.536111 0.935938 0.538889 0.935938 0.547222 0.957812 0.547222 0.957812 0.536111 0.959375 0.533333 0.960938 0.533333 0.9625 0.530556 0.976562 0.530556 0.976562 0.491667 0.971875 0.491667 0.96875 0.486111 0.96875 0.483333 0.967188 0.480556 0.967188 0.477778 0.96875 0.475 0.96875 0.469444 0.971875 0.463889 0.976562 0.463889 0.976562 0.45 0.458455
0 0.015625 0.461111 0.015625 0.5 0.021875 0.5 0.0234375 0.497222 0.025 0.497222 0.028125 0.491667 0.0296875 0.491667 0.03125 0.488889 0.0328125 0.488889 0.034375 0.486111 0.0359375 0.486111 0.0390625 0.480556 0.0421875 0.480556 0.04375 0.483333 0.0453125 0.483333 0.046875 0.486111 0.0515625 0.486111 0.0515625 0.461111 0.45513
0 0.228125 0.438889 0.228125 0.508333 0.232812 0.508333 0.235938 0.513889 0.235938 0.516667 0.2375 0.519444 0.2375 0.522222 0.239063 0.525 0.239063 0.536111 0.240625 0.538889 0.240625 0.541667 0.24375 0.547222 0.24375 0.558333 0.25625 0.558333 0.25625 0.547222 0.257812 0.544444 0.257812 0.508333 0.259375 0.505556 0.259375 0.502778 0.260938 0.5 0.260938 0.497222 0.2625 0.494444 0.2625 0.486111 0.264062 0.483333 0.264062 0.477778 0.267188 0.472222 0.267188 0.466667 0.26875 0.463889 0.26875 0.458333 0.270312 0.455556 0.270312 0.452778 0.271875 0.45 0.273438 0.452778 0.275 0.452778 0.276563 0.455556 0.282813 0.455556 0.282813 0.438889 0.448979
0 0.915625 0.561111 0.915625 0.641667 0.920313 0.641667 0.921875 0.644444 0.923437 0.644444 0.926562 0.65 0.926562 0.658333 0.951563 0.658333 0.951563 0.641667 0.953125 0.638889 0.953125 0.630556 0.954687 0.627778 0.954687 0.608333 0.953125 0.605556 0.953125 0.602778 0.945312 0.588889 0.945312 0.586111 0.94375 0.583333 0.94375 0.577778 0.942187 0.575 0.942187 0.561111 0.448836
0 0.046875 0.502778 0.0453125 0.502778 0.0453125 0.513889 0.0484375 0.513889 0.0484375 0.505556 0.046875 0.502778 0.0546875 0.488889 0.05625 0.486111 0.05625 0.483333 0.0578125 0.480556 0.0640625 0.480556 0.0640625 0.461111 0.015625 0.461111 0.015625 0.5 0.0234375 0.5 0.025 0.497222 0.0265625 0.497222 0.028125 0.494444 0.0296875 0.494444 0.03125 0.491667 0.0328125 0.491667 0.034375 0.488889 0.0546875 0.488889 0.448565
0 0.084375 0.572222 0.084375 0.636111 0.09375 0.636111 0.09375 0.627778 0.0953125 0.625 0.101562 0.625 0.103125 0.622222 0.104687 0.622222 0.104687 0.619444 0.109375 0.611111 0.120312 0.611111 0.120312 0.572222 0.448368
0 0.571875 0.105556 0.571875 0.147222 0.58125 0.147222 0.582812 0.144444 0.5875 0.144444 0.589063 0.141667 0.590625 0.141667 0.595312 0.133333 0.596875 0.133333 0.596875 0.130556 0.598437 0.127778 0.598437 0.119444 0.6 0.116667 0.6 0.105556 0.444236
0 0.090625 0.361111 0.090625 0.4 0.0984375 0.4 0.101562 0.405556 0.101562 0.413889 0.104687 0.413889 0.104687 0.405556 0.107813 0.4 0.114063 0.4 0.114063 0.377778 0.107813 0.377778 0.104687 0.372222 0.104687 0.361111 0.437724
0 0.971875 0.45 0.971875 0.491667 0.998438 0.491667 0.998438 0.45 0.430518
0 0.821875 0.461111 0.821875 0.502778 0.864062 0.502778 0.864062 0.494444 0.865625 0.491667 0.870313 0.491667 0.870313 0.461111 0.404242
0 0.278125 0.45 0.278125 0.502778 0.3 0.502778 0.3 0.494444 0.303125 0.488889 0.307813 0.488889 0.307813 0.45 0.403979
0 0.303125 0.461111 0.303125 0.544444 0.309375 0.544444 0.3125 0.55 0.3125 0.558333 0.31875 0.558333 0.31875 0.536111 0.320312 0.533333 0.321875 0.533333 0.325 0.538889 0.323438 0.541667 0.323438 0.558333 0.339063 0.558333 0.339063 0.530556 0.329688 0.530556 0.328125 0.527778 0.328125 0.525 0.329688 0.522222 0.329688 0.516667 0.33125 0.513889 0.33125 0.508333 0.332812 0.505556 0.332812 0.494444 0.33125 0.491667 0.33125 0.488889 0.328125 0.483333 0.328125 0.480556 0.325 0.475 0.323438 0.475 0.321875 0.472222 0.320312 0.472222 0.31875 0.469444 0.31875 0.461111 0.395478
0 0.615625 0 0.615625 0.05 0.635938 0.05 0.6375 0.0527778 0.725 0.0527778 0.726562 0.0555556 0.748438 0.0555556 0.75 0.0583333 0.7625 0.0583333 0.764063 0.0611111 0.773438 0.0611111 0.775 0.0583333 0.80625 0.0583333 0.807813 0.0555556 0.809375 0.0555556 0.810938 0.0583333 0.823438 0.0583333 0.825 0.0611111 0.842188 0.0611111 0.84375 0.0638889 0.915625 0.0638889 0.917188 0.0666667 0.96875 0.0666667 0.970312 0.0638889 0.971875 0.0638889 0.973437 0.0666667 0.998438 0.0666667 0.998438 0 0.382009
0 0.334375 0.438889 0.334375 0.45 0.339063 0.45 0.342187 0.455556 0.342187 0.458333 0.34375 0.461111 0.34375 0.463889 0.342187 0.466667 0.342187 0.483333 0.340625 0.486111 0.334375 0.486111 0.334375 0.536111 0.339063 0.536111 0.339063 0.527778 0.340625 0.525 0.340625 0.522222 0.34375 0.516667 0.348437 0.516667 0.35 0.519444 0.351562 0.519444 0.353125 0.522222 0.35625 0.522222 0.357812 0.525 0.3625 0.525 0.364062 0.522222 0.365625 0.522222 0.365625 0.519444 0.367188 0.516667 0.367188 0.472222 0.371875 0.463889 0.376563 0.463889 0.376563 0.438889 0.380753
0 0.253125 0.605556 0.253125 0.680556 0.26875 0.680556 0.26875 0.672222 0.273438 0.663889 0.273438 0.661111 0.276563 0.655556 0.282813 0.655556 0.282813 0.622222 0.278125 0.622222 0.275 0.616667 0.275 0.605556 0.374215
0 0.953125 0.65 0.953125 0.691667 0.957812 0.691667 0.959375 0.694444 0.960938 0.694444 0.9625 0.697222 0.964063 0.697222 0.965625 0.7 0.967188 0.7 0.971875 0.708333 0.975 0.708333 0.976562 0.711111 0.979688 0.711111 0.98125 0.713889 0.984375 0.713889 0.985937 0.711111 0.9875 0.711111 0.9875 0.708333 0.990625 0.702778 0.995313 0.702778 0.995313 0.666667 0.989062 0.666667 0.9875 0.663889 0.985937 0.663889 0.984375 0.661111 0.98125 0.661111 0.979688 0.658333 0.979688 0.65 0.372928
0 0.928125 0.45 0.928125 0.466667 0.934375 0.466667 0.935938 0.469444 0.935938 0.475 0.934375 0.477778 0.928125 0.477778 0.928125 0.536111 0.970312 0.536111 0.970312 0.45 0.359012
0 0.940625 0.538889 0.940625 0.591667 0.959375 0.591667 0.959375 0.583333 0.960938 0.580556 0.960938 0.575 0.965625 0.566667 0.965625 0.563889 0.967188 0.561111 0.967188 0.552778 0.96875 0.55 0.96875 0.538889 0.355076
0 0.765625 0.461111 0.765625 0.558333 0.770312 0.558333 0.771875 0.561111 0.771875 0.569444 0.7875 0.569444 0.7875 0.561111 0.790625 0.555556 0.79375 0.555556 0.795313 0.552778 0.798437 0.552778 0.8 0.55 0.804688 0.55 0.807813 0.555556 0.814062 0.555556 0.814062 0.538889 0.809375 0.538889 0.801562 0.525 0.801562 0.522222 0.798437 0.516667 0.798437 0.513889 0.796875 0.511111 0.796875 0.488889 0.798437 0.486111 0.798437 0.480556 0.796875 0.477778 0.796875 0.461111 0.354407
0 0.203125 0.605556 0.203125 0.622222 0.209375 0.622222 0.210938 0.625 0.210938 0.627778 0.209375 0.630556 0.203125 0.630556 0.203125 0.65 0.217187 0.65 0.21875 0.652778 0.220313 0.652778 0.223438 0.658333 0.223438 0.661111 0.221875 0.663889 0.221875 0.666667 0.21875 0.672222 0.21875 0.680556 0.235938 0.680556 0.235938 0.666667 0.2375 0.663889 0.2375 0.658333 0.239063 0.655556 0.239063 0.652778 0.240625 0.65 0.245312 0.65 0.240625 0.65 0.235938 0.641667 0.235938 0.636111 0.234375 0.633333 0.234375 0.630556 0.232812 0.627778 0.232812 0.625 0.234375 0.622222 0.234375 0.619444 0.2375 0.613889 0.2375 0.605556 0.348999
0 0.090625 0.561111 0.090625 0.625 0.104687 0.625 0.104687 0.616667 0.107813 0.611111 0.1125 0.611111 0.114063 0.613889 0.115625 0.611111 0.117188 0.611111 0.11875 0.608333 0.126563 0.608333 0.126563 0.561111 0.346122
0 0.809375 0.483333 0.809375 0.547222 0.814062 0.547222 0.821875 0.561111 0.821875 0.569444 0.85 0.569444 0.85 0.561111 0.853125 0.555556 0.857813 0.555556 0.857813 0.483333 0.842188 0.483333 0.842188 0.494444 0.840625 0.497222 0.8375 0.497222 0.835938 0.494444 0.832812 0.494444 0.83125 0.491667 0.83125 0.483333 0.343571
0 0.135937 0.483333 0.1375 0.486111 0.1375 0.488889 0.139062 0.488889 0.140625 0.491667 0.145313 0.491667 0.145313 0.472222 0.135937 0.472222 0.135937 0.483333 0.13125 0.483333 0.129688 0.480556 0.129688 0.472222 0.104687 0.472222 0.104687 0.480556 0.101562 0.486111 0.096875 0.486111 0.096875 0.547222 0.121875 0.547222 0.121875 0.538889 0.123438 0.536111 0.125 0.536111 0.128125 0.530556 0.128125 0.527778 0.129688 0.525 0.129688 0.519444 0.132812 0.513889 0.134375 0.513889 0.140625 0.525 0.145313 0.525 0.145313 0.502778 0.139062 0.502778 0.1375 0.5 0.134375 0.5 0.13125 0.494444 0.13125 0.483333 0.342034
0 0.240625 0.605556 0.240625 0.655556 0.253125 0.655556 0.254687 0.652778 0.25625 0.652778 0.25625 0.65 0.257812 0.647222 0.259375 0.647222 0.260938 0.65 0.260938 0.655556 0.2625 0.658333 0.2625 0.661111 0.260938 0.663889 0.260938 0.666667 0.259375 0.669444 0.257812 0.669444 0.25625 0.666667 0.254687 0.666667 0.253125 0.663889 0.240625 0.663889 0.240625 0.680556 0.265625 0.680556 0.265625 0.672222 0.26875 0.666667 0.270312 0.666667 0.273438 0.661111 0.273438 0.658333 0.275 0.655556 0.276563 0.655556 0.278125 0.652778 0.282813 0.652778 0.282813 0.625 0.278125 0.625 0.273438 0.616667 0.273438 0.605556 0.341422
0 0.121875 0.472222 0.121875 0.525 0.15 0.525 0.15 0.508333 0.151562 0.505556 0.153125 0.505556 0.15625 0.511111 0.160938 0.511111 0.1625 0.513889 0.164062 0.513889 0.165625 0.511111 0.165625 0.508333 0.167187 0.505556 0.167187 0.491667 0.16875 0.488889 0.16875 0.472222 0.34136
0 0.234375 0.65 0.234375 0.675 0.240625 0.675 0.245312 0.683333 0.245312 0.691667 0.253125 0.691667 0.253125 0.680556 0.254687 0.677778 0.25625 0.677778 0.257812 0.675 0.259375 0.675 0.260938 0.672222 0.270312 0.672222 0.270312 0.661111 0.265625 0.661111 0.264062 0.658333 0.264062 0.65 0.333956
0 0.38125 0.45 0.38125 0.461111 0.376563 0.469444 0.371875 0.469444 0.371875 0.511111 0.378125 0.511111 0.379687 0.508333 0.384375 0.508333 0.385938 0.511111 0.3875 0.511111 0.389062 0.513889 0.390625 0.513889 0.39375 0.519444 0.39375 0.522222 0.395312 0.525 0.395312 0.536111 0.426562 0.536111 0.426562 0.483333 0.421875 0.483333 0.415625 0.472222 0.415625 0.469444 0.414062 0.466667 0.414062 0.463889 0.410937 0.458333 0.410937 0.45 0.331958
0 0.059375 0.494444 0.059375 0.530556 0.0671875 0.530556 0.071875 0.538889 0.0734375 0.538889 0.075 0.541667 0.075 0.544444 0.0765625 0.547222 0.0765625 0.558333 0.0859375 0.558333 0.0859375 0.55 0.084375 0.547222 0.0828125 0.547222 0.0796875 0.541667 0.0796875 0.536111 0.08125 0.533333 0.0828125 0.533333 0.084375 0.530556 0.0953125 0.530556 0.0953125 0.494444 0.322558
0 0.734375 0.461111 0.734375 0.580556 0.739062 0.580556 0.740625 0.577778 0.745313 0.577778 0.746875 0.575 0.75 0.575 0.751562 0.572222 0.75625 0.572222 0.757812 0.569444 0.759375 0.569444 0.7625 0.563889 0.764063 0.563889 0.765625 0.561111 0.76875 0.561111 0.76875 0.558333 0.767187 0.555556 0.767187 0.552778 0.765625 0.55 0.765625 0.538889 0.767187 0.536111 0.767187 0.533333 0.76875 0.530556 0.771875 0.530556 0.776563 0.538889 0.782812 0.538889 0.782812 0.497222 0.778125 0.497222 0.775 0.491667 0.775 0.488889 0.773438 0.486111 0.773438 0.480556 0.771875 0.477778 0.771875 0.461111 0.318673
0 0.278125 0.638889 0.278125 0.675 0.285937 0.675 0.2875 0.677778 0.290625 0.677778 0.29375 0.683333 0.29375 0.691667 0.304688 0.691667 0.304688 0.683333 0.307813 0.677778 0.314063 0.677778 0.314063 0.666667 0.309375 0.666667 0.30625 0.661111 0.30625 0.655556 0.303125 0.65 0.303125 0.638889 0.313913
0 0.796875 0.461111 0.796875 0.522222 0.801562 0.522222 0.817187 0.55 0.817187 0.558333 0.839063 0.558333 0.839063 0.505556 0.832812 0.505556 0.83125 0.502778 0.83125 0.5 0.828125 0.494444 0.828125 0.480556 0.83125 0.475 0.83125 0.472222 0.832812 0.469444 0.832812 0.461111 0.308458
0 0.940625 0.705556 0.940625 0.727778 0.954687 0.727778 0.95625 0.730556 0.978125 0.730556 0.979688 0.727778 0.995313 0.727778 0.995313 0.705556 0.300577
0 0.865625 0.472222 0.865625 0.547222 0.892187 0.547222 0.892187 0.538889 0.895312 0.533333 0.896875 0.533333 0.9 0.538889 0.9 0.547222 0.914062 0.547222 0.914062 0.522222 0.907812 0.522222 0.90625 0.519444 0.90625 0.513889 0.904688 0.511111 0.904688 0.508333 0.903125 0.505556 0.903125 0.5 0.901563 0.497222 0.901563 0.494444 0.9 0.491667 0.9 0.488889 0.895312 0.480556 0.895312 0.472222 0.299276
0 0.564062 0.55 0.559375 0.55 0.559375 0.558333 0.564062 0.558333 0.564062 0.55 0.567187 0.533333 0.570312 0.533333 0.575 0.541667 0.578125 0.541667 0.579687 0.544444 0.582812 0.544444 0.584375 0.547222 0.585938 0.547222 0.5875 0.55 0.5875 0.558333 0.601562 0.558333 0.601562 0.502778 0.596875 0.502778 0.59375 0.497222 0.59375 0.491667 0.592188 0.488889 0.592188 0.472222 0.567187 0.472222 0.567187 0.486111 0.565625 0.488889 0.559375 0.488889 0.559375 0.530556 0.565625 0.530556 0.567187 0.533333 0.295525
0 0.165625 0.483333 0.165625 0.536111 0.189063 0.536111 0.189063 0.519444 0.190625 0.516667 0.190625 0.511111 0.192188 0.508333 0.192188 0.505556 0.19375 0.502778 0.19375 0.497222 0.195312 0.494444 0.195312 0.483333 0.293749
0 0.0890625 0.572222 0.0890625 0.583333 0.0875 0.586111 0.0875 0.588889 0.0828125 0.597222 0.078125 0.597222 0.078125 0.647222 0.084375 0.647222 0.084375 0.636111 0.0890625 0.627778 0.09375 0.627778 0.0953125 0.630556 0.096875 0.630556 0.0984375 0.627778 0.104687 0.627778 0.1125 0.613889 0.1125 0.605556 0.115625 0.6 0.120312 0.6 0.120312 0.572222 0.287229
0 0.834375 0 0.834375 0.0611111 0.846875 0.0611111 0.848437 0.0638889 0.915625 0.0638889 0.917188 0.0666667 0.9625 0.0666667 0.964063 0.0638889 0.975 0.0638889 0.976562 0.0666667 0.984375 0.0666667 0.985937 0.0694444 0.99375 0.0694444 0.995313 0.0666667 0.998438 0.0666667 0.998438 0 0.286093
0 0.140625 0.505556 0.140625 0.558333 0.170312 0.558333 0.170312 0.547222 0.165625 0.547222 0.164062 0.544444 0.164062 0.541667 0.1625 0.538889 0.165625 0.533333 0.170312 0.533333 0.170312 0.505556 0.285939
0 0.103125 0.472222 0.103125 0.547222 0.117188 0.547222 0.117188 0.538889 0.11875 0.536111 0.120312 0.536111 0.121875 0.533333 0.128125 0.533333 0.132812 0.525 0.134375 0.525 0.1375 0.530556 0.157813 0.530556 0.159375 0.527778 0.159375 0.525 0.157813 0.522222 0.151562 0.522222 0.146875 0.513889 0.145313 0.513889 0.14375 0.511111 0.14375 0.508333 0.142188 0.505556 0.142188 0.494444 0.146875 0.486111 0.148438 0.486111 0.15 0.483333 0.151562 0.483333 0.15625 0.491667 0.15625 0.494444 0.160938 0.502778 0.160938 0.505556 0.164062 0.511111 0.165625 0.508333 0.165625 0.502778 0.167187 0.5 0.167187 0.488889 0.16875 0.486111 0.16875 0.472222 0.284004
0 0.059375 0.494444 0.059375 0.530556 0.065625 0.530556 0.0671875 0.533333 0.06875 0.533333 0.0703125 0.536111 0.0703125 0.538889 0.071875 0.541667 0.071875 0.544444 0.0734375 0.547222 0.0734375 0.55 0.071875 0.552778 0.071875 0.555556 0.06875 0.561111 0.06875 0.566667 0.0671875 0.569444 0.059375 0.569444 0.059375 0.580556 0.0703125 0.580556 0.0703125 0.572222 0.071875 0.569444 0.071875 0.563889 0.0734375 0.561111 0.0734375 0.558333 0.075 0.555556 0.078125 0.555556 0.08125 0.561111 0.08125 0.563889 0.0828125 0.566667 0.0828125 0.580556 0.101562 0.580556 0.101562 0.569444 0.090625 0.569444 0.0859375 0.561111 0.0859375 0.558333 0.0875 0.555556 0.0875 0.552778 0.0890625 0.55 0.090625 0.55 0.0921875 0.547222 0.09375 0.547222 0.0953125 0.544444 0.101562 0.544444 0.101562 0.494444 0.283178
0 0.740625 0.461111 0.740625 0.469444 0.739062 0.472222 0.739062 0.475 0.7375 0.477778 0.7375 0.480556 0.735937 0.483333 0.735937 0.486111 0.734375 0.488889 0.732813 0.488889 0.73125 0.491667 0.721875 0.491667 0.720312 0.488889 0.715625 0.488889 0.715625 0.558333 0.721875 0.558333 0.723437 0.561111 0.723437 0.563889 0.729688 0.575 0.73125 0.575 0.732813 0.577778 0.734375 0.577778 0.735937 0.580556 0.7375 0.580556 0.739062 0.583333 0.739062 0.591667 0.742188 0.591667 0.742188 0.583333 0.74375 0.580556 0.745313 0.580556 0.746875 0.577778 0.753125 0.577778 0.754687 0.575 0.75625 0.575 0.757812 0.572222 0.759375 0.572222 0.7625 0.566667 0.764063 0.566667 0.765625 0.563889 0.770312 0.563889 0.770312 0.547222 0.764063 0.547222 0.7625 0.544444 0.7625 0.541667 0.760938 0.538889 0.760938 0.536111 0.759375 0.533333 0.759375 0.530556 0.757812 0.527778 0.757812 0.525 0.75625 0.525 0.754687 0.522222 0.754687 0.519444 0.753125 0.516667 0.753125 0.511111 0.751562 0.508333 0.751562 0.5 0.753125 0.497222 0.753125 0.494444 0.757812 0.486111 0.759375 0.486111 0.760938 0.488889 0.770312 0.488889 0.770312 0.461111 0.280908
0 0.865625 0.45 0.865625 0.525 0.907812 0.525 0.907812 0.502778 0.901563 0.502778 0.9 0.5 0.898438 0.5 0.896875 0.497222 0.896875 0.494444 0.895312 0.491667 0.895312 0.480556 0.903125 0.466667 0.907812 0.466667 0.907812 0.45 0.280777
0 0.228125 0.605556 0.228125 0.638889 0.232812 0.638889 0.234375 0.641667 0.235938 0.641667 0.2375 0.644444 0.239063 0.644444 0.24375 0.652778 0.245312 0.652778 0.246875 0.655556 0.248437 0.655556 0.251563 0.661111 0.251563 0.669444 0.253125 0.669444 0.253125 0.658333 0.254687 0.655556 0.254687 0.65 0.25625 0.647222 0.25625 0.644444 0.257812 0.641667 0.257812 0.638889 0.259375 0.636111 0.265625 0.636111 0.267188 0.638889 0.267188 0.669444 0.271875 0.669444 0.271875 0.661111 0.276563 0.652778 0.282813 0.652778 0.282813 0.625 0.276563 0.625 0.273438 0.619444 0.273438 0.605556 0.275772
0 0.196875 0.616667 0.196875 0.633333 0.207813 0.633333 0.209375 0.636111 0.20625 0.641667 0.204688 0.641667 0.201562 0.647222 0.196875 0.647222 0.196875 0.675 0.203125 0.675 0.204688 0.672222 0.217187 0.672222 0.21875 0.675 0.220313 0.675 0.221875 0.677778 0.225 0.677778 0.226562 0.680556 0.226562 0.691667 0.226562 0.683333 0.229687 0.677778 0.23125 0.677778 0.232812 0.675 0.235938 0.675 0.2375 0.672222 0.245312 0.672222 0.245312 0.65 0.240625 0.65 0.234375 0.638889 0.234375 0.633333 0.23125 0.627778 0.23125 0.616667 0.275427
0 0.053125 0.538889 0.053125 0.605556 0.059375 0.605556 0.0640625 0.613889 0.0640625 0.625 0.078125 0.625 0.078125 0.616667 0.0796875 0.613889 0.0796875 0.611111 0.0828125 0.605556 0.0828125 0.602778 0.090625 0.588889 0.0953125 0.588889 0.0953125 0.572222 0.090625 0.572222 0.0859375 0.563889 0.0859375 0.561111 0.078125 0.547222 0.078125 0.538889 0.273309
0 0.559375 0.483333 0.564062 0.483333 0.564062 0.461111 0.557813 0.461111 0.557813 0.480556 0.559375 0.483333 0.554688 0.491667 0.55 0.483333 0.55 0.480556 0.548437 0.477778 0.548437 0.475 0.546875 0.472222 0.546875 0.461111 0.515625 0.461111 0.515625 0.502778 0.521875 0.502778 0.523438 0.505556 0.525 0.505556 0.526563 0.508333 0.528125 0.508333 0.529688 0.511111 0.53125 0.511111 0.535937 0.519444 0.535937 0.525 0.5375 0.527778 0.5375 0.536111 0.55625 0.536111 0.55625 0.511111 0.557813 0.508333 0.557813 0.502778 0.55625 0.5 0.55625 0.497222 0.554688 0.494444 0.554688 0.491667 0.27205
0 0.096875 0.538889 0.096875 0.625 0.103125 0.625 0.103125 0.613889 0.10625 0.608333 0.109375 0.608333 0.110937 0.611111 0.1125 0.611111 0.114063 0.613889 0.114063 0.625 0.115625 0.625 0.115625 0.616667 0.120312 0.608333 0.126563 0.608333 0.126563 0.538889 0.271124
0 0.13125 0.547222 0.13125 0.558333 0.139062 0.558333 0.139062 0.547222 0.13125 0.547222 0.125 0.541667 0.125 0.538889 0.128125 0.533333 0.128125 0.530556 0.129688 0.527778 0.129688 0.522222 0.13125 0.519444 0.13125 0.516667 0.132812 0.513889 0.139062 0.513889 0.139062 0.5 0.134375 0.5 0.132812 0.497222 0.132812 0.494444 0.13125 0.491667 0.13125 0.483333 0.129688 0.480556 0.129688 0.472222 0.096875 0.472222 0.096875 0.558333 0.123438 0.558333 0.123438 0.544444 0.125 0.541667 0.269849
0 0.165625 0.483333 0.165625 0.536111 0.190625 0.536111 0.190625 0.513889 0.192188 0.511111 0.192188 0.505556 0.19375 0.502778 0.19375 0.5 0.196875 0.494444 0.198437 0.494444 0.201562 0.5 0.201562 0.502778 0.203125 0.505556 0.207813 0.505556 0.207813 0.483333 0.263897
0 0.828125 0.461111 0.828125 0.558333 0.876562 0.558333 0.876562 0.461111 0.256523
0 0.128125 0.472222 0.128125 0.530556 0.134375 0.530556 0.135937 0.533333 0.139062 0.533333 0.140625 0.536111 0.142188 0.536111 0.14375 0.538889 0.14375 0.547222 0.15 0.547222 0.15 0.538889 0.151562 0.536111 0.153125 0.536111 0.154687 0.538889 0.154687 0.547222 0.159375 0.547222 0.159375 0.536111 0.160938 0.533333 0.1625 0.533333 0.164062 0.530556 0.164062 0.527778 0.165625 0.525 0.165625 0.522222 0.167187 0.519444 0.167187 0.5 0.16875 0.497222 0.16875 0.472222 0.255579
0 0.671875 0.438889 0.671875 0.502778 0.676562 0.502778 0.678125 0.505556 0.678125 0.508333 0.679688 0.511111 0.679688 0.513889 0.68125 0.516667 0.68125 0.525 0.707812 0.525 0.707812 0.461111 0.7 0.461111 0.698438 0.463889 0.696875 0.463889 0.690625 0.452778 0.690625 0.438889 0.255143
0 0.03125 0.483333 0.03125 0.491667 0.0265625 0.5 0.0234375 0.5 0.021875 0.502778 0.015625 0.502778 0.015625 0.591667 0.0234375 0.591667 0.0234375 0.583333 0.025 0.580556 0.025 0.577778 0.028125 0.572222 0.040625 0.572222 0.0421875 0.569444 0.0453125 0.569444 0.0453125 0.566667 0.046875 0.563889 0.046875 0.558333 0.0484375 0.555556 0.0484375 0.544444 0.046875 0.541667 0.046875 0.536111 0.053125 0.525 0.053125 0.522222 0.0546875 0.519444 0.0546875 0.513889 0.05625 0.511111 0.05625 0.508333 0.0578125 0.505556 0.0640625 0.505556 0.0640625 0.502778 0.05625 0.502778 0.053125 0.497222 0.053125 0.494444 0.0515625 0.491667 0.0515625 0.483333 0.252814
