0 0.88125 0.772222 0.88125 0.780556 0.876562 0.788889 0.875 0.788889 0.873438 0.791667 0.871875 0.791667 0.870313 0.794444 0.865625 0.794444 0.865625 0.861111 0.871875 0.861111 0.873438 0.863889 0.878125 0.863889 0.879687 0.866667 0.882812 0.866667 0.884375 0.869444 0.885938 0.869444 0.8875 0.872222 0.890625 0.872222 0.892187 0.875 0.89375 0.875 0.898438 0.883333 0.898438 0.891667 0.920313 0.891667 0.920313 0.883333 0.921875 0.880556 0.925 0.880556 0.926562 0.877778 0.932813 0.877778 0.932813 0.794444 0.928125 0.794444 0.921875 0.783333 0.921875 0.772222 0.884722
0 0.267188 0.494444 0.267188 0.505556 0.264062 0.511111 0.2625 0.511111 0.259375 0.516667 0.257812 0.516667 0.251563 0.527778 0.25 0.527778 0.239063 0.547222 0.234375 0.547222 0.234375 0.561111 0.240625 0.561111 0.24375 0.566667 0.24375 0.569444 0.259375 0.597222 0.260938 0.597222 0.2625 0.6 0.265625 0.6 0.267188 0.602778 0.26875 0.602778 0.270312 0.605556 0.275 0.605556 0.276563 0.608333 0.278125 0.608333 0.279687 0.611111 0.28125 0.611111 0.284375 0.616667 0.285937 0.616667 0.2875 0.619444 0.289062 0.619444 0.290625 0.622222 0.292188 0.622222 0.29375 0.625 0.295312 0.625 0.296875 0.627778 0.301562 0.627778 0.303125 0.625 0.304688 0.625 0.30625 0.622222 0.307813 0.622222 0.314063 0.611111 0.314063 0.608333 0.315625 0.605556 0.315625 0.602778 0.317187 0.6 0.317187 0.597222 0.321875 0.588889 0.326562 0.588889 0.326562 0.547222 0.321875 0.547222 0.31875 0.541667 0.31875 0.538889 0.317187 0.536111 0.317187 0.533333 0.315625 0.530556 0.315625 0.525 0.314063 0.522222 0.314063 0.516667 0.3125 0.513889 0.3125 0.511111 0.309375 0.505556 0.309375 0.494444 0.882037
0 0.003125 0.661111 0.003125 0.797222 0.009375 0.797222 0.0109375 0.8 0.0203125 0.8 0.021875 0.797222 0.0265625 0.797222 0.028125 0.794444 0.0328125 0.794444 0.034375 0.791667 0.0390625 0.791667 0.040625 0.788889 0.04375 0.788889 0.0453125 0.786111 0.0484375 0.786111 0.053125 0.777778 0.053125 0.775 0.05625 0.769444 0.05625 0.766667 0.059375 0.761111 0.0640625 0.761111 0.0640625 0.758333 0.0578125 0.758333 0.0515625 0.747222 0.05 0.747222 0.0484375 0.744444 0.04375 0.744444 0.0421875 0.741667 0.0390625 0.741667 0.0375 0.738889 0.0359375 0.738889 0.034375 0.736111 0.0328125 0.736111 0.0265625 0.725 0.0265625 0.722222 0.0234375 0.716667 0.0234375 0.7 0.021875 0.697222 0.021875 0.677778 0.0203125 0.675 0.0203125 0.661111 0.8817
0 0.8125 0.705556 0.8125 0.713889 0.801562 0.733333 0.796875 0.733333 0.796875 0.791667 0.801562 0.791667 0.807813 0.802778 0.809375 0.802778 0.810938 0.805556 0.8125 0.805556 0.814062 0.808333 0.81875 0.808333 0.820312 0.811111 0.828125 0.811111 0.829687 0.813889 0.83125 0.813889 0.832812 0.816667 0.832812 0.825 0.85 0.825 0.85 0.816667 0.854688 0.808333 0.854688 0.805556 0.85625 0.802778 0.85625 0.788889 0.857813 0.786111 0.857813 0.780556 0.859375 0.777778 0.859375 0.772222 0.860937 0.769444 0.860937 0.763889 0.8625 0.761111 0.8625 0.758333 0.864062 0.755556 0.870313 0.755556 0.870313 0.736111 0.865625 0.736111 0.8625 0.730556 0.8625 0.727778 0.85625 0.716667 0.85625 0.705556 0.856519
0 0.401563 0.561111 0.401563 0.569444 0.396875 0.577778 0.395312 0.577778 0.39375 0.580556 0.392188 0.580556 0.390625 0.583333 0.389062 0.583333 0.385938 0.588889 0.384375 0.588889 0.370313 0.613889 0.365625 0.613889 0.365625 0.647222 0.370313 0.647222 0.373437 0.641667 0.373437 0.638889 0.376563 0.633333 0.382812 0.633333 0.384375 0.636111 0.385938 0.636111 0.3875 0.638889 0.390625 0.638889 0.39375 0.644444 0.396875 0.644444 0.398438 0.647222 0.4 0.647222 0.401563 0.65 0.40625 0.65 0.407813 0.652778 0.414062 0.652778 0.415625 0.655556 0.428125 0.655556 0.429688 0.652778 0.432813 0.652778 0.434375 0.65 0.435937 0.65 0.4375 0.647222 0.445312 0.647222 0.445312 0.633333 0.440625 0.633333 0.439063 0.630556 0.439063 0.627778 0.4375 0.625 0.4375 0.622222 0.435937 0.619444 0.435937 0.613889 0.434375 0.611111 0.434375 0.608333 0.432813 0.605556 0.432813 0.602778 0.429688 0.597222 0.429688 0.591667 0.428125 0.588889 0.428125 0.580556 0.426562 0.577778 0.426562 0.572222 0.425 0.569444 0.425 0.561111 0.850715
0 0.584375 0.55 0.584375 0.558333 0.582812 0.561111 0.58125 0.561111 0.579687 0.563889 0.576563 0.563889 0.575 0.566667 0.570312 0.566667 0.56875 0.569444 0.567187 0.569444 0.565625 0.572222 0.559375 0.572222 0.559375 0.619444 0.565625 0.619444 0.567187 0.622222 0.570312 0.622222 0.573438 0.627778 0.573438 0.636111 0.617188 0.636111 0.617188 0.605556 0.61875 0.602778 0.61875 0.583333 0.620313 0.580556 0.620313 0.561111 0.61875 0.558333 0.61875 0.55 0.844391
0 0.148438 0.927778 0.148438 0.938889 0.146875 0.941667 0.140625 0.941667 0.140625 0.994444 0.145313 0.994444 0.146875 0.997222 0.195312 0.997222 0.196875 0.994444 0.198437 0.994444 0.2 0.991667 0.2 0.988889 0.201562 0.986111 0.201562 0.983333 0.203125 0.980556 0.207813 0.980556 0.203125 0.980556 0.201562 0.977778 0.201562 0.975 0.2 0.972222 0.2 0.969444 0.196875 0.963889 0.196875 0.955556 0.195312 0.952778 0.195312 0.95 0.19375 0.947222 0.19375 0.944444 0.192188 0.941667 0.192188 0.938889 0.190625 0.936111 0.190625 0.927778 0.840632
0 0.626562 0.516667 0.626562 0.525 0.623438 0.530556 0.623438 0.533333 0.621875 0.536111 0.615625 0.536111 0.615625 0.636111 0.621875 0.636111 0.621875 0.627778 0.623438 0.625 0.634375 0.625 0.635938 0.627778 0.635938 0.636111 0.657812 0.636111 0.657812 0.627778 0.6625 0.619444 0.664062 0.619444 0.667188 0.613889 0.66875 0.613889 0.670313 0.611111 0.676562 0.611111 0.676562 0.569444 0.671875 0.569444 0.667188 0.561111 0.667188 0.555556 0.665625 0.552778 0.665625 0.547222 0.664062 0.544444 0.664062 0.538889 0.660937 0.533333 0.660937 0.530556 0.659375 0.527778 0.659375 0.516667 0.835914
0 0.259375 0.827778 0.259375 0.908333 0.264062 0.908333 0.26875 0.916667 0.26875 0.925 0.2875 0.925 0.2875 0.916667 0.295312 0.902778 0.295312 0.9 0.301562 0.888889 0.303125 0.888889 0.307813 0.880556 0.309375 0.880556 0.309375 0.877778 0.310937 0.875 0.310937 0.855556 0.30625 0.847222 0.30625 0.827778 0.276563 0.827778 0.276563 0.836111 0.275 0.838889 0.275 0.841667 0.273438 0.844444 0.270312 0.844444 0.267188 0.838889 0.267188 0.827778 0.824866
0 0.185937 0.327778 0.185937 0.338889 0.18125 0.347222 0.18125 0.35 0.176563 0.358333 0.171875 0.358333 0.171875 0.397222 0.176563 0.397222 0.178125 0.4 0.179688 0.4 0.18125 0.402778 0.182812 0.402778 0.185937 0.408333 0.1875 0.408333 0.189063 0.411111 0.192188 0.411111 0.19375 0.413889 0.196875 0.413889 0.198437 0.416667 0.2 0.416667 0.201562 0.419444 0.204688 0.419444 0.20625 0.422222 0.207813 0.422222 0.209375 0.425 0.210938 0.425 0.2125 0.427778 0.214062 0.427778 0.215625 0.430556 0.217187 0.430556 0.21875 0.433333 0.225 0.433333 0.226562 0.436111 0.23125 0.427778 0.23125 0.4 0.229687 0.397222 0.229687 0.386111 0.228125 0.383333 0.228125 0.377778 0.226562 0.375 0.226562 0.372222 0.225 0.369444 0.225 0.366667 0.223438 0.363889 0.223438 0.361111 0.221875 0.358333 0.221875 0.355556 0.214062 0.341667 0.2125 0.341667 0.210938 0.338889 0.210938 0.327778 0.80089
0 0.271875 0.75 0.271875 0.825 0.279687 0.825 0.28125 0.827778 0.284375 0.827778 0.285937 0.830556 0.2875 0.830556 0.289062 0.833333 0.292188 0.833333 0.29375 0.836111 0.295312 0.836111 0.296875 0.838889 0.296875 0.847222 0.325 0.847222 0.325 0.838889 0.326562 0.836111 0.328125 0.836111 0.329688 0.833333 0.33125 0.833333 0.332812 0.830556 0.335938 0.830556 0.3375 0.827778 0.339063 0.827778 0.340625 0.825 0.345313 0.825 0.345313 0.761111 0.340625 0.761111 0.339063 0.758333 0.339063 0.75 0.298438 0.75 0.298438 0.758333 0.296875 0.761111 0.289062 0.761111 0.2875 0.758333 0.2875 0.75 0.793052
0 0.259375 0.513889 0.253125 0.513889 0.251563 0.516667 0.251563 0.525 0.259375 0.525 0.259375 0.513889 0.2625 0.497222 0.264062 0.497222 0.265625 0.5 0.270312 0.5 0.271875 0.497222 0.273438 0.497222 0.275 0.494444 0.279687 0.494444 0.28125 0.491667 0.295312 0.491667 0.295312 0.469444 0.289062 0.469444 0.2875 0.472222 0.285937 0.472222 0.284375 0.475 0.282813 0.475 0.279687 0.469444 0.278125 0.469444 0.276563 0.466667 0.275 0.466667 0.273438 0.463889 0.270312 0.463889 0.26875 0.461111 0.270312 0.458333 0.271875 0.458333 0.273438 0.455556 0.276563 0.455556 0.278125 0.452778 0.278125 0.45 0.282813 0.441667 0.282813 0.438889 0.284375 0.436111 0.284375 0.430556 0.285937 0.427778 0.285937 0.416667 0.284375 0.413889 0.284375 0.408333 0.282813 0.405556 0.282813 0.402778 0.279687 0.397222 0.279687 0.394444 0.278125 0.391667 0.276563 0.391667 0.273438 0.386111 0.273438 0.383333 0.267188 0.372222 0.267188 0.361111 0.235938 0.361111 0.235938 0.372222 0.232812 0.377778 0.228125 0.377778 0.228125 0.486111 0.232812 0.486111 0.234375 0.488889 0.2375 0.488889 0.240625 0.494444 0.242188 0.491667 0.242188 0.488889 0.24375 0.486111 0.24375 0.480556 0.245312 0.477778 0.246875 0.477778 0.25 0.483333 0.253125 0.483333 0.259375 0.494444 0.260938 0.494444 0.2625 0.497222 0.790638
0 0.928125 0.794444 0.928125 0.875 0.925 0.880556 0.923437 0.880556 0.921875 0.883333 0.917188 0.883333 0.915625 0.886111 0.909375 0.886111 0.909375 0.908333 0.915625 0.908333 0.926562 0.927778 0.928125 0.927778 0.929688 0.930556 0.93125 0.930556 0.934375 0.936111 0.935938 0.936111 0.9375 0.938889 0.946875 0.938889 0.95 0.933333 0.95 0.930556 0.953125 0.925 0.953125 0.922222 0.954687 0.919444 0.954687 0.908333 0.95625 0.905556 0.95625 0.9 0.957812 0.897222 0.957812 0.877778 0.959375 0.875 0.959375 0.855556 0.957812 0.852778 0.957812 0.841667 0.95625 0.838889 0.95625 0.836111 0.954687 0.833333 0.954687 0.830556 0.953125 0.827778 0.953125 0.822222 0.951563 0.819444 0.951563 0.816667 0.95 0.813889 0.95 0.811111 0.951563 0.808333 0.951563 0.794444 0.77019
0 0.953125 0.805556 0.953125 0.841667 0.957812 0.841667 0.960938 0.847222 0.960938 0.877778 0.959375 0.880556 0.959375 0.888889 0.957812 0.891667 0.953125 0.891667 0.953125 0.916667 0.957812 0.916667 0.959375 0.919444 0.967188 0.919444 0.96875 0.922222 0.973437 0.922222 0.975 0.925 0.978125 0.925 0.979688 0.927778 0.98125 0.927778 0.982813 0.930556 0.9875 0.930556 0.989062 0.933333 0.998438 0.933333 0.998438 0.805556 0.732359
0 0.429688 0.661111 0.429688 0.672222 0.428125 0.675 0.421875 0.675 0.421875 0.738889 0.426562 0.738889 0.428125 0.741667 0.428125 0.747222 0.429688 0.75 0.429688 0.772222 0.43125 0.775 0.43125 0.777778 0.434375 0.783333 0.434375 0.791667 0.445312 0.811111 0.45 0.811111 0.451562 0.808333 0.454688 0.808333 0.45625 0.805556 0.457812 0.805556 0.475 0.775 0.475 0.772222 0.479688 0.763889 0.48125 0.763889 0.48125 0.761111 0.485938 0.752778 0.485938 0.747222 0.490625 0.738889 0.495313 0.738889 0.495313 0.705556 0.490625 0.705556 0.489062 0.702778 0.489062 0.697222 0.4875 0.694444 0.4875 0.688889 0.482812 0.680556 0.48125 0.680556 0.476562 0.672222 0.476562 0.661111 0.725776
0 0.190625 0.561111 0.190625 0.572222 0.189063 0.575 0.189063 0.577778 0.185937 0.583333 0.185937 0.605556 0.182812 0.611111 0.178125 0.611111 0.178125 0.669444 0.182812 0.669444 0.189063 0.680556 0.190625 0.680556 0.192188 0.677778 0.19375 0.677778 0.195312 0.675 0.196875 0.675 0.198437 0.677778 0.2 0.677778 0.204688 0.686111 0.204688 0.688889 0.20625 0.688889 0.207813 0.691667 0.209375 0.691667 0.2125 0.697222 0.214062 0.697222 0.215625 0.7 0.225 0.7 0.226562 0.697222 0.232812 0.697222 0.234375 0.694444 0.242188 0.694444 0.24375 0.691667 0.246875 0.691667 0.248437 0.688889 0.25 0.688889 0.251563 0.686111 0.253125 0.686111 0.254687 0.683333 0.25625 0.683333 0.257812 0.680556 0.259375 0.680556 0.267188 0.666667 0.26875 0.666667 0.271875 0.661111 0.273438 0.661111 0.276563 0.655556 0.278125 0.655556 0.279687 0.658333 0.295312 0.658333 0.295312 0.627778 0.290625 0.627778 0.289062 0.625 0.285937 0.625 0.284375 0.622222 0.282813 0.622222 0.282813 0.625 0.28125 0.627778 0.28125 0.630556 0.279687 0.633333 0.279687 0.636111 0.278125 0.638889 0.271875 0.638889 0.267188 0.630556 0.265625 0.630556 0.260938 0.622222 0.259375 0.622222 0.257812 0.619444 0.25625 0.619444 0.254687 0.616667 0.253125 0.616667 0.25 0.611111 0.248437 0.611111 0.246875 0.608333 0.245312 0.608333 0.239063 0.597222 0.2375 0.597222 0.234375 0.591667 0.232812 0.591667 0.226562 0.580556 0.225 0.580556 0.221875 0.575 0.220313 0.575 0.217187 0.569444 0.217187 0.561111 0.71444
0 0.654688 0.694444 0.654688 0.705556 0.653125 0.708333 0.651563 0.708333 0.645312 0.719444 0.640625 0.719444 0.640625 0.788889 0.645312 0.788889 0.646875 0.791667 0.65 0.791667 0.651563 0.794444 0.654688 0.794444 0.657812 0.8 0.6625 0.8 0.664062 0.802778 0.671875 0.802778 0.673437 0.8 0.678125 0.8 0.679688 0.797222 0.682813 0.797222 0.684375 0.794444 0.6875 0.794444 0.689062 0.791667 0.69375 0.791667 0.695312 0.788889 0.698438 0.788889 0.7 0.786111 0.701563 0.786111 0.701563 0.783333 0.704687 0.777778 0.704687 0.775 0.70625 0.772222 0.70625 0.769444 0.709375 0.763889 0.714063 0.763889 0.714063 0.730556 0.707812 0.730556 0.703125 0.722222 0.701563 0.722222 0.7 0.719444 0.698438 0.719444 0.695312 0.713889 0.69375 0.713889 0.692187 0.711111 0.689062 0.711111 0.6875 0.708333 0.685938 0.708333 0.684375 0.705556 0.682813 0.705556 0.68125 0.702778 0.68125 0.694444 0.708152
0 0.196875 0.905556 0.196875 0.977778 0.203125 0.977778 0.20625 0.983333 0.20625 0.986111 0.207813 0.988889 0.209375 0.988889 0.210938 0.991667 0.2125 0.991667 0.214062 0.994444 0.214062 1 0.245312 1 0.245312 0.988889 0.240625 0.988889 0.239063 0.986111 0.239063 0.969444 0.2375 0.966667 0.2375 0.944444 0.229687 0.930556 0.229687 0.927778 0.226562 0.922222 0.225 0.922222 0.221875 0.916667 0.221875 0.905556 0.703602
0 0.134375 0.372222 0.134375 0.380556 0.126563 0.394444 0.125 0.394444 0.123438 0.397222 0.121875 0.397222 0.120312 0.4 0.11875 0.4 0.117188 0.402778 0.115625 0.402778 0.114063 0.405556 0.109375 0.405556 0.109375 0.447222 0.115625 0.447222 0.121875 0.458333 0.125 0.458333 0.126563 0.461111 0.129688 0.461111 0.132812 0.466667 0.135937 0.466667 0.1375 0.469444 0.140625 0.469444 0.142188 0.466667 0.145313 0.466667 0.146875 0.463889 0.15 0.463889 0.151562 0.461111 0.164062 0.461111 0.16875 0.452778 0.170312 0.452778 0.171875 0.45 0.182812 0.45 0.182812 0.394444 0.176563 0.394444 0.175 0.391667 0.175 0.388889 0.171875 0.383333 0.171875 0.372222 0.693541
0 0.223438 0.816667 0.223438 0.827778 0.220313 0.833333 0.21875 0.833333 0.217187 0.836111 0.203125 0.836111 0.203125 0.85 0.214062 0.85 0.215625 0.852778 0.215625 0.863889 0.214062 0.866667 0.214062 0.872222 0.2125 0.875 0.2125 0.880556 0.210938 0.883333 0.210938 0.888889 0.209375 0.891667 0.209375 0.894444 0.210938 0.897222 0.210938 0.9 0.214062 0.905556 0.215625 0.905556 0.21875 0.911111 0.220313 0.911111 0.223438 0.916667 0.225 0.916667 0.235938 0.936111 0.235938 0.947222 0.257812 0.947222 0.257812 0.938889 0.260938 0.933333 0.260938 0.927778 0.2625 0.925 0.2625 0.894444 0.260938 0.891667 0.260938 0.880556 0.259375 0.877778 0.259375 0.863889 0.257812 0.861111 0.257812 0.85 0.25625 0.847222 0.25625 0.844444 0.251563 0.836111 0.25 0.836111 0.248437 0.833333 0.246875 0.833333 0.245312 0.830556 0.24375 0.830556 0.240625 0.825 0.240625 0.816667 0.690971
0 0.746875 0.505556 0.746875 0.55 0.753125 0.55 0.765625 0.572222 0.765625 0.580556 0.795313 0.580556 0.795313 0.572222 0.796875 0.569444 0.803125 0.569444 0.804688 0.566667 0.80625 0.566667 0.80625 0.563889 0.807813 0.561111 0.807813 0.558333 0.809375 0.555556 0.814062 0.555556 0.814062 0.533333 0.809375 0.533333 0.807813 0.530556 0.807813 0.527778 0.803125 0.519444 0.801562 0.519444 0.8 0.516667 0.8 0.505556 0.677538
0 0.940625 0.527778 0.940625 0.580556 0.948438 0.580556 0.95 0.583333 0.951563 0.583333 0.953125 0.586111 0.954687 0.586111 0.957812 0.591667 0.959375 0.591667 0.9625 0.597222 0.964063 0.597222 0.965625 0.6 0.96875 0.6 0.970312 0.602778 0.973437 0.602778 0.975 0.6 0.978125 0.6 0.982813 0.591667 0.982813 0.588889 0.985937 0.583333 0.985937 0.561111 0.9875 0.558333 0.9875 0.552778 0.990625 0.547222 0.995313 0.547222 0.995313 0.527778 0.66746
0 0.826563 0.494444 0.826563 0.502778 0.821875 0.511111 0.820312 0.511111 0.814062 0.522222 0.809375 0.522222 0.809375 0.55 0.814062 0.55 0.815625 0.552778 0.821875 0.552778 0.823438 0.555556 0.825 0.555556 0.826563 0.558333 0.828125 0.558333 0.834375 0.569444 0.834375 0.580556 0.84375 0.580556 0.84375 0.569444 0.845312 0.566667 0.845312 0.561111 0.846875 0.558333 0.846875 0.552778 0.848437 0.55 0.848437 0.547222 0.851562 0.541667 0.851562 0.538889 0.853125 0.536111 0.853125 0.533333 0.854688 0.530556 0.854688 0.527778 0.85625 0.525 0.857813 0.525 0.860937 0.519444 0.8625 0.519444 0.864062 0.516667 0.870313 0.516667 0.870313 0.494444 0.652301
0 0.325 0.872222 0.325 0.880556 0.323438 0.883333 0.304688 0.883333 0.301562 0.888889 0.301562 0.891667 0.295312 0.902778 0.290625 0.902778 0.290625 0.952778 0.295312 0.952778 0.298438 0.958333 0.298438 0.961111 0.3 0.963889 0.301562 0.963889 0.304688 0.969444 0.304688 0.972222 0.30625 0.975 0.307813 0.975 0.310937 0.980556 0.3125 0.980556 0.314063 0.983333 0.314063 0.986111 0.315625 0.986111 0.320312 0.994444 0.320312 1 0.342187 1 0.342187 0.994444 0.345313 0.988889 0.346875 0.988889 0.35 0.983333 0.351562 0.983333 0.354688 0.977778 0.354688 0.975 0.35625 0.972222 0.35625 0.963889 0.357812 0.961111 0.357812 0.95 0.360938 0.944444 0.3625 0.944444 0.364062 0.941667 0.365625 0.941667 0.367188 0.944444 0.376563 0.944444 0.376563 0.872222 0.624505
0 0.334375 0.45 0.334375 0.461111 0.328125 0.472222 0.321875 0.472222 0.334375 0.472222 0.335938 0.475 0.353125 0.475 0.354688 0.477778 0.357812 0.477778 0.359375 0.480556 0.360938 0.480556 0.364062 0.486111 0.365625 0.486111 0.367188 0.488889 0.36875 0.488889 0.370313 0.491667 0.371875 0.491667 0.373437 0.494444 0.373437 0.5 0.375 0.5 0.376563 0.502778 0.378125 0.502778 0.379687 0.505556 0.379687 0.513889 0.39375 0.513889 0.39375 0.505556 0.396875 0.5 0.4 0.5 0.401563 0.497222 0.407813 0.497222 0.407813 0.45 0.622614
0 0.559375 0.75 0.559375 0.758333 0.553125 0.769444 0.546875 0.769444 0.546875 0.808333 0.551562 0.808333 0.553125 0.811111 0.553125 0.813889 0.554688 0.816667 0.554688 0.822222 0.55625 0.825 0.55625 0.827778 0.557813 0.830556 0.557813 0.836111 0.5625 0.844444 0.564062 0.844444 0.567187 0.85 0.567187 0.852778 0.573438 0.863889 0.576563 0.863889 0.578125 0.866667 0.582812 0.866667 0.584375 0.869444 0.5875 0.869444 0.589063 0.872222 0.589063 0.880556 0.595312 0.880556 0.595312 0.872222 0.6 0.863889 0.601562 0.863889 0.603125 0.861111 0.607813 0.861111 0.607813 0.772222 0.603125 0.772222 0.601562 0.769444 0.6 0.769444 0.598437 0.766667 0.596875 0.766667 0.595312 0.763889 0.59375 0.763889 0.592188 0.761111 0.592188 0.75 0.619849
0 0.709375 0.85 0.709375 0.858333 0.703125 0.869444 0.701563 0.869444 0.698438 0.875 0.696875 0.875 0.690625 0.886111 0.684375 0.886111 0.684375 0.930556 0.690625 0.930556 0.692187 0.933333 0.69375 0.933333 0.696875 0.938889 0.696875 0.947222 0.714063 0.947222 0.714063 0.938889 0.717188 0.933333 0.71875 0.933333 0.720312 0.930556 0.721875 0.930556 0.723437 0.927778 0.725 0.927778 0.726562 0.925 0.732813 0.925 0.734375 0.922222 0.746875 0.922222 0.748438 0.919444 0.751562 0.919444 0.753125 0.916667 0.754687 0.916667 0.75625 0.913889 0.757812 0.913889 0.759375 0.911111 0.760938 0.911111 0.764063 0.905556 0.764063 0.902778 0.765625 0.9 0.765625 0.897222 0.767187 0.894444 0.767187 0.880556 0.765625 0.880556 0.75625 0.863889 0.75625 0.85 0.619674
0 0.789062 0.736111 0.7875 0.738889 0.7875 0.747222 0.789062 0.747222 0.789062 0.736111 0.792188 0.725 0.79375 0.725 0.795313 0.727778 0.796875 0.725 0.801562 0.725 0.807813 0.713889 0.809375 0.713889 0.814062 0.705556 0.815625 0.705556 0.817187 0.702778 0.820312 0.702778 0.821875 0.7 0.826563 0.7 0.826563 0.688889 0.820312 0.688889 0.817187 0.683333 0.817187 0.680556 0.8125 0.672222 0.8125 0.669444 0.810938 0.666667 0.810938 0.663889 0.809375 0.661111 0.809375 0.65 0.807813 0.647222 0.807813 0.644444 0.801562 0.633333 0.8 0.636111 0.798437 0.636111 0.796875 0.638889 0.795313 0.638889 0.79375 0.636111 0.790625 0.636111 0.789062 0.633333 0.7875 0.633333 0.785937 0.630556 0.782812 0.630556 0.78125 0.627778 0.78125 0.625 0.779688 0.622222 0.779688 0.619444 0.778125 0.616667 0.778125 0.613889 0.776563 0.611111 0.776563 0.608333 0.775 0.605556 0.775 0.6 0.773438 0.597222 0.773438 0.583333 0.754687 0.583333 0.754687 0.594444 0.751562 0.6 0.751562 0.602778 0.745313 0.613889 0.745313 0.616667 0.740625 0.625 0.739062 0.625 0.7375 0.627778 0.735937 0.627778 0.732813 0.633333 0.73125 0.633333 0.726562 0.641667 0.721875 0.641667 0.721875 0.669444 0.726562 0.669444 0.729688 0.675 0.729688 0.680556 0.73125 0.683333 0.73125 0.686111 0.732813 0.688889 0.732813 0.691667 0.7375 0.7 0.7375 0.702778 0.740625 0.708333 0.742188 0.708333 0.745313 0.713889 0.745313 0.716667 0.75 0.725 0.753125 0.725 0.754687 0.727778 0.75625 0.727778 0.759375 0.733333 0.760938 0.733333 0.7625 0.736111 0.7625 0.747222 0.770312 0.747222 0.770312 0.738889 0.771875 0.736111 0.773438 0.736111 0.775 0.733333 0.776563 0.733333 0.78125 0.725 0.784375 0.725 0.785937 0.722222 0.790625 0.722222 0.792188 0.725 0.61129
0 0.453125 0.772222 0.453125 0.811111 0.457812 0.811111 0.459375 0.813889 0.457812 0.816667 0.453125 0.816667 0.453125 0.880556 0.459375 0.880556 0.460938 0.883333 0.4625 0.883333 0.464063 0.886111 0.465625 0.886111 0.467187 0.888889 0.473437 0.888889 0.475 0.891667 0.478125 0.891667 0.479688 0.894444 0.479688 0.902778 0.532812 0.902778 0.532812 0.855556 0.526563 0.855556 0.525 0.852778 0.525 0.85 0.523438 0.847222 0.523438 0.844444 0.51875 0.836111 0.51875 0.833333 0.515625 0.827778 0.515625 0.825 0.5125 0.819444 0.509375 0.819444 0.507812 0.816667 0.507812 0.791667 0.510938 0.786111 0.5125 0.786111 0.515625 0.780556 0.517187 0.780556 0.517187 0.772222 0.492188 0.772222 0.492188 0.780556 0.489062 0.786111 0.4875 0.786111 0.485938 0.788889 0.484375 0.788889 0.482812 0.791667 0.48125 0.788889 0.476562 0.788889 0.473437 0.783333 0.473437 0.772222 0.602583
0 0.384375 0.694444 0.384375 0.769444 0.390625 0.769444 0.404687 0.794444 0.404687 0.802778 0.417188 0.802778 0.417188 0.791667 0.41875 0.788889 0.41875 0.786111 0.420312 0.783333 0.420312 0.761111 0.41875 0.758333 0.41875 0.694444 0.584517
0 0.0953125 0.472222 0.0953125 0.480556 0.0890625 0.491667 0.084375 0.491667 0.084375 0.527778 0.0890625 0.527778 0.0953125 0.538889 0.0953125 0.547222 0.11875 0.547222 0.11875 0.536111 0.120312 0.533333 0.120312 0.527778 0.121875 0.525 0.121875 0.513889 0.123438 0.511111 0.123438 0.508333 0.126563 0.502778 0.126563 0.5 0.129688 0.494444 0.129688 0.491667 0.13125 0.488889 0.13125 0.483333 0.132812 0.480556 0.132812 0.472222 0.573361
0 0.670313 0.605556 0.670313 0.613889 0.660937 0.630556 0.660937 0.633333 0.659375 0.636111 0.659375 0.638889 0.657812 0.641667 0.653125 0.641667 0.653125 0.694444 0.659375 0.694444 0.6625 0.7 0.667188 0.7 0.66875 0.702778 0.676562 0.702778 0.678125 0.705556 0.678125 0.713889 0.695312 0.713889 0.695312 0.702778 0.696875 0.7 0.7 0.7 0.701563 0.697222 0.707812 0.697222 0.707812 0.647222 0.703125 0.647222 0.701563 0.644444 0.701563 0.641667 0.7 0.638889 0.7 0.630556 0.698438 0.627778 0.698438 0.625 0.695312 0.619444 0.695312 0.616667 0.69375 0.613889 0.69375 0.605556 0.560978
0 0.353125 0.894444 0.357812 0.894444 0.357812 0.883333 0.351562 0.883333 0.351562 0.891667 0.353125 0.894444 0.34375 0.919444 0.328125 0.891667 0.328125 0.883333 0.290625 0.883333 0.290625 0.955556 0.295312 0.955556 0.3 0.963889 0.301562 0.963889 0.307813 0.975 0.309375 0.975 0.3125 0.980556 0.314063 0.980556 0.31875 0.988889 0.320312 0.988889 0.323438 0.994444 0.323438 1 0.342187 1 0.342187 0.991667 0.34375 0.988889 0.345313 0.988889 0.348437 0.983333 0.35 0.983333 0.351562 0.980556 0.357812 0.980556 0.357812 0.933333 0.351562 0.933333 0.35 0.930556 0.346875 0.930556 0.345313 0.927778 0.345313 0.925 0.34375 0.922222 0.34375 0.919444 0.546982
0 0.951563 0.45 0.951563 0.461111 0.948438 0.466667 0.946875 0.466667 0.945312 0.469444 0.929688 0.469444 0.928125 0.466667 0.91875 0.466667 0.917188 0.469444 0.915625 0.469444 0.909375 0.480556 0.903125 0.480556 0.903125 0.5 0.914062 0.5 0.915625 0.502778 0.921875 0.502778 0.923437 0.505556 0.925 0.505556 0.926562 0.508333 0.93125 0.508333 0.932813 0.511111 0.940625 0.511111 0.942187 0.513889 0.94375 0.513889 0.945312 0.516667 0.948438 0.516667 0.95 0.513889 0.951563 0.513889 0.954687 0.508333 0.95625 0.508333 0.959375 0.502778 0.960938 0.502778 0.964063 0.497222 0.967188 0.497222 0.96875 0.494444 0.973437 0.494444 0.975 0.497222 0.976562 0.497222 0.976562 0.491667 0.978125 0.488889 0.978125 0.45 0.537065
0 0 0.45 0 0.525 0.0015625 0.525 0.003125 0.522222 0.0078125 0.522222 0.009375 0.519444 0.0140625 0.519444 0.015625 0.516667 0.0171875 0.516667 0.01875 0.513889 0.01875 0.511111 0.0203125 0.508333 0.021875 0.508333 0.0234375 0.505556 0.025 0.505556 0.034375 0.488889 0.0390625 0.488889 0.0390625 0.480556 0.0328125 0.480556 0.028125 0.472222 0.028125 0.469444 0.025 0.469444 0.0234375 0.466667 0.021875 0.466667 0.01875 0.461111 0.01875 0.45 0.536168
0 0.553125 0.627778 0.553125 0.638889 0.539062 0.663889 0.534375 0.663889 0.534375 0.708333 0.540625 0.708333 0.54375 0.713889 0.54375 0.716667 0.545313 0.719444 0.545313 0.722222 0.546875 0.725 0.546875 0.727778 0.553125 0.738889 0.553125 0.741667 0.554688 0.741667 0.557813 0.747222 0.559375 0.747222 0.560938 0.75 0.560938 0.758333 0.589063 0.758333 0.589063 0.75 0.592188 0.744444 0.595312 0.744444 0.596875 0.741667 0.598437 0.741667 0.6 0.738889 0.607813 0.738889 0.607813 0.686111 0.603125 0.686111 0.6 0.680556 0.6 0.677778 0.596875 0.672222 0.595312 0.672222 0.59375 0.669444 0.59375 0.666667 0.592188 0.663889 0.590625 0.663889 0.5875 0.658333 0.5875 0.655556 0.584375 0.65 0.584375 0.647222 0.582812 0.644444 0.582812 0.641667 0.58125 0.638889 0.58125 0.627778 0.508726
0 0.434375 0.561111 0.434375 0.627778 0.439063 0.627778 0.442187 0.633333 0.442187 0.636111 0.44375 0.638889 0.44375 0.644444 0.445312 0.647222 0.446875 0.647222 0.448438 0.644444 0.451562 0.644444 0.451562 0.641667 0.453125 0.638889 0.453125 0.636111 0.454688 0.633333 0.454688 0.630556 0.45625 0.627778 0.45625 0.625 0.459375 0.619444 0.459375 0.616667 0.460938 0.613889 0.460938 0.611111 0.4625 0.608333 0.464063 0.608333 0.467187 0.602778 0.467187 0.6 0.470313 0.594444 0.476562 0.594444 0.476562 0.591667 0.470313 0.591667 0.464063 0.580556 0.4625 0.580556 0.45625 0.569444 0.45625 0.561111 0.506516
0 0.867188 0.505556 0.867188 0.516667 0.864062 0.522222 0.8625 0.522222 0.860937 0.525 0.859375 0.525 0.85625 0.530556 0.85625 0.533333 0.851562 0.541667 0.846875 0.541667 0.846875 0.588889 0.851562 0.588889 0.85625 0.597222 0.85625 0.6 0.857813 0.602778 0.857813 0.605556 0.859375 0.608333 0.859375 0.611111 0.86875 0.627778 0.86875 0.630556 0.870313 0.633333 0.870313 0.636111 0.875 0.644444 0.876562 0.644444 0.878125 0.647222 0.879687 0.647222 0.88125 0.65 0.88125 0.658333 0.884375 0.658333 0.884375 0.647222 0.889063 0.638889 0.890625 0.638889 0.892187 0.636111 0.889063 0.630556 0.889063 0.625 0.892187 0.619444 0.892187 0.616667 0.895312 0.611111 0.896875 0.611111 0.898438 0.608333 0.9 0.608333 0.903125 0.602778 0.901563 0.6 0.901563 0.597222 0.9 0.594444 0.9 0.586111 0.901563 0.583333 0.901563 0.580556 0.904688 0.575 0.904688 0.569444 0.907812 0.563889 0.914062 0.563889 0.914062 0.522222 0.909375 0.522222 0.90625 0.516667 0.90625 0.505556 0.49949
0 0.8875 1 0.895312 1 0.895312 0.994444 0.8875 0.994444 0.8875 1 0.882812 1 0.882812 0.991667 0.88125 0.988889 0.88125 0.969444 0.882812 0.966667 0.882812 0.963889 0.884375 0.961111 0.885938 0.961111 0.885938 0.95 0.8875 0.947222 0.8875 0.941667 0.889063 0.938889 0.889063 0.936111 0.890625 0.933333 0.895312 0.933333 0.895312 0.919444 0.890625 0.919444 0.889063 0.916667 0.889063 0.905556 0.834375 0.905556 0.834375 1 0.882812 1 0.491641
0 0.034375 0.494444 0.034375 0.538889 0.040625 0.538889 0.04375 0.544444 0.04375 0.547222 0.0453125 0.55 0.0453125 0.552778 0.0484375 0.558333 0.0484375 0.561111 0.05 0.563889 0.05 0.566667 0.0515625 0.569444 0.0515625 0.572222 0.065625 0.597222 0.0671875 0.597222 0.06875 0.6 0.0703125 0.6 0.0734375 0.605556 0.0734375 0.613889 0.0890625 0.613889 0.0890625 0.605556 0.09375 0.597222 0.0953125 0.597222 0.0984375 0.591667 0.1 0.591667 0.101562 0.588889 0.107813 0.588889 0.107813 0.55 0.101562 0.55 0.096875 0.541667 0.0953125 0.541667 0.0875 0.527778 0.0859375 0.527778 0.084375 0.525 0.0828125 0.525 0.0703125 0.502778 0.0703125 0.494444 0.480276
0 0.103125 0.538889 0.103125 0.636111 0.109375 0.636111 0.110937 0.638889 0.1125 0.638889 0.114063 0.641667 0.115625 0.641667 0.126563 0.661111 0.125 0.663889 0.125 0.672222 0.120312 0.680556 0.103125 0.680556 0.103125 0.691667 0.139062 0.691667 0.139062 0.680556 0.140625 0.677778 0.140625 0.675 0.14375 0.669444 0.148438 0.669444 0.153125 0.661111 0.153125 0.655556 0.154687 0.652778 0.154687 0.644444 0.15625 0.641667 0.15625 0.638889 0.157813 0.636111 0.157813 0.633333 0.159375 0.630556 0.159375 0.625 0.160938 0.622222 0.160938 0.616667 0.1625 0.613889 0.1625 0.605556 0.160938 0.602778 0.160938 0.6 0.157813 0.594444 0.157813 0.591667 0.154687 0.586111 0.154687 0.583333 0.153125 0.580556 0.153125 0.563889 0.151562 0.561111 0.153125 0.558333 0.153125 0.538889 0.478276
0 0.459375 0.472222 0.459375 0.486111 0.457812 0.488889 0.457812 0.491667 0.45625 0.494444 0.45625 0.497222 0.454688 0.5 0.453125 0.5 0.451562 0.502778 0.446875 0.502778 0.446875 0.555556 0.451562 0.555556 0.453125 0.558333 0.454688 0.558333 0.45625 0.561111 0.45625 0.563889 0.460938 0.572222 0.4625 0.572222 0.465625 0.577778 0.467187 0.577778 0.46875 0.575 0.471875 0.575 0.473437 0.577778 0.475 0.577778 0.476562 0.580556 0.478125 0.580556 0.484375 0.591667 0.4875 0.591667 0.489062 0.594444 0.504687 0.594444 0.50625 0.591667 0.507812 0.591667 0.509375 0.588889 0.509375 0.580556 0.504687 0.572222 0.503125 0.572222 0.501562 0.569444 0.498437 0.569444 0.492188 0.558333 0.492188 0.555556 0.490625 0.552778 0.490625 0.547222 0.501562 0.527778 0.507812 0.527778 0.509375 0.525 0.509375 0.511111 0.507812 0.508333 0.507812 0.505556 0.498437 0.505556 0.495313 0.511111 0.49375 0.511111 0.492188 0.513889 0.489062 0.513889 0.4875 0.516667 0.4875 0.525 0.485938 0.527778 0.485938 0.530556 0.482812 0.536111 0.48125 0.533333 0.478125 0.533333 0.476562 0.530556 0.475 0.530556 0.471875 0.525 0.471875 0.522222 0.470313 0.519444 0.470313 0.5 0.471875 0.497222 0.471875 0.472222 0.478202
0 0.659375 0.805556 0.659375 0.880556 0.665625 0.880556 0.66875 0.886111 0.671875 0.886111 0.673437 0.888889 0.679688 0.888889 0.68125 0.891667 0.682813 0.891667 0.684375 0.888889 0.685938 0.888889 0.689062 0.883333 0.690625 0.883333 0.696875 0.872222 0.698438 0.872222 0.7 0.869444 0.701563 0.869444 0.70625 0.861111 0.707812 0.861111 0.709375 0.858333 0.710938 0.858333 0.7125 0.855556 0.715625 0.855556 0.717188 0.852778 0.720312 0.852778 0.721875 0.85 0.725 0.85 0.726562 0.847222 0.732813 0.847222 0.732813 0.827778 0.723437 0.827778 0.721875 0.825 0.720312 0.825 0.71875 0.822222 0.714063 0.822222 0.710938 0.827778 0.710938 0.830556 0.707812 0.836111 0.70625 0.833333 0.7 0.833333 0.696875 0.838889 0.695312 0.838889 0.69375 0.836111 0.69375 0.833333 0.695312 0.830556 0.695312 0.827778 0.7 0.819444 0.701563 0.819444 0.703125 0.816667 0.703125 0.805556 0.475475
0 0.6 0.558333 0.6 0.569444 0.61875 0.569444 0.61875 0.561111 0.615625 0.555556 0.603125 0.555556 0.601562 0.558333 0.6 0.558333 0.598437 0.552778 0.598437 0.55 0.6 0.547222 0.603125 0.547222 0.604688 0.544444 0.614062 0.544444 0.617188 0.538889 0.617188 0.525 0.615625 0.522222 0.615625 0.519444 0.614062 0.516667 0.614062 0.505556 0.571875 0.505556 0.571875 0.513889 0.56875 0.519444 0.567187 0.519444 0.565625 0.522222 0.559375 0.522222 0.559375 0.569444 0.5875 0.569444 0.5875 0.561111 0.589063 0.558333 0.590625 0.558333 0.592188 0.555556 0.595312 0.555556 0.596875 0.552778 0.598437 0.552778 0.474003
0 0.135937 0.461111 0.135937 0.469444 0.132812 0.475 0.128125 0.475 0.128125 0.536111 0.15 0.536111 0.151562 0.538889 0.151562 0.547222 0.154687 0.547222 0.154687 0.538889 0.15625 0.536111 0.160938 0.536111 0.1625 0.533333 0.167187 0.533333 0.16875 0.530556 0.171875 0.530556 0.173438 0.527778 0.175 0.527778 0.178125 0.522222 0.182812 0.522222 0.182812 0.491667 0.178125 0.491667 0.171875 0.480556 0.171875 0.477778 0.170312 0.475 0.16875 0.475 0.167187 0.472222 0.167187 0.461111 0.471942
0 0.071875 0.705556 0.071875 0.713889 0.06875 0.719444 0.059375 0.719444 0.059375 0.769444 0.0640625 0.769444 0.06875 0.777778 0.06875 0.780556 0.084375 0.808333 0.084375 0.811111 0.0859375 0.813889 0.0875 0.813889 0.0890625 0.816667 0.090625 0.816667 0.0921875 0.819444 0.09375 0.819444 0.0953125 0.822222 0.0984375 0.822222 0.1 0.825 0.1 0.836111 0.126563 0.836111 0.126563 0.825 0.125 0.822222 0.125 0.811111 0.123438 0.808333 0.123438 0.791667 0.121875 0.788889 0.121875 0.766667 0.123438 0.763889 0.123438 0.758333 0.121875 0.758333 0.115625 0.747222 0.115625 0.744444 0.114063 0.741667 0.114063 0.738889 0.1125 0.736111 0.1125 0.733333 0.110937 0.730556 0.110937 0.727778 0.103125 0.713889 0.103125 0.705556 0.463658
0 0.46875 0.594444 0.46875 0.605556 0.464063 0.613889 0.464063 0.616667 0.460938 0.622222 0.460938 0.625 0.459375 0.627778 0.453125 0.627778 0.453125 0.661111 0.460938 0.661111 0.4625 0.663889 0.467187 0.663889 0.46875 0.666667 0.471875 0.666667 0.473437 0.669444 0.478125 0.669444 0.484375 0.680556 0.490625 0.680556 0.492188 0.677778 0.495313 0.677778 0.496875 0.675 0.496875 0.672222 0.498437 0.669444 0.498437 0.666667 0.5 0.663889 0.5 0.644444 0.501562 0.641667 0.501562 0.633333 0.503125 0.630556 0.507812 0.630556 0.507812 0.605556 0.503125 0.605556 0.501562 0.602778 0.501562 0.594444 0.459097
0 0.584375 0.872222 0.584375 0.922222 0.589063 0.922222 0.590625 0.925 0.59375 0.925 0.595312 0.927778 0.596875 0.927778 0.6 0.933333 0.603125 0.933333 0.604688 0.936111 0.615625 0.936111 0.617188 0.933333 0.623438 0.933333 0.625 0.936111 0.626562 0.936111 0.628125 0.938889 0.628125 0.947222 0.654688 0.947222 0.654688 0.936111 0.659375 0.927778 0.664062 0.927778 0.664062 0.886111 0.659375 0.886111 0.657812 0.883333 0.657812 0.872222 0.455138
0 0.829687 0.991667 0.828125 0.994444 0.828125 1 0.839063 1 0.839063 0.991667 0.829687 0.991667 0.826563 0.966667 0.828125 0.963889 0.832812 0.963889 0.834375 0.961111 0.839063 0.961111 0.839063 0.958333 0.83125 0.958333 0.828125 0.952778 0.828125 0.95 0.825 0.944444 0.825 0.941667 0.823438 0.938889 0.821875 0.938889 0.820312 0.936111 0.820312 0.933333 0.815625 0.925 0.815625 0.916667 0.785937 0.916667 0.785937 0.930556 0.7875 0.933333 0.7875 0.936111 0.784375 0.941667 0.78125 0.941667 0.779688 0.944444 0.775 0.944444 0.771875 0.938889 0.771875 0.936111 0.773438 0.933333 0.775 0.933333 0.776563 0.930556 0.779688 0.930556 0.782812 0.925 0.782812 0.916667 0.765625 0.916667 0.765625 1 0.807813 1 0.807813 0.994444 0.8125 0.986111 0.8125 0.983333 0.821875 0.966667 0.826563 0.966667 0.453902
0 0.907812 0.694444 0.907812 0.702778 0.904688 0.708333 0.904688 0.711111 0.903125 0.713889 0.896875 0.713889 0.896875 0.766667 0.903125 0.766667 0.904688 0.769444 0.909375 0.769444 0.910937 0.772222 0.9125 0.772222 0.914062 0.775 0.915625 0.775 0.917188 0.777778 0.91875 0.777778 0.920313 0.780556 0.921875 0.780556 0.928125 0.791667 0.935938 0.791667 0.9375 0.788889 0.95 0.788889 0.951563 0.791667 0.957812 0.791667 0.959375 0.788889 0.960938 0.788889 0.964063 0.783333 0.964063 0.780556 0.965625 0.777778 0.965625 0.772222 0.967188 0.769444 0.967188 0.75 0.96875 0.747222 0.96875 0.744444 0.967188 0.741667 0.967188 0.733333 0.965625 0.730556 0.965625 0.713889 0.96875 0.708333 0.96875 0.694444 0.44898
0 0.684375 0.527778 0.684375 0.605556 0.690625 0.605556 0.69375 0.611111 0.695312 0.611111 0.701563 0.622222 0.704687 0.622222 0.707812 0.627778 0.707812 0.636111 0.709375 0.636111 0.709375 0.627778 0.7125 0.622222 0.714063 0.622222 0.715625 0.619444 0.71875 0.619444 0.720312 0.616667 0.723437 0.616667 0.725 0.619444 0.729688 0.619444 0.73125 0.622222 0.732813 0.622222 0.734375 0.619444 0.735937 0.619444 0.7375 0.616667 0.745313 0.616667 0.745313 0.611111 0.7375 0.611111 0.735937 0.608333 0.728125 0.608333 0.726562 0.605556 0.726562 0.594444 0.729688 0.588889 0.729688 0.586111 0.732813 0.580556 0.732813 0.569444 0.734375 0.566667 0.735937 0.569444 0.745313 0.569444 0.745313 0.527778 0.448264
0 0.515625 0.55 0.515625 0.622222 0.520312 0.622222 0.523438 0.627778 0.523438 0.633333 0.525 0.636111 0.523438 0.638889 0.521875 0.638889 0.520312 0.641667 0.515625 0.641667 0.515625 0.658333 0.5375 0.658333 0.5375 0.647222 0.535937 0.644444 0.534375 0.644444 0.532812 0.641667 0.53125 0.641667 0.529688 0.638889 0.529688 0.636111 0.53125 0.633333 0.534375 0.633333 0.535937 0.630556 0.539062 0.630556 0.540625 0.633333 0.542188 0.633333 0.54375 0.636111 0.54375 0.638889 0.545313 0.641667 0.546875 0.641667 0.553125 0.630556 0.553125 0.627778 0.554688 0.625 0.554688 0.619444 0.55625 0.616667 0.55625 0.608333 0.557813 0.605556 0.557813 0.563889 0.55625 0.561111 0.55625 0.55 0.435213
0 0.429688 0.661111 0.429688 0.672222 0.43125 0.675 0.43125 0.680556 0.429688 0.683333 0.429688 0.686111 0.426562 0.691667 0.421875 0.691667 0.421875 0.727778 0.428125 0.727778 0.432813 0.736111 0.432813 0.758333 0.485938 0.758333 0.485938 0.747222 0.490625 0.738889 0.495313 0.738889 0.495313 0.702778 0.490625 0.702778 0.489062 0.7 0.489062 0.697222 0.4875 0.694444 0.4875 0.688889 0.482812 0.680556 0.48125 0.680556 0.476562 0.672222 0.476562 0.661111 0.434048
0 0.376563 0.752778 0.375 0.752778 0.373437 0.755556 0.371875 0.755556 0.370313 0.758333 0.36875 0.758333 0.36875 0.769444 0.378125 0.769444 0.378125 0.755556 0.376563 0.752778 0.376563 0.741667 0.376563 0.733333 0.378125 0.730556 0.378125 0.725 0.379687 0.722222 0.379687 0.719444 0.38125 0.716667 0.38125 0.713889 0.382812 0.711111 0.382812 0.708333 0.384375 0.705556 0.384375 0.702778 0.3875 0.697222 0.3875 0.694444 0.389062 0.691667 0.389062 0.686111 0.3875 0.683333 0.3875 0.680556 0.384375 0.675 0.384375 0.672222 0.382812 0.672222 0.376563 0.661111 0.376563 0.658333 0.375 0.658333 0.373437 0.655556 0.371875 0.655556 0.370313 0.652778 0.36875 0.652778 0.367188 0.65 0.367188 0.647222 0.365625 0.644444 0.365625 0.638889 0.364062 0.636111 0.364062 0.627778 0.357812 0.616667 0.35625 0.616667 0.351562 0.608333 0.348437 0.608333 0.345313 0.602778 0.345313 0.594444 0.329688 0.594444 0.329688 0.602778 0.326562 0.608333 0.326562 0.611111 0.321875 0.619444 0.315625 0.619444 0.315625 0.722222 0.320312 0.722222 0.325 0.730556 0.325 0.733333 0.326562 0.733333 0.332812 0.744444 0.334375 0.744444 0.339063 0.752778 0.340625 0.752778 0.342187 0.755556 0.34375 0.755556 0.346875 0.761111 0.346875 0.769444 0.346875 0.761111 0.35 0.755556 0.351562 0.755556 0.353125 0.752778 0.354688 0.752778 0.35625 0.75 0.357812 0.75 0.359375 0.747222 0.360938 0.747222 0.3625 0.744444 0.36875 0.744444 0.370313 0.741667 0.376563 0.741667 0.432238
0 0.332812 0.861111 0.332812 0.869444 0.33125 0.872222 0.33125 0.875 0.328125 0.880556 0.326562 0.880556 0.325 0.883333 0.309375 0.883333 0.307813 0.886111 0.30625 0.886111 0.301562 0.894444 0.296875 0.894444 0.296875 0.944444 0.301562 0.944444 0.303125 0.947222 0.303125 0.961111 0.304688 0.963889 0.304688 0.969444 0.309375 0.977778 0.310937 0.977778 0.3125 0.980556 0.3125 0.983333 0.315625 0.988889 0.317187 0.988889 0.31875 0.991667 0.31875 1 0.34375 1 0.34375 0.991667 0.345313 0.988889 0.346875 0.988889 0.35 0.983333 0.351562 0.983333 0.354688 0.977778 0.354688 0.972222 0.35625 0.969444 0.35625 0.963889 0.357812 0.961111 0.357812 0.95 0.360938 0.944444 0.3625 0.944444 0.364062 0.941667 0.389062 0.941667 0.390625 0.938889 0.390625 0.936111 0.39375 0.930556 0.39375 0.927778 0.395312 0.925 0.401563 0.925 0.401563 0.897222 0.396875 0.897222 0.395312 0.894444 0.39375 0.894444 0.390625 0.888889 0.3875 0.888889 0.385938 0.886111 0.38125 0.886111 0.379687 0.883333 0.371875 0.883333 0.370313 0.880556 0.367188 0.880556 0.365625 0.877778 0.364062 0.877778 0.359375 0.869444 0.359375 0.861111 0.431835
0 0.721875 0.994444 0.720312 0.994444 0.720312 1 0.721875 1 0.721875 0.994444 0.757812 0.991667 0.757812 0.988889 0.751562 0.977778 0.748438 0.977778 0.746875 0.975 0.742188 0.975 0.740625 0.972222 0.734375 0.972222 0.732813 0.969444 0.729688 0.969444 0.728125 0.966667 0.723437 0.966667 0.721875 0.963889 0.715625 0.963889 0.714063 0.961111 0.709375 0.961111 0.728125 0.905556 0.728125 0.894444 0.709375 0.894444 0.709375 0.911111 0.714063 0.911111 0.715625 0.908333 0.71875 0.908333 0.720312 0.905556 0.728125 0.905556 0.709375 0.961111 0.709375 0.938889 0.714063 0.938889 0.715625 0.936111 0.717188 0.936111 0.71875 0.933333 0.720312 0.933333 0.721875 0.930556 0.723437 0.930556 0.726562 0.925 0.729688 0.925 0.73125 0.922222 0.740625 0.922222 0.742188 0.925 0.745313 0.925 0.746875 0.922222 0.75 0.922222 0.751562 0.919444 0.753125 0.919444 0.75625 0.913889 0.75625 0.911111 0.759375 0.905556 0.759375 0.894444 0.776563 0.894444 0.776563 0.919444 0.771875 0.919444 0.76875 0.925 0.76875 0.961111 0.767187 0.963889 0.767187 0.977778 0.765625 0.980556 0.765625 1 0.759375 1 0.759375 0.994444 0.757812 0.991667 0.414502
0 0.909375 0.927778 0.909375 0.966667 0.917188 0.966667 0.91875 0.969444 0.917188 0.972222 0.915625 0.972222 0.914062 0.975 0.909375 0.975 0.909375 1 0.989062 1 0.989062 0.958333 0.984375 0.958333 0.98125 0.952778 0.98125 0.944444 0.979688 0.941667 0.979688 0.927778 0.95 0.927778 0.95 0.936111 0.945312 0.944444 0.942187 0.944444 0.940625 0.947222 0.9375 0.947222 0.932813 0.938889 0.932813 0.927778 0.393932
0 0.584375 0.872222 0.584375 0.922222 0.590625 0.922222 0.592188 0.925 0.595312 0.925 0.6 0.933333 0.603125 0.933333 0.604688 0.936111 0.614062 0.936111 0.615625 0.933333 0.617188 0.933333 0.61875 0.930556 0.61875 0.894444 0.617188 0.891667 0.617188 0.872222 0.374196
0 0.26875 0.938889 0.26875 0.947222 0.264062 0.955556 0.2625 0.955556 0.259375 0.961111 0.253125 0.961111 0.253125 0.994444 0.2875 0.994444 0.289062 0.997222 0.290625 0.994444 0.295312 0.994444 0.296875 0.991667 0.301562 0.991667 0.301562 0.972222 0.296875 0.972222 0.295312 0.969444 0.296875 0.966667 0.301562 0.966667 0.301562 0.955556 0.296875 0.955556 0.295312 0.952778 0.295312 0.938889 0.365447
0 0.135937 0.683333 0.135937 0.694444 0.134375 0.697222 0.132812 0.697222 0.13125 0.7 0.128125 0.7 0.126563 0.702778 0.121875 0.702778 0.120312 0.705556 0.115625 0.705556 0.115625 0.752778 0.120312 0.752778 0.121875 0.755556 0.123438 0.755556 0.125 0.758333 0.129688 0.758333 0.13125 0.761111 0.135937 0.761111 0.1375 0.763889 0.142188 0.763889 0.14375 0.766667 0.164062 0.766667 0.165625 0.763889 0.170312 0.763889 0.171875 0.766667 0.182812 0.766667 0.184375 0.763889 0.189063 0.763889 0.189063 0.702778 0.182812 0.702778 0.176563 0.691667 0.176563 0.683333 0.357044
0 0.465625 0.961111 0.465625 1 0.539062 1 0.539062 0.975 0.534375 0.975 0.53125 0.969444 0.53125 0.961111 0.349565
0 0.921875 0.961111 0.921875 0.994444 0.998438 0.994444 0.998438 0.961111 0.349131
0 0.0328125 0.783333 0.0328125 0.791667 0.0296875 0.797222 0.028125 0.797222 0.0265625 0.8 0.0234375 0.8 0.021875 0.802778 0.003125 0.802778 0.003125 0.858333 0.0078125 0.858333 0.0109375 0.863889 0.0109375 0.866667 0.015625 0.875 0.015625 0.877778 0.0203125 0.886111 0.021875 0.886111 0.0234375 0.888889 0.025 0.888889 0.0265625 0.891667 0.0296875 0.891667 0.03125 0.894444 0.03125 0.902778 0.040625 0.902778 0.040625 0.894444 0.0453125 0.886111 0.0453125 0.880556 0.046875 0.877778 0.046875 0.875 0.0484375 0.872222 0.0484375 0.866667 0.05 0.863889 0.05 0.861111 0.0515625 0.858333 0.0515625 0.852778 0.053125 0.85 0.053125 0.838889 0.0546875 0.836111 0.0546875 0.827778 0.05625 0.825 0.0546875 0.822222 0.0546875 0.811111 0.053125 0.808333 0.053125 0.802778 0.0515625 0.8 0.0515625 0.797222 0.05 0.797222 0.046875 0.791667 0.046875 0.783333 0.348856
0 0.003125 0.527778 0.003125 0.580556 0.0203125 0.580556 0.0203125 0.541667 0.015625 0.541667 0.0140625 0.538889 0.0140625 0.527778 0.347389
0 0.503125 0.627778 0.503125 0.686111 0.509375 0.686111 0.5125 0.691667 0.5125 0.7 0.509375 0.705556 0.509375 0.713889 0.526563 0.713889 0.526563 0.705556 0.528125 0.702778 0.528125 0.7 0.529688 0.697222 0.529688 0.691667 0.534375 0.683333 0.534375 0.680556 0.540625 0.669444 0.545313 0.669444 0.545313 0.65 0.5375 0.65 0.535937 0.647222 0.534375 0.647222 0.53125 0.641667 0.529688 0.641667 0.528125 0.638889 0.528125 0.627778 0.346233
0 0.834375 0.905556 0.834375 1 0.914062 1 0.914062 0.983333 0.909375 0.983333 0.907812 0.980556 0.90625 0.980556 0.901563 0.972222 0.895312 0.972222 0.895312 0.975 0.89375 0.977778 0.89375 0.980556 0.890625 0.986111 0.885938 0.986111 0.884375 0.988889 0.882812 0.986111 0.882812 0.983333 0.88125 0.980556 0.88125 0.977778 0.882812 0.975 0.882812 0.966667 0.885938 0.961111 0.885938 0.95 0.8875 0.947222 0.8875 0.941667 0.889063 0.938889 0.889063 0.936111 0.89375 0.927778 0.903125 0.927778 0.904688 0.930556 0.914062 0.930556 0.914062 0.905556 0.90625 0.905556 0.90625 0.913889 0.901563 0.922222 0.898438 0.922222 0.896875 0.919444 0.889063 0.919444 0.8875 0.916667 0.8875 0.905556 0.34428
0 0.003125 0.95 0.003125 0.997222 0.015625 0.997222 0.0171875 0.994444 0.0578125 0.994444 0.0578125 0.986111 0.053125 0.986111 0.0390625 0.961111 0.0390625 0.95 0.324627
0 0.934375 0.95 0.934375 0.958333 0.929688 0.966667 0.928125 0.966667 0.926562 0.969444 0.923437 0.969444 0.921875 0.972222 0.915625 0.972222 0.915625 1 0.989062 1 0.989062 0.95 0.320834
0 0.0578125 0.816667 0.0578125 0.836111 0.05625 0.838889 0.05625 0.847222 0.0546875 0.85 0.0546875 0.852778 0.053125 0.855556 0.046875 0.855556 0.046875 0.925 0.0859375 0.925 0.0859375 0.916667 0.090625 0.908333 0.09375 0.908333 0.0953125 0.905556 0.101562 0.905556 0.103125 0.902778 0.104687 0.902778 0.104687 0.9 0.10625 0.897222 0.10625 0.891667 0.107813 0.888889 0.107813 0.886111 0.109375 0.883333 0.114063 0.883333 0.114063 0.830556 0.107813 0.830556 0.104687 0.825 0.104687 0.816667 0.320769
0 0.615625 0.872222 0.615625 0.933333 0.621875 0.933333 0.625 0.938889 0.625 0.947222 0.654688 0.947222 0.654688 0.936111 0.657812 0.930556 0.664062 0.930556 0.664062 0.886111 0.659375 0.886111 0.657812 0.883333 0.657812 0.872222 0.31869
0 0.890625 0.916667 0.890625 0.958333 0.896875 0.958333 0.9 0.963889 0.901563 0.963889 0.903125 0.966667 0.90625 0.966667 0.907812 0.969444 0.914062 0.969444 0.915625 0.972222 0.915625 0.980556 0.923437 0.980556 0.923437 0.972222 0.925 0.969444 0.929688 0.969444 0.93125 0.966667 0.934375 0.966667 0.935938 0.963889 0.9375 0.963889 0.9375 0.961111 0.939062 0.958333 0.945312 0.958333 0.945312 0.944444 0.939062 0.944444 0.935938 0.938889 0.934375 0.938889 0.932813 0.936111 0.93125 0.936111 0.929688 0.933333 0.928125 0.933333 0.923437 0.925 0.923437 0.916667 0.316239
0 0.164062 0.763889 0.164062 0.75 0.153125 0.75 0.151562 0.752778 0.146875 0.752778 0.145313 0.755556 0.139062 0.755556 0.1375 0.758333 0.139062 0.761111 0.142188 0.761111 0.14375 0.763889 0.164062 0.763889 0.164062 0.786111 0.15 0.786111 0.148438 0.788889 0.139062 0.788889 0.139062 0.791667 0.1375 0.794444 0.1375 0.8 0.135937 0.802778 0.135937 0.811111 0.1375 0.813889 0.134375 0.819444 0.13125 0.819444 0.128125 0.825 0.126563 0.822222 0.126563 0.816667 0.125 0.813889 0.125 0.794444 0.123438 0.791667 0.123438 0.758333 0.121875 0.758333 0.117188 0.75 0.117188 0.747222 0.114063 0.741667 0.114063 0.738889 0.1125 0.736111 0.1125 0.730556 0.109375 0.725 0.109375 0.722222 0.107813 0.719444 0.10625 0.719444 0.103125 0.713889 0.103125 0.705556 0.0703125 0.705556 0.0703125 0.713889 0.0671875 0.719444 0.059375 0.719444 0.059375 0.769444 0.065625 0.769444 0.0671875 0.772222 0.0671875 0.775 0.06875 0.777778 0.06875 0.780556 0.0765625 0.794444 0.0765625 0.797222 0.078125 0.797222 0.0828125 0.805556 0.0828125 0.808333 0.084375 0.811111 0.084375 0.813889 0.0859375 0.813889 0.0875 0.816667 0.0890625 0.816667 0.090625 0.819444 0.0921875 0.819444 0.09375 0.822222 0.096875 0.822222 0.0984375 0.825 0.101562 0.825 0.103125 0.827778 0.10625 0.827778 0.107813 0.830556 0.1125 0.830556 0.114063 0.833333 0.11875 0.833333 0.120312 0.830556 0.125 0.830556 0.128125 0.825 0.132812 0.833333 0.132812 0.836111 0.134375 0.838889 0.134375 0.847222 0.139062 0.847222 0.139062 0.836111 0.140625 0.833333 0.140625 0.830556 0.146875 0.819444 0.151562 0.819444 0.15625 0.811111 0.164062 0.811111 0.164062 0.786111 0.311799
0 0.982813 0.994444 0.982813 1 0.989062 1 0.989062 0.991667 0.984375 0.991667 0.982813 0.994444 0.940625 0.994444 0.939062 0.994444 0.9375 0.991667 0.932813 0.991667 0.93125 0.988889 0.929688 0.972222 0.93125 0.969444 0.9375 0.969444 0.939062 0.972222 0.942187 0.972222 0.94375 0.975 0.951563 0.975 0.953125 0.972222 0.954687 0.972222 0.957812 0.966667 0.959375 0.966667 0.960938 0.963889 0.964063 0.963889 0.967188 0.958333 0.96875 0.958333 0.970312 0.955556 0.973437 0.955556 0.975 0.952778 0.976562 0.952778 0.978125 0.95 0.978125 0.936111 0.976562 0.933333 0.975 0.933333 0.973437 0.930556 0.970312 0.930556 0.96875 0.927778 0.967188 0.927778 0.965625 0.925 0.965625 0.916667 0.957812 0.916667 0.957812 0.925 0.954687 0.930556 0.953125 0.930556 0.951563 0.933333 0.951563 0.936111 0.946875 0.944444 0.939062 0.944444 0.935938 0.938889 0.934375 0.938889 0.932813 0.936111 0.93125 0.936111 0.929688 0.933333 0.928125 0.933333 0.923437 0.925 0.923437 0.916667 0.890625 0.916667 0.890625 0.958333 0.896875 0.958333 0.901563 0.966667 0.904688 0.966667 0.90625 0.969444 0.907812 0.969444 0.909375 0.972222 0.9125 0.972222 0.914062 0.975 0.921875 0.975 0.923437 0.972222 0.929688 0.972222 0.93125 0.988889 0.901563 0.988889 0.9 0.986111 0.890625 0.986111 0.890625 1 0.940625 1 0.940625 0.994444 0.310206
0 0.771875 0.741667 0.773438 0.744444 0.773438 0.747222 0.775 0.75 0.775 0.752778 0.776563 0.755556 0.776563 0.758333 0.778125 0.761111 0.782812 0.761111 0.782812 0.727778 0.771875 0.727778 0.771875 0.741667 0.760938 0.744444 0.759375 0.741667 0.759375 0.727778 0.729688 0.727778 0.729688 0.736111 0.726562 0.741667 0.725 0.741667 0.720312 0.75 0.715625 0.75 0.715625 0.813889 0.721875 0.813889 0.729688 0.827778 0.729688 0.830556 0.734375 0.838889 0.7375 0.838889 0.739062 0.841667 0.742188 0.841667 0.74375 0.844444 0.746875 0.844444 0.75 0.85 0.75 0.858333 0.770312 0.858333 0.770312 0.847222 0.773438 0.841667 0.773438 0.838889 0.775 0.836111 0.775 0.830556 0.776563 0.827778 0.776563 0.813889 0.775 0.811111 0.775 0.805556 0.773438 0.802778 0.773438 0.8 0.771875 0.797222 0.771875 0.794444 0.770312 0.791667 0.770312 0.786111 0.76875 0.783333 0.76875 0.780556 0.767187 0.777778 0.767187 0.775 0.764063 0.769444 0.764063 0.766667 0.7625 0.763889 0.7625 0.755556 0.760938 0.752778 0.760938 0.744444 0.297738
0 0.315625 0.472222 0.315625 0.541667 0.321875 0.541667 0.323438 0.544444 0.325 0.544444 0.33125 0.555556 0.332812 0.555556 0.334375 0.558333 0.335938 0.558333 0.339063 0.563889 0.340625 0.563889 0.342187 0.566667 0.34375 0.566667 0.346875 0.572222 0.346875 0.580556 0.359375 0.580556 0.359375 0.572222 0.365625 0.561111 0.365625 0.555556 0.367188 0.552778 0.367188 0.525 0.36875 0.522222 0.36875 0.516667 0.371875 0.511111 0.376563 0.511111 0.376563 0.494444 0.371875 0.494444 0.364062 0.480556 0.364062 0.472222 0.272334
0 0.829687 0.819444 0.829687 0.827778 0.826563 0.833333 0.826563 0.836111 0.825 0.838889 0.825 0.841667 0.815625 0.858333 0.809375 0.858333 0.809375 0.913889 0.840625 0.913889 0.840625 0.902778 0.842188 0.9 0.84375 0.9 0.845312 0.897222 0.85 0.897222 0.851562 0.894444 0.859375 0.894444 0.860937 0.891667 0.864062 0.891667 0.865625 0.888889 0.870313 0.888889 0.870313 0.805556 0.848437 0.805556 0.848437 0.813889 0.846875 0.816667 0.845312 0.816667 0.84375 0.819444 0.829687 0.819444 0.826563 0.813889 0.826563 0.805556 0.809375 0.805556 0.809375 0.822222 0.815625 0.822222 0.817187 0.819444 0.81875 0.819444 0.820312 0.816667 0.825 0.816667 0.826563 0.813889 0.269097
0 0.732813 0.958333 0.732813 0.958333 0.721875 0.958333 0.714063 0.944444 0.714063 0.938889 0.717188 0.933333 0.720312 0.933333 0.721875 0.930556 0.723437 0.930556 0.725 0.927778 0.729688 0.927778 0.73125 0.925 0.740625 0.925 0.742188 0.922222 0.748438 0.922222 0.75 0.919444 0.751562 0.919444 0.753125 0.916667 0.75625 0.916667 0.757812 0.913889 0.759375 0.913889 0.760938 0.911111 0.7625 0.911111 0.764063 0.908333 0.764063 0.905556 0.765625 0.902778 0.765625 0.9 0.767187 0.897222 0.767187 0.894444 0.76875 0.891667 0.76875 0.886111 0.771875 0.880556 0.776563 0.880556 0.771875 0.880556 0.76875 0.875 0.767187 0.875 0.765625 0.872222 0.764063 0.872222 0.759375 0.863889 0.757812 0.863889 0.75625 0.861111 0.75625 0.85 0.709375 0.85 0.709375 0.858333 0.703125 0.869444 0.701563 0.869444 0.698438 0.875 0.696875 0.875 0.695312 0.877778 0.690625 0.877778 0.690625 0.936111 0.695312 0.936111 0.7 0.944444 0.701563 0.944444 0.703125 0.947222 0.70625 0.947222 0.707812 0.95 0.710938 0.95 0.714063 0.944444 0.721875 0.958333 0.721875 0.958333 0.262531
0 0.334375 0.45 0.334375 0.458333 0.332812 0.461111 0.332812 0.463889 0.33125 0.466667 0.329688 0.466667 0.328125 0.469444 0.326562 0.469444 0.325 0.472222 0.326562 0.475 0.346875 0.475 0.348437 0.477778 0.35625 0.477778 0.357812 0.480556 0.359375 0.480556 0.364062 0.488889 0.367188 0.488889 0.36875 0.491667 0.370313 0.491667 0.371875 0.494444 0.370313 0.497222 0.365625 0.497222 0.364062 0.5 0.360938 0.5 0.357812 0.505556 0.357812 0.508333 0.359375 0.511111 0.359375 0.513889 0.357812 0.516667 0.357812 0.519444 0.353125 0.527778 0.353125 0.536111 0.36875 0.536111 0.36875 0.525 0.370313 0.522222 0.373437 0.527778 0.373437 0.536111 0.414062 0.536111 0.414062 0.513889 0.407813 0.513889 0.40625 0.511111 0.404687 0.511111 0.403125 0.508333 0.396875 0.508333 0.395312 0.505556 0.395312 0.502778 0.396875 0.5 0.401563 0.5 0.401563 0.497222 0.403125 0.494444 0.403125 0.488889 0.404687 0.486111 0.404687 0.469444 0.403125 0.466667 0.403125 0.45 0.262227
0 0.153125 0.527778 0.153125 0.591667 0.159375 0.591667 0.164062 0.6 0.164062 0.602778 0.165625 0.605556 0.165625 0.613889 0.182812 0.613889 0.182812 0.591667 0.184375 0.588889 0.184375 0.583333 0.190625 0.572222 0.190625 0.569444 0.196875 0.558333 0.201562 0.558333 0.195312 0.558333 0.19375 0.555556 0.19375 0.552778 0.190625 0.547222 0.190625 0.544444 0.189063 0.544444 0.185937 0.538889 0.185937 0.527778 0.257217
0 0.646875 0.961111 0.646875 0.994444 0.65625 0.994444 0.657812 0.997222 0.665625 0.997222 0.667188 0.994444 0.720312 0.994444 0.720312 0.983333 0.714063 0.983333 0.709375 0.975 0.70625 0.975 0.704687 0.972222 0.695312 0.972222 0.69375 0.969444 0.69375 0.961111 0.253372
0 0.621875 0.616667 0.621875 0.625 0.617188 0.633333 0.610937 0.633333 0.609375 0.630556 0.60625 0.630556 0.6 0.641667 0.598437 0.641667 0.596875 0.644444 0.590625 0.644444 0.590625 0.661111 0.603125 0.661111 0.604688 0.663889 0.60625 0.663889 0.607813 0.666667 0.614062 0.666667 0.615625 0.669444 0.617188 0.669444 0.61875 0.672222 0.620313 0.672222 0.621875 0.675 0.623438 0.675 0.626562 0.680556 0.626562 0.683333 0.628125 0.683333 0.629687 0.686111 0.63125 0.686111 0.634375 0.691667 0.6375 0.691667 0.639063 0.694444 0.639063 0.702778 0.639063 0.691667 0.642187 0.686111 0.642187 0.683333 0.64375 0.680556 0.64375 0.666667 0.645312 0.663889 0.645312 0.661111 0.646875 0.658333 0.651563 0.658333 0.653125 0.655556 0.653125 0.652778 0.659375 0.641667 0.664062 0.641667 0.664062 0.630556 0.65625 0.630556 0.654688 0.627778 0.651563 0.627778 0.65 0.625 0.65 0.616667 0.252452
