0 0.225 0.605556 0.225 0.616667 0.207813 0.647222 0.207813 0.65 0.204688 0.655556 0.204688 0.658333 0.201562 0.663889 0.201562 0.666667 0.2 0.669444 0.2 0.675 0.198437 0.677778 0.198437 0.683333 0.196875 0.686111 0.196875 0.691667 0.195312 0.694444 0.195312 0.697222 0.192188 0.702778 0.190625 0.702778 0.185937 0.711111 0.184375 0.711111 0.18125 0.716667 0.179688 0.716667 0.176563 0.722222 0.175 0.722222 0.173438 0.725 0.171875 0.725 0.165625 0.736111 0.164062 0.736111 0.1625 0.738889 0.1625 0.747222 0.164062 0.75 0.167187 0.75 0.16875 0.747222 0.171875 0.747222 0.173438 0.75 0.18125 0.75 0.182812 0.752778 0.185937 0.752778 0.1875 0.755556 0.192188 0.755556 0.19375 0.752778 0.195312 0.752778 0.196875 0.75 0.196875 0.747222 0.198437 0.744444 0.2 0.744444 0.201562 0.741667 0.203125 0.741667 0.207813 0.733333 0.209375 0.733333 0.2125 0.727778 0.214062 0.727778 0.21875 0.719444 0.220313 0.719444 0.226562 0.708333 0.226562 0.705556 0.228125 0.702778 0.228125 0.694444 0.229687 0.691667 0.229687 0.680556 0.23125 0.677778 0.23125 0.675 0.234375 0.669444 0.235938 0.669444 0.239063 0.663889 0.240625 0.663889 0.242188 0.661111 0.242188 0.658333 0.248437 0.647222 0.248437 0.644444 0.251563 0.638889 0.251563 0.636111 0.253125 0.633333 0.253125 0.630556 0.254687 0.627778 0.254687 0.619444 0.253125 0.616667 0.253125 0.605556 0.762444
0 0.0328125 0.683333 0.0328125 0.694444 0.03125 0.697222 0.03125 0.7 0.028125 0.705556 0.028125 0.708333 0.0265625 0.711111 0.0265625 0.713889 0.0203125 0.725 0.01875 0.725 0.009375 0.741667 0.003125 0.741667 0.003125 0.780556 0.01875 0.780556 0.01875 0.772222 0.021875 0.766667 0.0234375 0.766667 0.028125 0.758333 0.03125 0.758333 0.0328125 0.755556 0.034375 0.755556 0.0375 0.75 0.0390625 0.75 0.0421875 0.744444 0.04375 0.744444 0.046875 0.738889 0.05 0.738889 0.0515625 0.736111 0.053125 0.736111 0.053125 0.733333 0.0546875 0.730556 0.0546875 0.722222 0.05625 0.719444 0.05625 0.711111 0.0578125 0.708333 0.0578125 0.705556 0.059375 0.702778 0.059375 0.7 0.0625 0.694444 0.0703125 0.694444 0.0703125 0.683333 0.709541
0 0.432813 0.883333 0.432813 0.880556 0.428125 0.880556 0.428125 0.883333 0.432813 0.883333 0.434375 0.9 0.432813 0.902778 0.428125 0.902778 0.428125 0.927778 0.434375 0.927778 0.439063 0.936111 0.439063 0.947222 0.467187 0.947222 0.467187 0.925 0.46875 0.922222 0.46875 0.886111 0.467187 0.883333 0.467187 0.877778 0.464063 0.872222 0.464063 0.861111 0.44375 0.861111 0.44375 0.891667 0.439063 0.9 0.434375 0.9 0.653335
0 0.028125 0.772222 0.028125 0.822222 0.0375 0.822222 0.0390625 0.825 0.046875 0.825 0.0484375 0.822222 0.05 0.822222 0.0515625 0.819444 0.0546875 0.819444 0.05625 0.816667 0.065625 0.816667 0.0671875 0.813889 0.0703125 0.813889 0.071875 0.811111 0.075 0.811111 0.0765625 0.808333 0.0859375 0.808333 0.0875 0.811111 0.0953125 0.811111 0.0953125 0.772222 0.623136
0 0.196875 0.905556 0.196875 0.958333 0.228125 0.958333 0.228125 0.947222 0.232812 0.938889 0.239063 0.938889 0.239063 0.919444 0.234375 0.919444 0.232812 0.922222 0.228125 0.922222 0.226562 0.919444 0.225 0.919444 0.223438 0.916667 0.223438 0.905556 0.615053
0 0.171875 0.972222 0.171875 1 0.179688 1 0.18125 0.997222 0.2 0.997222 0.201562 0.994444 0.217187 0.994444 0.21875 0.991667 0.226562 0.991667 0.226562 0.972222 0.563041
0 0.109375 0.872222 0.109375 0.880556 0.107813 0.883333 0.103125 0.883333 0.103125 0.919444 0.109375 0.919444 0.110937 0.922222 0.1125 0.922222 0.114063 0.925 0.115625 0.925 0.117188 0.922222 0.120312 0.922222 0.134375 0.897222 0.139062 0.897222 0.139062 0.872222 0.562645
0 0.396875 0.683333 0.396875 0.747222 0.421875 0.747222 0.421875 0.711111 0.423438 0.708333 0.423438 0.683333 0.536363
0 0.196875 0.861111 0.196875 0.9 0.201562 0.9 0.203125 0.902778 0.209375 0.902778 0.210938 0.905556 0.21875 0.905556 0.220313 0.908333 0.226562 0.908333 0.228125 0.905556 0.23125 0.905556 0.232812 0.902778 0.239063 0.902778 0.245312 0.891667 0.245312 0.886111 0.24375 0.883333 0.240625 0.883333 0.239063 0.880556 0.2375 0.880556 0.234375 0.875 0.234375 0.861111 0.530203
0 0.040625 0.905556 0.040625 0.963889 0.05 0.963889 0.0515625 0.961111 0.059375 0.961111 0.0609375 0.958333 0.0671875 0.958333 0.06875 0.955556 0.071875 0.955556 0.0734375 0.952778 0.078125 0.952778 0.0796875 0.95 0.0828125 0.95 0.084375 0.947222 0.0859375 0.947222 0.0890625 0.941667 0.090625 0.941667 0.09375 0.936111 0.09375 0.930556 0.0953125 0.927778 0.101562 0.927778 0.101562 0.905556 0.527642
0 0.371875 0.919444 0.371875 0.922222 0.370313 0.925 0.370313 0.927778 0.36875 0.930556 0.36875 0.936111 0.370313 0.938889 0.371875 0.938889 0.376563 0.930556 0.382812 0.930556 0.382812 0.916667 0.373437 0.916667 0.371875 0.919444 0.360938 0.908333 0.360938 0.905556 0.3625 0.902778 0.3625 0.9 0.364062 0.897222 0.364062 0.891667 0.3625 0.888889 0.3625 0.872222 0.342187 0.872222 0.342187 0.880556 0.3375 0.888889 0.3375 0.891667 0.335938 0.894444 0.335938 0.897222 0.332812 0.902778 0.328125 0.902778 0.328125 0.938889 0.35 0.938889 0.351562 0.936111 0.353125 0.936111 0.354688 0.933333 0.354688 0.927778 0.35625 0.925 0.35625 0.916667 0.357812 0.913889 0.357812 0.911111 0.359375 0.908333 0.360938 0.908333 0.524859
0 0.709375 0.95 0.709375 1 0.742188 1 0.742188 0.986111 0.74375 0.983333 0.742188 0.980556 0.742188 0.977778 0.740625 0.975 0.740625 0.969444 0.739062 0.966667 0.739062 0.95 0.522366
0 0.190625 0.827778 0.190625 0.866667 0.198437 0.866667 0.2 0.869444 0.203125 0.869444 0.204688 0.866667 0.210938 0.866667 0.2125 0.863889 0.215625 0.863889 0.217187 0.861111 0.226562 0.861111 0.226562 0.85 0.221875 0.85 0.220313 0.847222 0.21875 0.847222 0.214062 0.838889 0.214062 0.827778 0.513933
0 0.325 0.894444 0.326562 0.897222 0.326562 0.913889 0.332812 0.913889 0.332812 0.891667 0.326562 0.891667 0.325 0.894444 0.321875 0.888889 0.321875 0.883333 0.328125 0.872222 0.332812 0.872222 0.332812 0.858333 0.328125 0.858333 0.325 0.852778 0.325 0.838889 0.290625 0.838889 0.290625 0.847222 0.2875 0.852778 0.285937 0.852778 0.285937 0.855556 0.284375 0.858333 0.278125 0.858333 0.278125 0.913889 0.296875 0.913889 0.296875 0.905556 0.3 0.9 0.301562 0.9 0.303125 0.897222 0.304688 0.897222 0.307813 0.891667 0.309375 0.891667 0.310937 0.888889 0.3125 0.888889 0.314063 0.886111 0.31875 0.886111 0.320312 0.888889 0.321875 0.888889 0.511002
0 0.473437 0.816667 0.473437 0.825 0.470313 0.830556 0.46875 0.830556 0.467187 0.833333 0.459375 0.833333 0.459375 0.869444 0.464063 0.869444 0.465625 0.872222 0.465625 0.880556 0.484375 0.880556 0.484375 0.872222 0.492188 0.858333 0.49375 0.858333 0.498437 0.85 0.501562 0.85 0.504687 0.844444 0.504687 0.827778 0.503125 0.825 0.503125 0.816667 0.488119
0 0.384375 0.761111 0.384375 0.825 0.392188 0.825 0.392188 0.816667 0.395312 0.811111 0.414062 0.811111 0.417188 0.805556 0.417188 0.761111 0.485399
0 0.246875 0.872222 0.246875 0.922222 0.251563 0.922222 0.253125 0.925 0.253125 0.936111 0.273438 0.936111 0.273438 0.927778 0.278125 0.919444 0.279687 0.919444 0.282813 0.913889 0.289062 0.913889 0.284375 0.913889 0.282813 0.911111 0.282813 0.908333 0.28125 0.905556 0.28125 0.902778 0.279687 0.9 0.279687 0.872222 0.481541
0 0 0.772222 0 0.822222 0.0109375 0.822222 0.0125 0.825 0.0234375 0.825 0.0265625 0.819444 0.0265625 0.808333 0.028125 0.805556 0.028125 0.802778 0.0296875 0.8 0.0296875 0.797222 0.03125 0.794444 0.03125 0.791667 0.034375 0.786111 0.0390625 0.786111 0.0390625 0.772222 0.48123
0 0.296875 0.883333 0.296875 0.919444 0.301562 0.919444 0.3125 0.938889 0.3125 0.947222 0.326562 0.947222 0.326562 0.936111 0.328125 0.933333 0.328125 0.927778 0.329688 0.925 0.329688 0.922222 0.33125 0.919444 0.33125 0.908333 0.332812 0.905556 0.332812 0.902778 0.33125 0.9 0.33125 0.894444 0.329688 0.891667 0.329688 0.883333 0.477482
0 0.16875 0.861111 0.16875 0.875 0.167187 0.877778 0.167187 0.880556 0.165625 0.883333 0.165625 0.886111 0.164062 0.888889 0.164062 0.891667 0.1625 0.894444 0.1625 0.897222 0.157813 0.905556 0.153125 0.905556 0.153125 0.947222 0.175 0.947222 0.175 0.938889 0.176563 0.936111 0.178125 0.936111 0.179688 0.938889 0.179688 0.947222 0.190625 0.947222 0.190625 0.938889 0.192188 0.936111 0.192188 0.933333 0.19375 0.930556 0.19375 0.925 0.198437 0.916667 0.2 0.916667 0.201562 0.913889 0.207813 0.913889 0.203125 0.913889 0.201562 0.911111 0.201562 0.905556 0.2 0.902778 0.2 0.897222 0.198437 0.894444 0.198437 0.883333 0.196875 0.880556 0.196875 0.877778 0.195312 0.875 0.195312 0.872222 0.19375 0.869444 0.19375 0.861111 0.470084
0 0.451562 0.866667 0.457812 0.866667 0.457812 0.85 0.451562 0.85 0.451562 0.866667 0.445312 0.866667 0.44375 0.863889 0.44375 0.861111 0.442187 0.858333 0.442187 0.85 0.420312 0.85 0.420312 0.861111 0.417188 0.866667 0.417188 0.869444 0.407813 0.886111 0.403125 0.886111 0.403125 0.925 0.415625 0.925 0.415625 0.916667 0.420312 0.908333 0.426562 0.908333 0.429688 0.902778 0.43125 0.902778 0.432813 0.9 0.434375 0.9 0.435937 0.897222 0.439063 0.897222 0.44375 0.888889 0.44375 0.886111 0.445312 0.883333 0.445312 0.866667 0.466666
0 0.084375 0.583333 0.084375 0.594444 0.08125 0.6 0.0796875 0.6 0.06875 0.619444 0.06875 0.622222 0.059375 0.638889 0.053125 0.638889 0.053125 0.680556 0.0671875 0.680556 0.0671875 0.672222 0.06875 0.669444 0.06875 0.666667 0.0703125 0.663889 0.071875 0.663889 0.0734375 0.661111 0.0765625 0.661111 0.078125 0.658333 0.078125 0.655556 0.084375 0.644444 0.084375 0.641667 0.09375 0.625 0.09375 0.622222 0.0984375 0.613889 0.0984375 0.611111 0.10625 0.597222 0.107813 0.597222 0.109375 0.594444 0.114063 0.594444 0.114063 0.583333 0.466295
0 0.239063 0.827778 0.239063 0.836111 0.2375 0.838889 0.2375 0.841667 0.234375 0.847222 0.228125 0.847222 0.228125 0.85 0.232812 0.85 0.246875 0.875 0.25625 0.875 0.257812 0.872222 0.260938 0.872222 0.2625 0.869444 0.270312 0.869444 0.270312 0.827778 0.46514
0 0.0671875 0.805556 0.0671875 0.813889 0.065625 0.816667 0.0640625 0.816667 0.0625 0.819444 0.0578125 0.819444 0.05625 0.822222 0.053125 0.822222 0.0515625 0.825 0.05 0.825 0.0484375 0.827778 0.040625 0.827778 0.040625 0.858333 0.05 0.858333 0.0515625 0.861111 0.053125 0.861111 0.059375 0.872222 0.059375 0.880556 0.0671875 0.880556 0.0671875 0.872222 0.071875 0.863889 0.0734375 0.863889 0.075 0.861111 0.078125 0.861111 0.0796875 0.863889 0.08125 0.863889 0.084375 0.869444 0.084375 0.880556 0.090625 0.880556 0.090625 0.872222 0.096875 0.861111 0.096875 0.858333 0.0984375 0.855556 0.0984375 0.852778 0.1 0.85 0.1 0.847222 0.103125 0.841667 0.107813 0.841667 0.107813 0.805556 0.459172
0 0.4 0.683333 0.4 0.697222 0.398438 0.7 0.398438 0.702778 0.396875 0.705556 0.390625 0.705556 0.390625 0.769444 0.398438 0.769444 0.398438 0.758333 0.4 0.755556 0.401563 0.755556 0.403125 0.752778 0.407813 0.752778 0.409375 0.755556 0.410937 0.755556 0.414062 0.761111 0.414062 0.769444 0.415625 0.769444 0.415625 0.761111 0.41875 0.755556 0.420312 0.755556 0.420312 0.75 0.421875 0.747222 0.421875 0.711111 0.423438 0.708333 0.423438 0.683333 0.450755
0 0.390625 0.816667 0.390625 0.838889 0.409375 0.838889 0.410937 0.841667 0.4125 0.841667 0.415625 0.847222 0.417188 0.847222 0.420312 0.852778 0.428125 0.852778 0.429688 0.85 0.440625 0.85 0.442187 0.852778 0.448438 0.852778 0.45 0.855556 0.45625 0.855556 0.457812 0.852778 0.457812 0.847222 0.45625 0.844444 0.45625 0.838889 0.454688 0.836111 0.453125 0.836111 0.451562 0.833333 0.446875 0.833333 0.445312 0.830556 0.44375 0.830556 0.440625 0.825 0.440625 0.816667 0.446193
0 0.465625 0.883333 0.465625 0.938889 0.471875 0.938889 0.478125 0.95 0.478125 0.958333 0.492188 0.958333 0.492188 0.95 0.495313 0.944444 0.496875 0.944444 0.498437 0.941667 0.5 0.941667 0.501562 0.938889 0.503125 0.938889 0.504687 0.936111 0.504687 0.916667 0.50625 0.913889 0.50625 0.905556 0.509375 0.9 0.514063 0.9 0.514063 0.883333 0.437579
0 0.509375 0.894444 0.509375 0.941667 0.515625 0.941667 0.517187 0.938889 0.521875 0.938889 0.523438 0.936111 0.526563 0.936111 0.529688 0.930556 0.53125 0.930556 0.53125 0.927778 0.532812 0.925 0.532812 0.916667 0.53125 0.913889 0.53125 0.911111 0.529688 0.908333 0.529688 0.905556 0.528125 0.902778 0.528125 0.894444 0.436117
0 0.2375 0.783333 0.2375 0.794444 0.234375 0.8 0.228125 0.8 0.228125 0.822222 0.239063 0.822222 0.240625 0.825 0.24375 0.825 0.245312 0.827778 0.253125 0.827778 0.254687 0.830556 0.257812 0.830556 0.259375 0.833333 0.2625 0.833333 0.264062 0.836111 0.264062 0.847222 0.264062 0.838889 0.270312 0.827778 0.273438 0.827778 0.275 0.825 0.276563 0.825 0.278125 0.822222 0.279687 0.822222 0.282813 0.816667 0.289062 0.816667 0.284375 0.816667 0.279687 0.808333 0.279687 0.805556 0.278125 0.802778 0.276563 0.802778 0.275 0.8 0.271875 0.8 0.270312 0.797222 0.26875 0.797222 0.265625 0.791667 0.265625 0.783333 0.430013
0 0.975 0.938889 0.975 0.947222 0.970312 0.955556 0.965625 0.955556 0.965625 1 0.971875 1 0.971875 0.991667 0.973437 0.988889 0.975 0.988889 0.976562 0.986111 0.979688 0.986111 0.98125 0.988889 0.982813 0.988889 0.985937 0.994444 0.985937 1 0.998438 1 0.998438 0.938889 0.426598
0 0.165625 0.772222 0.165625 0.805556 0.171875 0.805556 0.173438 0.808333 0.184375 0.808333 0.185937 0.811111 0.189063 0.811111 0.190625 0.813889 0.192188 0.813889 0.19375 0.816667 0.204688 0.816667 0.20625 0.813889 0.207813 0.813889 0.209375 0.811111 0.215625 0.811111 0.21875 0.805556 0.21875 0.8 0.220313 0.797222 0.220313 0.783333 0.21875 0.780556 0.21875 0.772222 0.179688 0.772222 0.179688 0.780556 0.176563 0.786111 0.173438 0.780556 0.173438 0.772222 0.426164
0 0.49375 0.85 0.49375 0.858333 0.492188 0.861111 0.492188 0.863889 0.490625 0.866667 0.490625 0.869444 0.4875 0.875 0.485938 0.875 0.484375 0.877778 0.48125 0.877778 0.479688 0.880556 0.475 0.880556 0.473437 0.877778 0.465625 0.877778 0.465625 0.938889 0.471875 0.938889 0.478125 0.95 0.478125 0.958333 0.492188 0.958333 0.492188 0.95 0.495313 0.944444 0.496875 0.944444 0.498437 0.941667 0.501562 0.941667 0.503125 0.938889 0.504687 0.938889 0.504687 0.916667 0.50625 0.913889 0.50625 0.897222 0.504687 0.894444 0.504687 0.891667 0.507812 0.886111 0.5125 0.894444 0.520312 0.894444 0.520312 0.85 0.423508
0 0.003125 0.55 0.003125 0.602778 0.0109375 0.602778 0.0109375 0.594444 0.0171875 0.583333 0.01875 0.583333 0.0203125 0.580556 0.021875 0.580556 0.0234375 0.577778 0.025 0.577778 0.0265625 0.575 0.028125 0.575 0.0296875 0.572222 0.0328125 0.572222 0.0375 0.563889 0.0375 0.561111 0.0390625 0.558333 0.0390625 0.55 0.410925
0 0.0609375 0.894444 0.0609375 0.902778 0.0578125 0.908333 0.0546875 0.908333 0.053125 0.911111 0.0515625 0.911111 0.05 0.913889 0.0484375 0.913889 0.046875 0.916667 0.040625 0.916667 0.040625 0.969444 0.065625 0.969444 0.065625 0.961111 0.06875 0.955556 0.071875 0.955556 0.0734375 0.952778 0.078125 0.952778 0.0796875 0.95 0.0828125 0.95 0.084375 0.947222 0.0859375 0.947222 0.0890625 0.941667 0.090625 0.941667 0.09375 0.936111 0.09375 0.933333 0.1 0.922222 0.101562 0.922222 0.103125 0.919444 0.107813 0.919444 0.107813 0.908333 0.103125 0.908333 0.101562 0.905556 0.101562 0.894444 0.405706
0 0.059375 0.883333 0.059375 0.925 0.107813 0.925 0.107813 0.908333 0.103125 0.908333 0.101562 0.905556 0.101562 0.902778 0.1 0.9 0.1 0.897222 0.0984375 0.894444 0.0984375 0.883333 0.405363
0 0.332812 0.783333 0.332812 0.805556 0.329688 0.811111 0.328125 0.811111 0.326562 0.813889 0.315625 0.813889 0.315625 0.838889 0.321875 0.838889 0.323438 0.841667 0.325 0.841667 0.329688 0.85 0.329688 0.858333 0.34375 0.858333 0.34375 0.838889 0.346875 0.833333 0.348437 0.833333 0.35 0.830556 0.353125 0.830556 0.354688 0.827778 0.35625 0.827778 0.357812 0.825 0.359375 0.825 0.3625 0.819444 0.364062 0.819444 0.365625 0.816667 0.378125 0.816667 0.379687 0.819444 0.38125 0.819444 0.382812 0.822222 0.382812 0.825 0.384375 0.827778 0.389062 0.827778 0.389062 0.816667 0.384375 0.816667 0.38125 0.811111 0.38125 0.805556 0.379687 0.802778 0.376563 0.802778 0.375 0.8 0.36875 0.8 0.367188 0.797222 0.365625 0.797222 0.3625 0.791667 0.3625 0.783333 0.404992
0 0.584375 0.527778 0.584375 0.555556 0.590625 0.555556 0.592188 0.552778 0.635938 0.552778 0.6375 0.555556 0.651563 0.555556 0.653125 0.558333 0.657812 0.558333 0.659375 0.561111 0.659375 0.569444 0.679688 0.569444 0.679688 0.558333 0.68125 0.555556 0.689062 0.555556 0.689062 0.527778 0.403797
0 0.640625 0.227778 0.640625 0.236111 0.64375 0.236111 0.645312 0.238889 0.651563 0.238889 0.653125 0.241667 0.65625 0.241667 0.657812 0.244444 0.659375 0.244444 0.660937 0.247222 0.660937 0.25 0.664062 0.255556 0.664062 0.258333 0.665625 0.261111 0.665625 0.272222 0.654688 0.291667 0.653125 0.291667 0.646875 0.302778 0.645312 0.302778 0.642187 0.308333 0.640625 0.308333 0.6375 0.313889 0.635938 0.313889 0.632812 0.319444 0.63125 0.319444 0.626562 0.327778 0.625 0.327778 0.621875 0.333333 0.620313 0.333333 0.61875 0.336111 0.617188 0.336111 0.614062 0.341667 0.6125 0.341667 0.60625 0.352778 0.60625 0.355556 0.604688 0.358333 0.604688 0.361111 0.603125 0.363889 0.601562 0.363889 0.595312 0.375 0.59375 0.375 0.592188 0.377778 0.584375 0.377778 0.584375 0.444444 0.589063 0.444444 0.592188 0.45 0.59375 0.45 0.596875 0.455556 0.604688 0.455556 0.60625 0.452778 0.607813 0.452778 0.609375 0.45 0.610937 0.45 0.6125 0.447222 0.614062 0.447222 0.615625 0.444444 0.61875 0.444444 0.620313 0.441667 0.628125 0.441667 0.629687 0.438889 0.635938 0.438889 0.6375 0.441667 0.64375 0.441667 0.645312 0.444444 0.65 0.444444 0.651563 0.447222 0.657812 0.447222 0.659375 0.45 0.671875 0.45 0.673437 0.452778 0.678125 0.452778 0.679688 0.45 0.685938 0.45 0.6875 0.447222 0.695312 0.447222 0.696875 0.45 0.7 0.45 0.701563 0.452778 0.704687 0.452778 0.707812 0.458333 0.709375 0.458333 0.710938 0.461111 0.710938 0.469444 0.732813 0.469444 0.732813 0.461111 0.735937 0.455556 0.807813 0.455556 0.809375 0.458333 0.817187 0.458333 0.81875 0.455556 0.873438 0.455556 0.875 0.452778 0.904688 0.452778 0.90625 0.455556 0.917188 0.455556 0.91875 0.458333 0.928125 0.458333 0.929688 0.461111 0.929688 0.469444 0.98125 0.469444 0.98125 0.461111 0.984375 0.455556 0.985937 0.455556 0.995313 0.438889 0.998438 0.438889 0.998438 0.258333 0.99375 0.258333 0.992188 0.261111 0.982813 0.261111 0.979688 0.266667 0.971875 0.266667 0.970312 0.269444 0.964063 0.269444 0.9625 0.272222 0.954687 0.272222 0.953125 0.275 0.951563 0.275 0.95 0.272222 0.942187 0.272222 0.940625 0.269444 0.928125 0.269444 0.926562 0.266667 0.910937 0.266667 0.909375 0.263889 0.867188 0.263889 0.865625 0.266667 0.817187 0.266667 0.815625 0.263889 0.798437 0.263889 0.796875 0.261111 0.785937 0.261111 0.784375 0.258333 0.773438 0.258333 0.771875 0.255556 0.75625 0.255556 0.754687 0.252778 0.74375 0.252778 0.742188 0.25 0.729688 0.25 0.728125 0.247222 0.717188 0.247222 0.715625 0.244444 0.709375 0.244444 0.707812 0.241667 0.698438 0.241667 0.695312 0.236111 0.695312 0.227778 0.398718
0 0.003125 0.772222 0.003125 0.825 0.0109375 0.825 0.0125 0.827778 0.0125 0.836111 0.0234375 0.836111 0.0234375 0.827778 0.0265625 0.822222 0.028125 0.822222 0.0296875 0.819444 0.0296875 0.816667 0.03125 0.813889 0.03125 0.811111 0.0328125 0.808333 0.0359375 0.813889 0.0359375 0.825 0.034375 0.827778 0.034375 0.836111 0.0421875 0.836111 0.0421875 0.827778 0.0453125 0.822222 0.0484375 0.822222 0.05 0.819444 0.053125 0.819444 0.0546875 0.816667 0.059375 0.816667 0.0609375 0.813889 0.0703125 0.813889 0.0703125 0.772222 0.398154
0 0.778125 0.961111 0.778125 0.997222 0.789062 0.997222 0.790625 0.994444 0.803125 0.994444 0.804688 0.997222 0.83125 0.997222 0.832812 0.994444 0.839063 0.994444 0.839063 0.988889 0.832812 0.988889 0.826563 0.977778 0.823438 0.977778 0.81875 0.969444 0.81875 0.961111 0.395061
0 0.517187 0.827778 0.517187 0.836111 0.514063 0.841667 0.504687 0.841667 0.503125 0.844444 0.501562 0.844444 0.498437 0.85 0.496875 0.85 0.489062 0.863889 0.489062 0.866667 0.485938 0.872222 0.485938 0.875 0.482812 0.880556 0.478125 0.880556 0.484375 0.880556 0.485938 0.883333 0.490625 0.883333 0.492188 0.886111 0.49375 0.886111 0.495313 0.888889 0.496875 0.888889 0.5 0.894444 0.5 0.902778 0.515625 0.902778 0.515625 0.891667 0.51875 0.886111 0.520312 0.886111 0.521875 0.883333 0.523438 0.883333 0.526563 0.877778 0.528125 0.877778 0.53125 0.872222 0.539062 0.872222 0.539062 0.838889 0.534375 0.838889 0.532812 0.836111 0.532812 0.827778 0.39153
0 0.51875 0.827778 0.51875 0.838889 0.517187 0.841667 0.510938 0.841667 0.509375 0.844444 0.504687 0.844444 0.503125 0.847222 0.501562 0.847222 0.498437 0.852778 0.496875 0.852778 0.492188 0.861111 0.490625 0.861111 0.490625 0.863889 0.484375 0.875 0.479688 0.875 0.478125 0.877778 0.476562 0.875 0.475 0.875 0.471875 0.869444 0.467187 0.869444 0.46875 0.872222 0.46875 0.875 0.470313 0.877778 0.470313 0.922222 0.46875 0.925 0.46875 0.936111 0.470313 0.936111 0.471875 0.938889 0.473437 0.938889 0.478125 0.947222 0.478125 0.958333 0.492188 0.958333 0.492188 0.95 0.496875 0.941667 0.5 0.941667 0.501562 0.938889 0.503125 0.938889 0.503125 0.922222 0.504687 0.919444 0.504687 0.908333 0.50625 0.905556 0.50625 0.902778 0.509375 0.897222 0.510938 0.897222 0.5125 0.894444 0.517187 0.894444 0.51875 0.891667 0.520312 0.891667 0.521875 0.888889 0.523438 0.888889 0.523438 0.886111 0.525 0.883333 0.525 0.880556 0.526563 0.877778 0.526563 0.875 0.528125 0.872222 0.529688 0.872222 0.53125 0.869444 0.532812 0.869444 0.534375 0.866667 0.539062 0.866667 0.539062 0.844444 0.534375 0.844444 0.53125 0.838889 0.53125 0.827778 0.391073
0 0.420312 0.85 0.420312 0.861111 0.417188 0.866667 0.417188 0.869444 0.415625 0.872222 0.409375 0.872222 0.409375 0.905556 0.417188 0.905556 0.41875 0.902778 0.421875 0.902778 0.423438 0.905556 0.43125 0.905556 0.439063 0.891667 0.440625 0.894444 0.440625 0.897222 0.442187 0.9 0.442187 0.905556 0.440625 0.908333 0.4375 0.908333 0.435937 0.911111 0.435937 0.925 0.440625 0.933333 0.440625 0.947222 0.465625 0.947222 0.465625 0.936111 0.467187 0.933333 0.467187 0.925 0.46875 0.922222 0.46875 0.883333 0.467187 0.880556 0.467187 0.877778 0.464063 0.872222 0.464063 0.869444 0.459375 0.861111 0.459375 0.85 0.389605
0 0.621875 0.905556 0.621875 0.938889 0.628125 0.938889 0.629687 0.941667 0.63125 0.941667 0.632812 0.944444 0.634375 0.944444 0.6375 0.95 0.639063 0.95 0.640625 0.952778 0.642187 0.952778 0.64375 0.955556 0.651563 0.955556 0.659375 0.969444 0.659375 0.980556 0.676562 0.980556 0.676562 0.936111 0.665625 0.936111 0.660937 0.927778 0.660937 0.925 0.659375 0.922222 0.659375 0.919444 0.657812 0.916667 0.657812 0.905556 0.384702
0 0.21875 0.616667 0.21875 0.627778 0.207813 0.647222 0.207813 0.65 0.201562 0.661111 0.196875 0.661111 0.196875 0.702778 0.228125 0.702778 0.228125 0.688889 0.229687 0.686111 0.229687 0.677778 0.2375 0.663889 0.239063 0.663889 0.246875 0.65 0.246875 0.647222 0.25 0.641667 0.25 0.638889 0.251563 0.636111 0.257812 0.636111 0.257812 0.616667 0.376843
0 0.371875 0.838889 0.371875 0.852778 0.378125 0.852778 0.379687 0.855556 0.379687 0.861111 0.378125 0.863889 0.371875 0.863889 0.371875 0.902778 0.378125 0.902778 0.382812 0.894444 0.390625 0.908333 0.39375 0.908333 0.395312 0.911111 0.396875 0.908333 0.398438 0.908333 0.398438 0.905556 0.4 0.902778 0.4 0.9 0.401563 0.897222 0.401563 0.894444 0.404687 0.888889 0.404687 0.886111 0.415625 0.866667 0.415625 0.863889 0.417188 0.861111 0.417188 0.855556 0.4125 0.847222 0.4125 0.838889 0.369239
0 0.328125 0.783333 0.328125 0.836111 0.345313 0.836111 0.345313 0.827778 0.346875 0.825 0.348437 0.825 0.35 0.822222 0.354688 0.822222 0.35625 0.819444 0.357812 0.819444 0.359375 0.816667 0.382812 0.816667 0.384375 0.819444 0.384375 0.836111 0.389062 0.836111 0.389062 0.816667 0.382812 0.816667 0.38125 0.813889 0.38125 0.805556 0.379687 0.802778 0.378125 0.802778 0.376563 0.8 0.370313 0.8 0.36875 0.797222 0.365625 0.797222 0.3625 0.791667 0.3625 0.783333 0.368493
0 0.1 0.783333 0.1 0.791667 0.120312 0.791667 0.120312 0.780556 0.101562 0.780556 0.1 0.783333 0.0890625 0.783333 0.0875 0.783333 0.0859375 0.780556 0.084375 0.780556 0.0796875 0.772222 0.0828125 0.766667 0.0875 0.766667 0.0890625 0.763889 0.0921875 0.763889 0.09375 0.761111 0.0953125 0.761111 0.096875 0.758333 0.101562 0.758333 0.104687 0.752778 0.104687 0.75 0.109375 0.741667 0.109375 0.738889 0.110937 0.736111 0.110937 0.727778 0.0921875 0.727778 0.0921875 0.738889 0.0890625 0.744444 0.0875 0.744444 0.0859375 0.747222 0.084375 0.747222 0.0828125 0.75 0.0828125 0.752778 0.0796875 0.758333 0.071875 0.758333 0.071875 0.791667 0.0890625 0.791667 0.0890625 0.783333 0.368133
0 0.157813 0.816667 0.157813 0.825 0.154687 0.830556 0.146875 0.830556 0.146875 0.880556 0.173438 0.880556 0.173438 0.869444 0.176563 0.863889 0.178125 0.863889 0.18125 0.858333 0.182812 0.858333 0.184375 0.855556 0.184375 0.852778 0.185937 0.85 0.185937 0.844444 0.1875 0.841667 0.1875 0.833333 0.190625 0.827778 0.19375 0.827778 0.195312 0.830556 0.201562 0.830556 0.201562 0.816667 0.356073
0 0.559375 0.883333 0.559375 0.938889 0.571875 0.938889 0.573438 0.941667 0.584375 0.941667 0.585938 0.944444 0.592188 0.944444 0.598437 0.933333 0.601562 0.933333 0.603125 0.930556 0.604688 0.930556 0.60625 0.927778 0.607813 0.927778 0.609375 0.925 0.614062 0.925 0.614062 0.883333 0.34796
0 0.553125 0.527778 0.553125 0.558333 0.573438 0.558333 0.575 0.555556 0.592188 0.555556 0.59375 0.552778 0.635938 0.552778 0.6375 0.555556 0.651563 0.555556 0.653125 0.558333 0.667188 0.558333 0.66875 0.561111 0.671875 0.561111 0.673437 0.558333 0.682813 0.558333 0.682813 0.527778 0.343865
0 0.296875 0.805556 0.296875 0.836111 0.309375 0.836111 0.310937 0.838889 0.320312 0.838889 0.321875 0.841667 0.323438 0.841667 0.328125 0.85 0.328125 0.852778 0.329688 0.855556 0.329688 0.869444 0.342187 0.869444 0.342187 0.855556 0.34375 0.852778 0.34375 0.844444 0.351562 0.830556 0.353125 0.830556 0.354688 0.827778 0.35625 0.827778 0.357812 0.825 0.359375 0.825 0.359375 0.822222 0.3625 0.816667 0.370313 0.816667 0.371875 0.813889 0.382812 0.813889 0.382812 0.805556 0.342305
0 0.334375 0.794444 0.334375 0.802778 0.329688 0.811111 0.328125 0.811111 0.326562 0.813889 0.315625 0.813889 0.314063 0.811111 0.3125 0.811111 0.310937 0.808333 0.303125 0.808333 0.301562 0.811111 0.296875 0.811111 0.296875 0.836111 0.309375 0.836111 0.310937 0.838889 0.320312 0.838889 0.321875 0.841667 0.323438 0.841667 0.325 0.844444 0.326562 0.844444 0.328125 0.847222 0.328125 0.85 0.329688 0.852778 0.329688 0.858333 0.33125 0.861111 0.33125 0.869444 0.342187 0.869444 0.342187 0.847222 0.34375 0.844444 0.34375 0.841667 0.348437 0.833333 0.35 0.833333 0.353125 0.827778 0.354688 0.827778 0.35625 0.825 0.357812 0.825 0.3625 0.816667 0.371875 0.816667 0.373437 0.813889 0.382812 0.813889 0.382812 0.794444 0.33579
0 0.190625 0.516667 0.190625 0.530556 0.201562 0.530556 0.203125 0.533333 0.223438 0.533333 0.225 0.536111 0.23125 0.536111 0.232812 0.538889 0.265625 0.538889 0.267188 0.541667 0.273438 0.541667 0.275 0.544444 0.276563 0.544444 0.279687 0.55 0.279687 0.558333 0.290625 0.558333 0.290625 0.547222 0.292188 0.544444 0.29375 0.544444 0.295312 0.541667 0.304688 0.541667 0.30625 0.538889 0.326562 0.538889 0.326562 0.516667 0.32731
0 0.185937 0.961111 0.185937 0.969444 0.182812 0.975 0.18125 0.975 0.179688 0.977778 0.171875 0.977778 0.171875 1 0.179688 1 0.18125 0.997222 0.2 0.997222 0.201562 0.994444 0.232812 0.994444 0.232812 0.980556 0.226562 0.980556 0.225 0.977778 0.223438 0.977778 0.221875 0.975 0.220313 0.975 0.21875 0.972222 0.21875 0.961111 0.321266
0 0.551562 0.855556 0.553125 0.858333 0.557813 0.858333 0.557813 0.847222 0.551562 0.847222 0.551562 0.855556 0.5375 0.852778 0.535937 0.85 0.535937 0.844444 0.532812 0.838889 0.532812 0.827778 0.517187 0.827778 0.517187 0.836111 0.514063 0.841667 0.50625 0.841667 0.504687 0.844444 0.503125 0.844444 0.5 0.85 0.498437 0.85 0.496875 0.852778 0.495313 0.852778 0.490625 0.861111 0.484375 0.861111 0.484375 0.886111 0.490625 0.886111 0.492188 0.888889 0.49375 0.888889 0.496875 0.894444 0.496875 0.902778 0.514063 0.902778 0.514063 0.894444 0.51875 0.886111 0.520312 0.886111 0.521875 0.883333 0.523438 0.883333 0.528125 0.875 0.529688 0.875 0.53125 0.872222 0.534375 0.872222 0.535937 0.869444 0.539062 0.869444 0.5375 0.866667 0.5375 0.852778 0.319264
0 0.165625 0.505556 0.165625 0.530556 0.201562 0.530556 0.203125 0.533333 0.221875 0.533333 0.225 0.538889 0.225 0.547222 0.289062 0.547222 0.289062 0.522222 0.28125 0.522222 0.279687 0.519444 0.276563 0.519444 0.275 0.516667 0.275 0.505556 0.312911
0 0.140625 0.816667 0.140625 0.880556 0.173438 0.880556 0.173438 0.869444 0.179688 0.858333 0.182812 0.858333 0.184375 0.855556 0.184375 0.852778 0.185937 0.85 0.185937 0.838889 0.1875 0.836111 0.1875 0.830556 0.189063 0.827778 0.189063 0.816667 0.154687 0.816667 0.154687 0.825 0.153125 0.827778 0.151562 0.827778 0.15 0.825 0.15 0.816667 0.312294
0 0.171875 0.972222 0.171875 1 0.179688 1 0.18125 0.997222 0.198437 0.997222 0.2 0.994444 0.226562 0.994444 0.228125 0.991667 0.229687 0.991667 0.228125 0.988889 0.228125 0.986111 0.226562 0.983333 0.226562 0.972222 0.310748
0 0.715625 0.538889 0.715625 0.561111 0.746875 0.561111 0.748438 0.563889 0.773438 0.563889 0.775 0.561111 0.795313 0.561111 0.795313 0.538889 0.308161
0 0.276563 0.816667 0.276563 0.825 0.273438 0.830556 0.271875 0.830556 0.270312 0.833333 0.265625 0.833333 0.265625 0.880556 0.278125 0.880556 0.278125 0.872222 0.289062 0.852778 0.290625 0.852778 0.29375 0.847222 0.29375 0.844444 0.296875 0.838889 0.301562 0.838889 0.301562 0.830556 0.296875 0.830556 0.295312 0.827778 0.295312 0.816667 0.308066
0 0.196875 0.683333 0.196875 0.691667 0.19375 0.697222 0.19375 0.7 0.190625 0.705556 0.189063 0.705556 0.185937 0.711111 0.184375 0.711111 0.18125 0.716667 0.179688 0.716667 0.176563 0.722222 0.175 0.722222 0.173438 0.725 0.171875 0.725 0.167187 0.733333 0.159375 0.733333 0.159375 0.769444 0.16875 0.769444 0.16875 0.761111 0.170312 0.758333 0.173438 0.758333 0.175 0.755556 0.178125 0.755556 0.18125 0.761111 0.18125 0.769444 0.190625 0.769444 0.190625 0.752778 0.196875 0.741667 0.198437 0.741667 0.2 0.738889 0.203125 0.738889 0.20625 0.733333 0.207813 0.733333 0.209375 0.730556 0.210938 0.730556 0.2125 0.727778 0.214062 0.727778 0.21875 0.719444 0.220313 0.719444 0.226562 0.708333 0.232812 0.708333 0.232812 0.683333 0.305612
0 0.090625 0.783333 0.090625 0.802778 0.0953125 0.802778 0.096875 0.805556 0.0984375 0.805556 0.1 0.808333 0.129688 0.808333 0.13125 0.805556 0.132812 0.805556 0.134375 0.802778 0.135937 0.805556 0.146875 0.805556 0.146875 0.802778 0.148438 0.8 0.148438 0.783333 0.301884
0 0.984375 0.75 0.984375 0.8 0.990625 0.8 0.995313 0.808333 0.995313 0.811111 0.996875 0.813889 0.996875 0.825 0.998438 0.825 0.998438 0.75 0.301301
0 0.346875 0.872222 0.346875 0.938889 0.359375 0.938889 0.360938 0.941667 0.36875 0.941667 0.370313 0.938889 0.373437 0.938889 0.375 0.936111 0.376563 0.936111 0.376563 0.933333 0.379687 0.927778 0.38125 0.927778 0.384375 0.922222 0.384375 0.919444 0.385938 0.916667 0.3875 0.916667 0.389062 0.913889 0.389062 0.908333 0.3875 0.905556 0.3875 0.902778 0.379687 0.888889 0.379687 0.883333 0.378125 0.880556 0.378125 0.872222 0.301016
0 0.521875 0.872222 0.521875 0.905556 0.526563 0.905556 0.529688 0.911111 0.532812 0.911111 0.534375 0.913889 0.542188 0.913889 0.54375 0.911111 0.548437 0.911111 0.55 0.908333 0.553125 0.908333 0.554688 0.905556 0.557813 0.905556 0.557813 0.902778 0.56875 0.883333 0.576563 0.883333 0.576563 0.872222 0.297796
0 0.034375 0.183333 0.034375 0.413889 0.040625 0.413889 0.0421875 0.416667 0.0671875 0.416667 0.06875 0.413889 0.08125 0.413889 0.0828125 0.416667 0.0953125 0.416667 0.096875 0.419444 0.117188 0.419444 0.11875 0.416667 0.134375 0.416667 0.135937 0.419444 0.140625 0.419444 0.142188 0.422222 0.14375 0.422222 0.145313 0.425 0.164062 0.425 0.165625 0.427778 0.184375 0.427778 0.185937 0.425 0.196875 0.425 0.198437 0.427778 0.204688 0.427778 0.20625 0.430556 0.226562 0.430556 0.228125 0.433333 0.239063 0.433333 0.240625 0.436111 0.246875 0.436111 0.248437 0.438889 0.3 0.438889 0.301562 0.441667 0.303125 0.441667 0.304688 0.438889 0.309375 0.438889 0.310937 0.441667 0.31875 0.441667 0.320312 0.444444 0.323438 0.444444 0.325 0.447222 0.332812 0.447222 0.334375 0.45 0.345313 0.45 0.346875 0.447222 0.35625 0.447222 0.357812 0.45 0.4375 0.45 0.439063 0.452778 0.489062 0.452778 0.490625 0.45 0.496875 0.45 0.498437 0.452778 0.507812 0.452778 0.509375 0.455556 0.515625 0.455556 0.517187 0.458333 0.521875 0.458333 0.523438 0.461111 0.523438 0.469444 0.528125 0.469444 0.528125 0.461111 0.53125 0.455556 0.532812 0.455556 0.532812 0.452778 0.534375 0.45 0.534375 0.447222 0.535937 0.444444 0.535937 0.436111 0.5375 0.433333 0.5375 0.430556 0.539062 0.427778 0.539062 0.422222 0.540625 0.419444 0.540625 0.408333 0.542188 0.405556 0.542188 0.394444 0.54375 0.391667 0.54375 0.388889 0.545313 0.386111 0.589063 0.386111 0.590625 0.383333 0.59375 0.383333 0.596875 0.377778 0.603125 0.377778 0.610937 0.363889 0.6125 0.363889 0.615625 0.358333 0.629687 0.358333 0.63125 0.361111 0.632812 0.361111 0.634375 0.363889 0.635938 0.363889 0.6375 0.361111 0.639063 0.361111 0.640625 0.363889 0.640625 0.372222 0.639063 0.375 0.632812 0.375 0.63125 0.377778 0.63125 0.380556 0.626562 0.388889 0.626562 0.391667 0.625 0.394444 0.623438 0.394444 0.621875 0.397222 0.60625 0.397222 0.603125 0.391667 0.6 0.397222 0.598437 0.397222 0.596875 0.4 0.595312 0.4 0.595312 0.402778 0.59375 0.405556 0.59375 0.411111 0.592188 0.413889 0.592188 0.419444 0.590625 0.422222 0.590625 0.441667 0.59375 0.447222 0.595312 0.447222 0.596875 0.45 0.598437 0.45 0.6 0.452778 0.604688 0.452778 0.60625 0.45 0.609375 0.45 0.610937 0.447222 0.6125 0.447222 0.615625 0.441667 0.617188 0.441667 0.61875 0.438889 0.64375 0.438889 0.645312 0.441667 0.651563 0.441667 0.653125 0.444444 0.660937 0.444444 0.6625 0.447222 0.675 0.447222 0.676562 0.45 0.678125 0.45 0.679688 0.447222 0.689062 0.447222 0.690625 0.444444 0.692187 0.444444 0.69375 0.441667 0.703125 0.441667 0.704687 0.444444 0.704687 0.447222 0.707812 0.447222 0.709375 0.45 0.710938 0.45 0.7125 0.452778 0.714063 0.452778 0.715625 0.455556 0.728125 0.455556 0.729688 0.452778 0.73125 0.452778 0.732813 0.45 0.739062 0.45 0.739062 0.372222 0.732813 0.372222 0.73125 0.375 0.721875 0.375 0.720312 0.377778 0.71875 0.377778 0.717188 0.380556 0.7125 0.380556 0.707812 0.372222 0.707812 0.369444 0.709375 0.366667 0.709375 0.361111 0.7125 0.355556 0.714063 0.355556 0.715625 0.352778 0.717188 0.352778 0.71875 0.355556 0.721875 0.355556 0.723437 0.352778 0.73125 0.352778 0.732813 0.355556 0.739062 0.355556 0.739062 0.247222 0.732813 0.247222 0.73125 0.244444 0.729688 0.244444 0.728125 0.241667 0.726562 0.241667 0.725 0.238889 0.723437 0.238889 0.721875 0.236111 0.720312 0.236111 0.71875 0.233333 0.715625 0.233333 0.7125 0.227778 0.709375 0.227778 0.707812 0.225 0.698438 0.225 0.696875 0.222222 0.678125 0.222222 0.676562 0.225 0.626562 0.225 0.625 0.222222 0.6125 0.222222 0.610937 0.219444 0.601562 0.219444 0.6 0.216667 0.592188 0.216667 0.590625 0.213889 0.582812 0.213889 0.58125 0.211111 0.573438 0.211111 0.571875 0.208333 0.565625 0.208333 0.564062 0.205556 0.553125 0.205556 0.551562 0.202778 0.529688 0.202778 0.528125 0.205556 0.509375 0.205556 0.507812 0.208333 0.496875 0.208333 0.495313 0.211111 0.49375 0.211111 0.492188 0.213889 0.489062 0.213889 0.4875 0.216667 0.482812 0.216667 0.48125 0.219444 0.476562 0.219444 0.475 0.222222 0.454688 0.222222 0.453125 0.225 0.451562 0.225 0.45 0.222222 0.425 0.222222 0.423438 0.219444 0.401563 0.219444 0.4 0.216667 0.384375 0.216667 0.382812 0.213889 0.38125 0.216667 0.375 0.216667 0.373437 0.213889 0.365625 0.213889 0.364062 0.211111 0.3125 0.211111 0.310937 0.208333 0.303125 0.208333 0.301562 0.205556 0.3 0.205556 0.298438 0.202778 0.296875 0.202778 0.295312 0.2 0.289062 0.2 0.2875 0.197222 0.285937 0.197222 0.282813 0.191667 0.282813 0.183333 0.296917
0 0.603125 0.527778 0.603125 0.552778 0.635938 0.552778 0.6375 0.555556 0.651563 0.555556 0.653125 0.558333 0.657812 0.558333 0.659375 0.561111 0.659375 0.569444 0.679688 0.569444 0.679688 0.561111 0.682813 0.555556 0.690625 0.555556 0.692187 0.552778 0.698438 0.552778 0.7 0.55 0.707812 0.55 0.707812 0.527778 0.295313
0 0 0.505556 0 0.536111 0.03125 0.536111 0.03125 0.527778 0.034375 0.522222 0.0375 0.527778 0.0375 0.536111 0.0453125 0.536111 0.0453125 0.505556 0.291746
0 0.215625 0.516667 0.215625 0.533333 0.221875 0.533333 0.223438 0.536111 0.23125 0.536111 0.232812 0.538889 0.265625 0.538889 0.267188 0.541667 0.271875 0.541667 0.273438 0.544444 0.276563 0.544444 0.279687 0.55 0.279687 0.558333 0.289062 0.558333 0.289062 0.516667 0.290039
0 0.003125 0.55 0.003125 0.597222 0.0078125 0.597222 0.009375 0.594444 0.0109375 0.594444 0.015625 0.586111 0.0203125 0.586111 0.0203125 0.55 0.289536
0 0.384375 0.805556 0.384375 0.833333 0.390625 0.833333 0.392188 0.836111 0.395312 0.836111 0.396875 0.838889 0.407813 0.838889 0.409375 0.841667 0.410937 0.841667 0.4125 0.844444 0.414062 0.844444 0.417188 0.85 0.417188 0.858333 0.445312 0.858333 0.445312 0.825 0.439063 0.825 0.4375 0.822222 0.435937 0.822222 0.432813 0.816667 0.432813 0.805556 0.288984
0 0.390625 0.894444 0.390625 0.916667 0.426562 0.916667 0.428125 0.913889 0.428125 0.911111 0.432813 0.902778 0.439063 0.902778 0.439063 0.861111 0.415625 0.861111 0.415625 0.869444 0.414062 0.872222 0.414062 0.875 0.404687 0.891667 0.403125 0.891667 0.401563 0.894444 0.390625 0.894444 0.390625 0.877778 0.395312 0.877778 0.396875 0.875 0.396875 0.861111 0.390625 0.861111 0.390625 0.877778 0.287839
0 0.346875 0.827778 0.346875 0.863889 0.354688 0.863889 0.35625 0.866667 0.360938 0.866667 0.364062 0.872222 0.364062 0.880556 0.367188 0.880556 0.367188 0.872222 0.364062 0.866667 0.364062 0.858333 0.365625 0.855556 0.367188 0.855556 0.36875 0.852778 0.371875 0.852778 0.373437 0.855556 0.375 0.855556 0.376563 0.858333 0.376563 0.866667 0.373437 0.872222 0.373437 0.880556 0.385938 0.880556 0.385938 0.869444 0.3875 0.866667 0.390625 0.866667 0.39375 0.872222 0.39375 0.880556 0.414062 0.880556 0.414062 0.872222 0.415625 0.869444 0.420312 0.869444 0.420312 0.85 0.414062 0.85 0.4125 0.847222 0.410937 0.847222 0.409375 0.844444 0.40625 0.844444 0.404687 0.841667 0.401563 0.841667 0.4 0.838889 0.398438 0.838889 0.396875 0.836111 0.396875 0.827778 0.287332
0 0.415625 0.861111 0.415625 0.872222 0.401563 0.897222 0.396875 0.897222 0.396875 0.925 0.426562 0.925 0.426562 0.913889 0.428125 0.911111 0.428125 0.908333 0.432813 0.9 0.434375 0.9 0.435937 0.897222 0.439063 0.897222 0.440625 0.894444 0.445312 0.894444 0.445312 0.861111 0.280683
0 0.346875 0.838889 0.346875 0.869444 0.353125 0.869444 0.354688 0.872222 0.354688 0.880556 0.38125 0.880556 0.38125 0.872222 0.384375 0.866667 0.385938 0.866667 0.389062 0.861111 0.395312 0.861111 0.395312 0.838889 0.276788
0 0.142188 0.758333 0.140625 0.755556 0.139062 0.758333 0.139062 0.761111 0.1375 0.763889 0.1375 0.780556 0.140625 0.780556 0.140625 0.772222 0.142188 0.769444 0.142188 0.758333 0.164062 0.747222 0.167187 0.752778 0.192188 0.752778 0.19375 0.75 0.195312 0.75 0.201562 0.738889 0.203125 0.738889 0.204688 0.736111 0.20625 0.736111 0.209375 0.730556 0.210938 0.730556 0.2125 0.727778 0.214062 0.727778 0.21875 0.719444 0.220313 0.719444 0.226562 0.708333 0.226562 0.705556 0.228125 0.702778 0.228125 0.688889 0.229687 0.686111 0.229687 0.677778 0.235938 0.666667 0.2375 0.666667 0.239063 0.663889 0.240625 0.663889 0.242188 0.661111 0.242188 0.658333 0.25 0.644444 0.25 0.641667 0.251563 0.638889 0.257812 0.638889 0.257812 0.605556 0.225 0.605556 0.225 0.616667 0.214062 0.636111 0.214062 0.638889 0.207813 0.65 0.207813 0.652778 0.204688 0.658333 0.204688 0.661111 0.201562 0.666667 0.201562 0.672222 0.2 0.675 0.2 0.683333 0.198437 0.686111 0.198437 0.688889 0.195312 0.694444 0.195312 0.697222 0.192188 0.702778 0.190625 0.702778 0.189063 0.705556 0.189063 0.708333 0.1875 0.711111 0.185937 0.711111 0.182812 0.716667 0.18125 0.716667 0.179688 0.719444 0.178125 0.719444 0.175 0.725 0.171875 0.725 0.170312 0.727778 0.170312 0.730556 0.167187 0.736111 0.165625 0.736111 0.164062 0.738889 0.164062 0.747222 0.275444
0 0.003125 0.505556 0.003125 0.569444 0.009375 0.569444 0.009375 0.558333 0.0140625 0.55 0.015625 0.55 0.021875 0.538889 0.0234375 0.538889 0.025 0.536111 0.028125 0.536111 0.034375 0.525 0.0359375 0.527778 0.0359375 0.530556 0.0375 0.533333 0.0390625 0.533333 0.040625 0.536111 0.0453125 0.536111 0.0453125 0.505556 0.268455
0 0.339063 0.891667 0.342187 0.897222 0.342187 0.9 0.34375 0.902778 0.34375 0.911111 0.342187 0.913889 0.342187 0.916667 0.34375 0.919444 0.34375 0.922222 0.345313 0.925 0.345313 0.927778 0.346875 0.930556 0.351562 0.930556 0.351562 0.883333 0.339063 0.883333 0.339063 0.891667 0.33125 0.897222 0.328125 0.891667 0.328125 0.883333 0.309375 0.883333 0.309375 0.938889 0.317187 0.938889 0.31875 0.941667 0.321875 0.941667 0.323438 0.938889 0.325 0.938889 0.329688 0.930556 0.329688 0.925 0.33125 0.922222 0.33125 0.919444 0.332812 0.916667 0.332812 0.902778 0.33125 0.9 0.33125 0.897222 0.268443
0 0.985937 0.916667 0.985937 0.925 0.978125 0.938889 0.978125 0.941667 0.976562 0.944444 0.975 0.944444 0.970312 0.952778 0.965625 0.952778 0.965625 0.988889 0.971875 0.988889 0.973437 0.986111 0.975 0.986111 0.976562 0.983333 0.978125 0.983333 0.979688 0.986111 0.98125 0.986111 0.982813 0.988889 0.984375 0.988889 0.9875 0.994444 0.9875 1 0.998438 1 0.998438 0.916667 0.265056
0 0.128125 0.805556 0.128125 0.816667 0.126563 0.819444 0.125 0.819444 0.125 0.822222 0.123438 0.825 0.123438 0.827778 0.120312 0.833333 0.115625 0.833333 0.115625 0.852778 0.120312 0.852778 0.121875 0.855556 0.121875 0.858333 0.125 0.863889 0.126563 0.863889 0.128125 0.866667 0.129688 0.863889 0.132812 0.863889 0.134375 0.861111 0.140625 0.861111 0.146875 0.872222 0.146875 0.880556 0.170312 0.880556 0.170312 0.869444 0.171875 0.866667 0.171875 0.863889 0.173438 0.861111 0.175 0.861111 0.176563 0.858333 0.178125 0.858333 0.179688 0.855556 0.182812 0.855556 0.184375 0.852778 0.184375 0.841667 0.185937 0.838889 0.185937 0.822222 0.184375 0.819444 0.184375 0.816667 0.182812 0.813889 0.182812 0.805556 0.259565
0 0.0421875 0.661111 0.0421875 0.672222 0.0328125 0.688889 0.0328125 0.691667 0.03125 0.694444 0.03125 0.7 0.028125 0.705556 0.021875 0.705556 0.021875 0.725 0.034375 0.725 0.034375 0.716667 0.040625 0.705556 0.04375 0.705556 0.0453125 0.708333 0.046875 0.708333 0.0515625 0.716667 0.0515625 0.725 0.053125 0.725 0.053125 0.713889 0.059375 0.702778 0.059375 0.7 0.0625 0.694444 0.0640625 0.694444 0.065625 0.691667 0.065625 0.688889 0.0671875 0.686111 0.0671875 0.683333 0.06875 0.680556 0.06875 0.661111 0.259068
0 0.003125 0.538889 0.003125 0.591667 0.01875 0.591667 0.01875 0.580556 0.021875 0.575 0.0234375 0.575 0.025 0.572222 0.0296875 0.572222 0.03125 0.569444 0.034375 0.569444 0.034375 0.566667 0.0375 0.561111 0.0375 0.538889 0.254169
0 0.346875 0.827778 0.346875 0.861111 0.354688 0.861111 0.35625 0.863889 0.359375 0.863889 0.360938 0.861111 0.360938 0.858333 0.365625 0.85 0.373437 0.85 0.375 0.852778 0.376563 0.852778 0.38125 0.861111 0.379687 0.863889 0.379687 0.866667 0.378125 0.869444 0.38125 0.875 0.382812 0.875 0.3875 0.883333 0.3875 0.886111 0.389062 0.888889 0.389062 0.902778 0.4 0.902778 0.4 0.894444 0.414062 0.869444 0.414062 0.866667 0.417188 0.861111 0.417188 0.852778 0.415625 0.85 0.414062 0.85 0.4125 0.847222 0.410937 0.847222 0.407813 0.841667 0.404687 0.841667 0.403125 0.838889 0.401563 0.838889 0.4 0.836111 0.4 0.827778 0.25397
