0 0.040625 0.705556 0.040625 0.716667 0.0390625 0.719444 0.0375 0.719444 0.0328125 0.727778 0.0328125 0.730556 0.03125 0.733333 0.03125 0.736111 0.0265625 0.744444 0.025 0.744444 0.0234375 0.747222 0.021875 0.747222 0.01875 0.752778 0.0171875 0.752778 0.0140625 0.758333 0.0125 0.758333 0.0109375 0.761111 0.0078125 0.761111 0.0046875 0.766667 0.0046875 0.769444 0.003125 0.772222 0.003125 0.780556 0.00625 0.786111 0.00625 0.791667 0.009375 0.797222 0.0109375 0.797222 0.0140625 0.802778 0.0140625 0.816667 0.009375 0.825 0.0078125 0.825 0.0078125 0.836111 0.0078125 0.833333 0.0125 0.825 0.0140625 0.825 0.0140625 0.822222 0.01875 0.813889 0.021875 0.813889 0.021875 0.811111 0.0234375 0.808333 0.025 0.808333 0.0265625 0.805556 0.028125 0.805556 0.0296875 0.802778 0.0296875 0.8 0.03125 0.797222 0.0328125 0.797222 0.0359375 0.791667 0.0375 0.791667 0.040625 0.786111 0.0421875 0.786111 0.04375 0.783333 0.046875 0.783333 0.0578125 0.763889 0.059375 0.763889 0.0609375 0.761111 0.0625 0.761111 0.0640625 0.758333 0.065625 0.758333 0.078125 0.736111 0.078125 0.730556 0.0796875 0.727778 0.0796875 0.705556 0.844732
0 0.326562 0.916667 0.326562 0.925 0.334375 0.925 0.334375 0.916667 0.326562 0.916667 0.321875 0.9 0.323438 0.897222 0.342187 0.897222 0.34375 0.9 0.345313 0.9 0.346875 0.902778 0.35 0.902778 0.351562 0.905556 0.351562 0.908333 0.353125 0.911111 0.353125 0.913889 0.357812 0.913889 0.357812 0.85 0.309375 0.85 0.309375 0.861111 0.307813 0.863889 0.303125 0.863889 0.303125 0.925 0.309375 0.925 0.309375 0.913889 0.3125 0.908333 0.3125 0.905556 0.314063 0.902778 0.315625 0.902778 0.317187 0.9 0.321875 0.9 0.835071
0 0.329688 0.738889 0.329688 0.75 0.328125 0.752778 0.328125 0.755556 0.326562 0.758333 0.326562 0.761111 0.325 0.763889 0.325 0.766667 0.320312 0.775 0.315625 0.775 0.315625 0.808333 0.321875 0.808333 0.325 0.802778 0.328125 0.802778 0.329688 0.8 0.3375 0.8 0.339063 0.797222 0.345313 0.797222 0.346875 0.794444 0.354688 0.794444 0.35625 0.791667 0.359375 0.791667 0.3625 0.786111 0.364062 0.786111 0.364062 0.783333 0.365625 0.780556 0.365625 0.775 0.367188 0.772222 0.367188 0.766667 0.36875 0.763889 0.36875 0.75 0.367188 0.747222 0.367188 0.738889 0.833681
0 0.314063 0.838889 0.314063 0.85 0.3125 0.852778 0.3125 0.855556 0.309375 0.861111 0.303125 0.861111 0.303125 0.913889 0.309375 0.913889 0.309375 0.905556 0.3125 0.9 0.317187 0.9 0.31875 0.897222 0.329688 0.897222 0.33125 0.894444 0.335938 0.894444 0.3375 0.897222 0.345313 0.897222 0.346875 0.9 0.351562 0.9 0.353125 0.897222 0.353125 0.866667 0.354688 0.863889 0.354688 0.861111 0.35625 0.858333 0.35625 0.838889 0.819528
0 0.295312 0.938889 0.295312 0.95 0.29375 0.952778 0.29375 0.955556 0.292188 0.958333 0.292188 0.961111 0.289062 0.966667 0.284375 0.966667 0.284375 0.997222 0.292188 0.997222 0.29375 0.994444 0.3375 0.994444 0.339063 0.991667 0.340625 0.991667 0.340625 0.980556 0.342187 0.977778 0.342187 0.958333 0.34375 0.955556 0.34375 0.952778 0.346875 0.947222 0.351562 0.947222 0.351562 0.938889 0.791621
0 0.309375 0.894444 0.309375 0.902778 0.304688 0.911111 0.303125 0.911111 0.3 0.916667 0.3 0.919444 0.298438 0.922222 0.290625 0.922222 0.290625 0.958333 0.298438 0.958333 0.298438 0.95 0.301562 0.944444 0.304688 0.944444 0.30625 0.941667 0.309375 0.941667 0.310937 0.938889 0.325 0.938889 0.326562 0.941667 0.33125 0.941667 0.332812 0.944444 0.334375 0.944444 0.3375 0.95 0.3375 0.958333 0.345313 0.958333 0.345313 0.947222 0.346875 0.944444 0.346875 0.941667 0.348437 0.938889 0.348437 0.933333 0.35 0.930556 0.35 0.925 0.353125 0.919444 0.357812 0.919444 0.357812 0.894444 0.785557
0 0.342187 0.672222 0.342187 0.686111 0.339063 0.691667 0.339063 0.697222 0.335938 0.702778 0.335938 0.705556 0.334375 0.708333 0.328125 0.708333 0.328125 0.741667 0.332812 0.741667 0.334375 0.738889 0.339063 0.738889 0.340625 0.736111 0.35625 0.736111 0.357812 0.738889 0.3625 0.738889 0.364062 0.741667 0.371875 0.741667 0.371875 0.738889 0.373437 0.736111 0.373437 0.727778 0.375 0.725 0.375 0.719444 0.376563 0.716667 0.376563 0.711111 0.378125 0.708333 0.382812 0.708333 0.382812 0.697222 0.378125 0.697222 0.376563 0.694444 0.376563 0.691667 0.373437 0.686111 0.371875 0.686111 0.36875 0.680556 0.36875 0.672222 0.757691
0 0.553125 0.85 0.553125 0.925 0.592188 0.925 0.592188 0.916667 0.590625 0.913889 0.582812 0.913889 0.58125 0.911111 0.579687 0.911111 0.578125 0.908333 0.565625 0.908333 0.564062 0.905556 0.564062 0.902778 0.565625 0.9 0.575 0.9 0.576563 0.902778 0.578125 0.902778 0.579687 0.9 0.584375 0.9 0.585938 0.897222 0.596875 0.897222 0.598437 0.9 0.6 0.9 0.601562 0.902778 0.604688 0.902778 0.60625 0.905556 0.609375 0.905556 0.6125 0.9 0.6125 0.897222 0.614062 0.894444 0.614062 0.891667 0.6125 0.888889 0.6125 0.886111 0.610937 0.883333 0.610937 0.880556 0.609375 0.877778 0.609375 0.866667 0.607813 0.863889 0.607813 0.85 0.723455
0 0.5625 0.816667 0.5625 0.825 0.557813 0.833333 0.553125 0.833333 0.553125 0.880556 0.560938 0.880556 0.560938 0.869444 0.564062 0.863889 0.565625 0.863889 0.567187 0.861111 0.573438 0.861111 0.575 0.858333 0.576563 0.858333 0.578125 0.861111 0.603125 0.861111 0.604688 0.863889 0.607813 0.863889 0.607813 0.861111 0.609375 0.858333 0.609375 0.844444 0.607813 0.841667 0.607813 0.830556 0.60625 0.827778 0.60625 0.816667 0.71668
0 0.553125 0.894444 0.553125 0.961111 0.559375 0.961111 0.560938 0.958333 0.5625 0.958333 0.5625 0.952778 0.560938 0.95 0.560938 0.936111 0.565625 0.927778 0.584375 0.927778 0.585938 0.930556 0.589063 0.930556 0.590625 0.933333 0.592188 0.933333 0.59375 0.936111 0.595312 0.936111 0.598437 0.941667 0.6 0.941667 0.601562 0.944444 0.603125 0.944444 0.604688 0.947222 0.601562 0.952778 0.596875 0.952778 0.595312 0.955556 0.590625 0.955556 0.589063 0.958333 0.5875 0.958333 0.590625 0.958333 0.592188 0.961111 0.6 0.961111 0.601562 0.963889 0.604688 0.963889 0.60625 0.961111 0.609375 0.961111 0.610937 0.958333 0.610937 0.927778 0.609375 0.925 0.609375 0.913889 0.607813 0.911111 0.607813 0.908333 0.60625 0.908333 0.603125 0.902778 0.603125 0.894444 0.715399
0 0.559375 0.638889 0.559375 0.647222 0.557813 0.65 0.553125 0.65 0.553125 0.686111 0.559375 0.686111 0.560938 0.688889 0.575 0.688889 0.576563 0.691667 0.58125 0.691667 0.582812 0.694444 0.585938 0.694444 0.5875 0.691667 0.601562 0.691667 0.603125 0.688889 0.603125 0.638889 0.71226
0 0.859375 0.977778 0.854688 0.977778 0.853125 0.980556 0.846875 0.980556 0.846875 0.988889 0.853125 0.988889 0.854688 0.991667 0.85625 0.991667 0.857813 0.994444 0.857813 1 0.857813 0.991667 0.859375 0.988889 0.859375 0.977778 0.875 0.958333 0.876562 0.961111 0.878125 0.961111 0.882812 0.969444 0.882812 0.972222 0.884375 0.975 0.892187 0.975 0.89375 0.972222 0.920313 0.972222 0.921875 0.975 0.926562 0.975 0.928125 0.977778 0.929688 0.977778 0.935938 0.988889 0.9375 0.988889 0.939062 0.991667 0.940625 0.991667 0.942187 0.988889 0.94375 0.988889 0.94375 0.986111 0.945312 0.983333 0.945312 0.980556 0.942187 0.975 0.942187 0.969444 0.940625 0.966667 0.940625 0.963889 0.939062 0.961111 0.939062 0.958333 0.934375 0.95 0.934375 0.947222 0.923437 0.927778 0.923437 0.925 0.921875 0.922222 0.921875 0.919444 0.915625 0.908333 0.915625 0.905556 0.914062 0.902778 0.914062 0.9 0.9125 0.897222 0.9125 0.894444 0.909375 0.888889 0.909375 0.886111 0.90625 0.880556 0.904688 0.880556 0.903125 0.877778 0.898438 0.877778 0.896875 0.875 0.889063 0.875 0.8875 0.872222 0.89375 0.85 0.896875 0.85 0.896875 0.847222 0.895312 0.844444 0.89375 0.847222 0.89375 0.85 0.8875 0.872222 0.884375 0.872222 0.882812 0.869444 0.88125 0.869444 0.879687 0.866667 0.876562 0.866667 0.875 0.863889 0.864062 0.863889 0.8625 0.861111 0.860937 0.861111 0.859375 0.858333 0.860937 0.855556 0.860937 0.852778 0.8625 0.85 0.853125 0.85 0.851562 0.852778 0.846875 0.852778 0.846875 0.886111 0.851562 0.886111 0.854688 0.891667 0.854688 0.894444 0.85625 0.897222 0.85625 0.9 0.857813 0.902778 0.857813 0.905556 0.859375 0.908333 0.859375 0.911111 0.860937 0.913889 0.860937 0.916667 0.867188 0.927778 0.867188 0.933333 0.86875 0.936111 0.86875 0.938889 0.870313 0.941667 0.870313 0.944444 0.871875 0.947222 0.871875 0.95 0.875 0.955556 0.875 0.958333 0.71118
0 0.35625 0.616667 0.35625 0.627778 0.354688 0.630556 0.354688 0.633333 0.353125 0.636111 0.346875 0.636111 0.346875 0.680556 0.395312 0.680556 0.395312 0.616667 0.710581
0 0.309375 0.794444 0.309375 0.847222 0.370313 0.847222 0.370313 0.794444 0.706509
0 0.284375 0.972222 0.284375 0.997222 0.289062 0.997222 0.290625 0.994444 0.298438 0.994444 0.3 0.997222 0.332812 0.997222 0.334375 0.994444 0.345313 0.994444 0.345313 0.972222 0.674808
0 0.309375 0.827778 0.309375 0.880556 0.353125 0.880556 0.353125 0.863889 0.354688 0.861111 0.354688 0.852778 0.357812 0.847222 0.357812 0.844444 0.359375 0.841667 0.359375 0.838889 0.360938 0.836111 0.360938 0.827778 0.658096
0 0.440625 0.561111 0.440625 0.586111 0.45 0.586111 0.451562 0.588889 0.459375 0.588889 0.460938 0.586111 0.467187 0.586111 0.46875 0.588889 0.485938 0.588889 0.4875 0.591667 0.490625 0.591667 0.492188 0.594444 0.492188 0.602778 0.510938 0.602778 0.510938 0.594444 0.514063 0.588889 0.515625 0.588889 0.515625 0.586111 0.517187 0.583333 0.517187 0.580556 0.51875 0.577778 0.51875 0.561111 0.650664
0 0.546875 0.961111 0.546875 1 0.60625 1 0.60625 0.980556 0.607813 0.977778 0.607813 0.975 0.609375 0.972222 0.614062 0.972222 0.614062 0.961111 0.625247
0 0.559375 0.683333 0.559375 0.727778 0.565625 0.727778 0.56875 0.733333 0.570312 0.733333 0.573438 0.738889 0.573438 0.747222 0.607813 0.747222 0.607813 0.733333 0.609375 0.730556 0.609375 0.719444 0.610937 0.716667 0.610937 0.713889 0.609375 0.711111 0.609375 0.705556 0.604688 0.697222 0.603125 0.697222 0.6 0.691667 0.6 0.683333 0.617829
0 0.553125 0.894444 0.553125 0.958333 0.559375 0.958333 0.559375 0.936111 0.565625 0.925 0.584375 0.925 0.585938 0.927778 0.589063 0.927778 0.590625 0.930556 0.59375 0.930556 0.595312 0.933333 0.598437 0.933333 0.601562 0.938889 0.603125 0.938889 0.607813 0.947222 0.609375 0.947222 0.609375 0.944444 0.610937 0.941667 0.610937 0.933333 0.609375 0.930556 0.609375 0.908333 0.607813 0.905556 0.607813 0.894444 0.612989
0 0.559375 0.738889 0.559375 0.813889 0.56875 0.813889 0.56875 0.805556 0.570312 0.802778 0.571875 0.802778 0.573438 0.8 0.578125 0.8 0.579687 0.797222 0.590625 0.797222 0.592188 0.8 0.59375 0.8 0.595312 0.802778 0.595312 0.813889 0.609375 0.813889 0.609375 0.758333 0.607813 0.755556 0.607813 0.738889 0.583403
0 0.415625 0.55 0.415625 0.586111 0.4375 0.586111 0.439063 0.583333 0.440625 0.583333 0.442187 0.586111 0.45625 0.586111 0.457812 0.588889 0.465625 0.588889 0.467187 0.586111 0.46875 0.586111 0.470313 0.583333 0.471875 0.583333 0.473437 0.586111 0.476562 0.586111 0.478125 0.588889 0.5 0.588889 0.501562 0.591667 0.504687 0.591667 0.50625 0.594444 0.50625 0.602778 0.509375 0.602778 0.509375 0.594444 0.5125 0.588889 0.514063 0.588889 0.515625 0.586111 0.520312 0.586111 0.520312 0.563889 0.514063 0.563889 0.510938 0.558333 0.510938 0.55 0.48125 0.55 0.48125 0.563889 0.482812 0.563889 0.484375 0.566667 0.484375 0.572222 0.482812 0.575 0.476562 0.575 0.475 0.572222 0.471875 0.572222 0.46875 0.566667 0.46875 0.563889 0.467187 0.561111 0.467187 0.55 0.572207
0 0.551562 0.991667 0.551562 0.983333 0.546875 0.983333 0.546875 0.991667 0.551562 0.991667 0.620313 0.975 0.620313 0.991667 0.614062 0.991667 0.614062 0.980556 0.615625 0.969444 0.620313 0.969444 0.620313 0.952778 0.615625 0.952778 0.6125 0.947222 0.6125 0.944444 0.610937 0.941667 0.610937 0.930556 0.609375 0.927778 0.609375 0.916667 0.557813 0.916667 0.557813 0.927778 0.55625 0.930556 0.55625 0.936111 0.554688 0.938889 0.554688 0.941667 0.551562 0.947222 0.546875 0.947222 0.546875 0.966667 0.551562 0.966667 0.554688 0.961111 0.559375 0.961111 0.560938 0.958333 0.567187 0.958333 0.56875 0.955556 0.576563 0.955556 0.578125 0.958333 0.582812 0.958333 0.584375 0.961111 0.59375 0.961111 0.595312 0.963889 0.6 0.963889 0.601562 0.966667 0.604688 0.966667 0.60625 0.963889 0.610937 0.963889 0.6125 0.966667 0.614062 0.966667 0.615625 0.969444 0.614062 0.980556 0.615625 0.977778 0.615625 0.975 0.620313 0.975 0.549435
0 0.309375 0.838889 0.309375 0.880556 0.353125 0.880556 0.353125 0.861111 0.354688 0.858333 0.354688 0.852778 0.35625 0.85 0.35625 0.838889 0.3375 0.838889 0.3375 0.847222 0.334375 0.852778 0.325 0.852778 0.323438 0.85 0.323438 0.838889 0.547152
0 0.364062 0.822222 0.364062 0.836111 0.370313 0.836111 0.370313 0.822222 0.364062 0.822222 0.360938 0.816667 0.360938 0.808333 0.3625 0.805556 0.360938 0.802778 0.360938 0.791667 0.364062 0.786111 0.370313 0.786111 0.370313 0.761111 0.325 0.761111 0.325 0.772222 0.31875 0.783333 0.31875 0.786111 0.315625 0.791667 0.309375 0.791667 0.309375 0.836111 0.35 0.836111 0.35 0.827778 0.353125 0.822222 0.354688 0.822222 0.35625 0.819444 0.357812 0.819444 0.359375 0.816667 0.360938 0.816667 0.545707
0 0.078125 0.527778 0.078125 0.569444 0.0828125 0.569444 0.084375 0.572222 0.084375 0.580556 0.145313 0.580556 0.145313 0.561111 0.140625 0.561111 0.1375 0.555556 0.1375 0.552778 0.135937 0.55 0.135937 0.544444 0.134375 0.541667 0.134375 0.538889 0.132812 0.536111 0.132812 0.527778 0.536664
0 0.165625 0.538889 0.165625 0.555556 0.173438 0.555556 0.175 0.558333 0.176563 0.558333 0.178125 0.561111 0.179688 0.561111 0.182812 0.566667 0.182812 0.569444 0.184375 0.572222 0.185937 0.572222 0.1875 0.575 0.207813 0.575 0.209375 0.572222 0.21875 0.572222 0.220313 0.569444 0.248437 0.569444 0.251563 0.563889 0.264062 0.563889 0.264062 0.538889 0.534215
0 0.565625 0.783333 0.565625 0.797222 0.567187 0.8 0.567187 0.813889 0.575 0.813889 0.576563 0.816667 0.578125 0.816667 0.579687 0.813889 0.592188 0.813889 0.59375 0.816667 0.603125 0.816667 0.604688 0.819444 0.607813 0.819444 0.609375 0.816667 0.609375 0.783333 0.532656
0 0.690625 0.238889 0.690625 0.258333 0.689062 0.261111 0.689062 0.263889 0.675 0.288889 0.673437 0.288889 0.671875 0.291667 0.670313 0.291667 0.667188 0.297222 0.664062 0.297222 0.6625 0.3 0.660937 0.3 0.659375 0.302778 0.65625 0.302778 0.654688 0.305556 0.653125 0.305556 0.651563 0.308333 0.648438 0.308333 0.646875 0.311111 0.645312 0.311111 0.642187 0.316667 0.640625 0.316667 0.639063 0.319444 0.635938 0.319444 0.634375 0.322222 0.632812 0.322222 0.629687 0.327778 0.621875 0.327778 0.621875 0.427778 0.626562 0.427778 0.629687 0.433333 0.629687 0.436111 0.63125 0.436111 0.632812 0.438889 0.64375 0.438889 0.645312 0.441667 0.653125 0.441667 0.654688 0.444444 0.65625 0.444444 0.657812 0.447222 0.6625 0.447222 0.664062 0.45 0.673437 0.45 0.675 0.452778 0.68125 0.452778 0.682813 0.45 0.689062 0.45 0.690625 0.447222 0.698438 0.447222 0.7 0.45 0.703125 0.45 0.704687 0.452778 0.70625 0.452778 0.707812 0.455556 0.710938 0.455556 0.714063 0.461111 0.714063 0.469444 0.740625 0.469444 0.740625 0.461111 0.742188 0.458333 0.745313 0.458333 0.746875 0.455556 0.86875 0.455556 0.870313 0.452778 0.909375 0.452778 0.910937 0.455556 0.917188 0.455556 0.91875 0.458333 0.920313 0.458333 0.921875 0.461111 0.921875 0.469444 0.932813 0.469444 0.932813 0.461111 0.934375 0.458333 0.95 0.458333 0.951563 0.461111 0.951563 0.469444 0.98125 0.469444 0.98125 0.461111 0.984375 0.455556 0.985937 0.455556 0.992188 0.444444 0.99375 0.444444 0.996875 0.438889 0.998438 0.438889 0.998438 0.238889 0.95625 0.238889 0.95625 0.25 0.953125 0.255556 0.945312 0.255556 0.94375 0.258333 0.942187 0.258333 0.940625 0.261111 0.9375 0.261111 0.935938 0.258333 0.932813 0.258333 0.93125 0.261111 0.910937 0.261111 0.909375 0.258333 0.907812 0.258333 0.90625 0.261111 0.867188 0.261111 0.865625 0.258333 0.864062 0.258333 0.8625 0.261111 0.84375 0.261111 0.842188 0.263889 0.835938 0.263889 0.834375 0.261111 0.821875 0.261111 0.820312 0.258333 0.817187 0.258333 0.815625 0.255556 0.814062 0.255556 0.8125 0.252778 0.810938 0.252778 0.807813 0.247222 0.807813 0.238889 0.52624
0 0.959375 0.594444 0.964063 0.594444 0.964063 0.583333 0.959375 0.583333 0.959375 0.594444 0.95625 0.611111 0.953125 0.611111 0.95 0.605556 0.95 0.602778 0.948438 0.602778 0.94375 0.594444 0.94375 0.583333 0.865625 0.583333 0.865625 0.616667 0.882812 0.616667 0.884375 0.613889 0.907812 0.613889 0.909375 0.616667 0.917188 0.616667 0.91875 0.613889 0.929688 0.613889 0.93125 0.616667 0.951563 0.616667 0.953125 0.613889 0.964063 0.613889 0.957812 0.613889 0.95625 0.611111 0.521713
0 0.409375 0.55 0.409375 0.591667 0.451562 0.591667 0.451562 0.580556 0.453125 0.577778 0.454688 0.577778 0.45625 0.575 0.459375 0.575 0.4625 0.580556 0.4625 0.591667 0.470313 0.591667 0.470313 0.561111 0.465625 0.561111 0.464063 0.558333 0.464063 0.55 0.511639
0 0.028125 0.527778 0.028125 0.561111 0.034375 0.561111 0.0359375 0.563889 0.0625 0.563889 0.0640625 0.566667 0.078125 0.566667 0.0796875 0.563889 0.0796875 0.558333 0.08125 0.555556 0.08125 0.541667 0.0828125 0.538889 0.0828125 0.527778 0.510508
0 0.559375 0.605556 0.559375 0.613889 0.560938 0.616667 0.560938 0.622222 0.5625 0.625 0.5625 0.630556 0.564062 0.633333 0.564062 0.641667 0.559375 0.65 0.553125 0.65 0.553125 0.688889 0.557813 0.688889 0.559375 0.686111 0.56875 0.686111 0.570312 0.688889 0.578125 0.688889 0.579687 0.691667 0.58125 0.691667 0.582812 0.694444 0.582812 0.702778 0.584375 0.702778 0.584375 0.694444 0.585938 0.691667 0.5875 0.691667 0.589063 0.688889 0.592188 0.688889 0.59375 0.691667 0.596875 0.691667 0.598437 0.694444 0.598437 0.702778 0.603125 0.702778 0.603125 0.633333 0.604688 0.630556 0.604688 0.625 0.603125 0.622222 0.603125 0.619444 0.6 0.613889 0.6 0.605556 0.509747
0 0.890625 0.972222 0.890625 0.997222 0.940625 0.997222 0.94375 0.991667 0.940625 0.986111 0.939062 0.986111 0.9375 0.983333 0.9375 0.972222 0.505591
0 0.553125 0.894444 0.553125 0.947222 0.560938 0.947222 0.560938 0.936111 0.565625 0.927778 0.570312 0.927778 0.571875 0.925 0.582812 0.925 0.584375 0.927778 0.5875 0.927778 0.589063 0.930556 0.592188 0.930556 0.59375 0.933333 0.596875 0.933333 0.6 0.938889 0.6 0.947222 0.610937 0.947222 0.610937 0.938889 0.609375 0.936111 0.609375 0.913889 0.607813 0.911111 0.607813 0.894444 0.484069
0 0.265625 0.55 0.265625 0.566667 0.284375 0.566667 0.2875 0.572222 0.29375 0.572222 0.295312 0.575 0.296875 0.575 0.298438 0.577778 0.3 0.577778 0.303125 0.583333 0.303125 0.591667 0.364062 0.591667 0.364062 0.583333 0.370313 0.572222 0.371875 0.572222 0.373437 0.575 0.375 0.575 0.376563 0.577778 0.382812 0.577778 0.382812 0.55 0.480136
0 0.784375 0.608333 0.784375 0.625 0.79375 0.625 0.79375 0.616667 0.789062 0.608333 0.784375 0.608333 0.784375 0.588889 0.79375 0.588889 0.795313 0.586111 0.796875 0.586111 0.798437 0.588889 0.803125 0.588889 0.804688 0.591667 0.807813 0.591667 0.809375 0.594444 0.815625 0.594444 0.817187 0.597222 0.81875 0.597222 0.820312 0.6 0.821875 0.6 0.823438 0.602778 0.825 0.602778 0.826563 0.605556 0.832812 0.605556 0.834375 0.608333 0.840625 0.608333 0.842188 0.611111 0.845312 0.611111 0.846875 0.613889 0.848437 0.613889 0.85 0.616667 0.85 0.625 0.895312 0.625 0.895312 0.586111 0.890625 0.586111 0.889063 0.583333 0.889063 0.572222 0.879687 0.572222 0.879687 0.588889 0.878125 0.591667 0.875 0.586111 0.875 0.583333 0.873438 0.580556 0.873438 0.572222 0.784375 0.572222 0.784375 0.588889 0.479283
0 0.284375 0.961111 0.284375 1 0.342187 1 0.342187 0.988889 0.340625 0.986111 0.340625 0.980556 0.342187 0.977778 0.342187 0.961111 0.47921
0 0.135937 0.561111 0.135937 0.569444 0.134375 0.572222 0.129688 0.572222 0.128125 0.575 0.121875 0.575 0.121875 0.594444 0.165625 0.594444 0.167187 0.591667 0.16875 0.591667 0.173438 0.583333 0.182812 0.583333 0.182812 0.561111 0.478977
0 0.553125 0.872222 0.553125 0.947222 0.559375 0.947222 0.559375 0.933333 0.564062 0.925 0.585938 0.925 0.5875 0.927778 0.589063 0.927778 0.590625 0.930556 0.595312 0.930556 0.596875 0.933333 0.598437 0.933333 0.601562 0.938889 0.601562 0.947222 0.609375 0.947222 0.609375 0.919444 0.607813 0.916667 0.607813 0.905556 0.610937 0.9 0.610937 0.897222 0.6125 0.894444 0.6125 0.886111 0.610937 0.883333 0.610937 0.872222 0.472653
0 0.309375 0.816667 0.309375 0.869444 0.31875 0.869444 0.31875 0.855556 0.317187 0.852778 0.317187 0.85 0.321875 0.841667 0.325 0.841667 0.326562 0.838889 0.334375 0.838889 0.335938 0.841667 0.345313 0.841667 0.346875 0.844444 0.35 0.844444 0.351562 0.847222 0.351562 0.85 0.348437 0.855556 0.346875 0.855556 0.345313 0.858333 0.342187 0.858333 0.340625 0.861111 0.339063 0.861111 0.339063 0.869444 0.354688 0.869444 0.354688 0.855556 0.357812 0.85 0.357812 0.847222 0.364062 0.836111 0.370313 0.836111 0.370313 0.816667 0.440844
0 0.271875 0.55 0.271875 0.566667 0.279687 0.566667 0.28125 0.569444 0.284375 0.569444 0.285937 0.572222 0.290625 0.572222 0.292188 0.575 0.296875 0.575 0.298438 0.577778 0.3 0.577778 0.303125 0.583333 0.303125 0.591667 0.351562 0.591667 0.351562 0.55 0.433658
0 0.521875 0.561111 0.521875 0.602778 0.559375 0.602778 0.559375 0.591667 0.557813 0.588889 0.557813 0.586111 0.55625 0.583333 0.559375 0.577778 0.5625 0.577778 0.564062 0.575 0.565625 0.575 0.567187 0.572222 0.56875 0.572222 0.570312 0.569444 0.576563 0.569444 0.576563 0.561111 0.431942
0 0.357812 0.616667 0.357812 0.625 0.354688 0.630556 0.354688 0.633333 0.353125 0.636111 0.346875 0.636111 0.346875 0.683333 0.354688 0.683333 0.35625 0.680556 0.364062 0.680556 0.365625 0.683333 0.367188 0.683333 0.36875 0.686111 0.36875 0.688889 0.370313 0.691667 0.370313 0.702778 0.376563 0.702778 0.376563 0.691667 0.378125 0.688889 0.378125 0.686111 0.385938 0.672222 0.3875 0.672222 0.389062 0.669444 0.395312 0.669444 0.395312 0.616667 0.429577
0 0.309375 0.816667 0.309375 0.858333 0.317187 0.858333 0.317187 0.85 0.320312 0.844444 0.321875 0.844444 0.323438 0.841667 0.325 0.841667 0.326562 0.838889 0.340625 0.838889 0.342187 0.841667 0.348437 0.841667 0.35 0.844444 0.35625 0.844444 0.357812 0.847222 0.357812 0.844444 0.3625 0.836111 0.364062 0.836111 0.365625 0.833333 0.370313 0.833333 0.370313 0.816667 0.426658
0 0.634375 0.572222 0.634375 0.597222 0.648438 0.597222 0.65 0.6 0.654688 0.6 0.65625 0.602778 0.667188 0.602778 0.66875 0.6 0.698438 0.6 0.7 0.602778 0.701563 0.602778 0.703125 0.605556 0.703125 0.613889 0.764063 0.613889 0.764063 0.572222 0.420168
0 0.559375 0.705556 0.559375 0.730556 0.565625 0.730556 0.567187 0.733333 0.567187 0.758333 0.607813 0.758333 0.607813 0.733333 0.609375 0.730556 0.609375 0.722222 0.610937 0.719444 0.610937 0.705556 0.406599
0 0.559375 0.65 0.559375 0.725 0.565625 0.725 0.56875 0.730556 0.570312 0.730556 0.571875 0.733333 0.575 0.733333 0.576563 0.730556 0.578125 0.733333 0.58125 0.733333 0.584375 0.738889 0.584375 0.747222 0.607813 0.747222 0.607813 0.736111 0.609375 0.733333 0.609375 0.722222 0.610937 0.719444 0.610937 0.713889 0.609375 0.711111 0.609375 0.708333 0.607813 0.705556 0.607813 0.702778 0.60625 0.7 0.604688 0.7 0.6 0.691667 0.6 0.683333 0.601562 0.680556 0.601562 0.669444 0.603125 0.666667 0.603125 0.65 0.405671
0 0.359375 0.561111 0.359375 0.583333 0.36875 0.583333 0.370313 0.586111 0.371875 0.586111 0.375 0.591667 0.375 0.602778 0.395312 0.602778 0.395312 0.588889 0.39375 0.586111 0.39375 0.583333 0.396875 0.577778 0.4 0.577778 0.403125 0.572222 0.407813 0.572222 0.407813 0.561111 0.393164
0 0.378125 0.55 0.378125 0.577778 0.384375 0.577778 0.385938 0.575 0.390625 0.575 0.392188 0.572222 0.398438 0.572222 0.4 0.575 0.401563 0.575 0.403125 0.577778 0.404687 0.577778 0.40625 0.580556 0.40625 0.591667 0.448438 0.591667 0.448438 0.583333 0.45625 0.569444 0.459375 0.569444 0.464063 0.577778 0.470313 0.577778 0.470313 0.55 0.387491
0 0.340625 0.55 0.340625 0.591667 0.364062 0.591667 0.364062 0.583333 0.367188 0.577778 0.373437 0.577778 0.375 0.580556 0.376563 0.580556 0.378125 0.583333 0.378125 0.591667 0.395312 0.591667 0.395312 0.583333 0.4 0.575 0.4 0.572222 0.403125 0.566667 0.407813 0.566667 0.407813 0.55 0.387343
0 0.5625 0.794444 0.5625 0.808333 0.560938 0.811111 0.553125 0.811111 0.553125 0.822222 0.557813 0.822222 0.559375 0.825 0.557813 0.827778 0.553125 0.827778 0.553125 0.869444 0.559375 0.869444 0.559375 0.861111 0.5625 0.855556 0.564062 0.855556 0.565625 0.852778 0.56875 0.852778 0.570312 0.85 0.578125 0.85 0.579687 0.852778 0.585938 0.852778 0.5875 0.855556 0.589063 0.855556 0.592188 0.861111 0.592188 0.869444 0.614062 0.869444 0.614062 0.838889 0.609375 0.838889 0.607813 0.836111 0.607813 0.827778 0.609375 0.825 0.614062 0.825 0.614062 0.794444 0.386922
0 0.559375 0.761111 0.559375 0.822222 0.564062 0.822222 0.56875 0.813889 0.579687 0.813889 0.582812 0.808333 0.584375 0.808333 0.5875 0.813889 0.595312 0.813889 0.596875 0.816667 0.601562 0.816667 0.603125 0.819444 0.60625 0.819444 0.607813 0.822222 0.614062 0.822222 0.614062 0.761111 0.370441
0 0.478125 0.580556 0.482812 0.580556 0.478125 0.580556 0.46875 0.580556 0.46875 0.569444 0.467187 0.566667 0.467187 0.563889 0.465625 0.561111 0.465625 0.55 0.415625 0.55 0.415625 0.586111 0.4375 0.586111 0.439063 0.583333 0.467187 0.583333 0.46875 0.580556 0.367094
0 0.896875 0.583333 0.896875 0.608333 0.903125 0.608333 0.90625 0.613889 0.910937 0.613889 0.9125 0.616667 0.915625 0.616667 0.917188 0.613889 0.920313 0.613889 0.921875 0.611111 0.926562 0.611111 0.928125 0.613889 0.93125 0.613889 0.932813 0.616667 0.939062 0.616667 0.940625 0.613889 0.942187 0.613889 0.942187 0.611111 0.945312 0.605556 0.948438 0.605556 0.951563 0.611111 0.953125 0.611111 0.954687 0.613889 0.957812 0.613889 0.959375 0.616667 0.971875 0.616667 0.973437 0.619444 0.984375 0.619444 0.985937 0.622222 0.992188 0.622222 0.99375 0.625 0.995313 0.625 0.996875 0.627778 0.996875 0.636111 0.998438 0.636111 0.998438 0.583333 0.360645
0 0.615625 0.561111 0.615625 0.594444 0.623438 0.594444 0.625 0.597222 0.639063 0.597222 0.640625 0.6 0.653125 0.6 0.654688 0.602778 0.65625 0.602778 0.657812 0.605556 0.657812 0.613889 0.667188 0.613889 0.667188 0.605556 0.66875 0.602778 0.676562 0.602778 0.678125 0.605556 0.678125 0.613889 0.6875 0.613889 0.6875 0.605556 0.689062 0.602778 0.690625 0.602778 0.692187 0.6 0.69375 0.6 0.695312 0.597222 0.696875 0.597222 0.698438 0.6 0.7 0.6 0.701563 0.602778 0.703125 0.602778 0.704687 0.605556 0.704687 0.613889 0.714063 0.613889 0.714063 0.561111 0.360552
0 0.184375 0.538889 0.184375 0.563889 0.189063 0.563889 0.192188 0.569444 0.192188 0.580556 0.248437 0.580556 0.248437 0.572222 0.254687 0.561111 0.254687 0.558333 0.257812 0.552778 0.260938 0.552778 0.265625 0.561111 0.270312 0.561111 0.270312 0.538889 0.355323
0 0.009375 0.527778 0.009375 0.569444 0.0828125 0.569444 0.0828125 0.527778 0.342464
0 0.559375 0.594444 0.559375 0.65 0.567187 0.65 0.570312 0.655556 0.573438 0.655556 0.575 0.652778 0.576563 0.652778 0.578125 0.65 0.584375 0.65 0.585938 0.652778 0.590625 0.652778 0.592188 0.655556 0.595312 0.655556 0.598437 0.661111 0.598437 0.669444 0.603125 0.669444 0.603125 0.638889 0.604688 0.636111 0.604688 0.619444 0.603125 0.616667 0.603125 0.613889 0.607813 0.605556 0.614062 0.605556 0.614062 0.594444 0.337972
0 0.709375 0.572222 0.709375 0.602778 0.740625 0.602778 0.742188 0.605556 0.760938 0.605556 0.7625 0.608333 0.771875 0.608333 0.773438 0.611111 0.776563 0.611111 0.779688 0.616667 0.779688 0.625 0.826563 0.625 0.826563 0.616667 0.828125 0.613889 0.832812 0.613889 0.832812 0.602778 0.821875 0.602778 0.820312 0.6 0.817187 0.6 0.815625 0.597222 0.8125 0.597222 0.810938 0.594444 0.809375 0.594444 0.801562 0.580556 0.801562 0.572222 0.337221
0 0.429688 0.55 0.429688 0.561111 0.43125 0.563889 0.43125 0.566667 0.432813 0.569444 0.432813 0.572222 0.429688 0.577778 0.428125 0.577778 0.425 0.583333 0.425 0.591667 0.445312 0.591667 0.445312 0.55 0.429688 0.55 0.420312 0.55 0.365625 0.55 0.365625 0.591667 0.3875 0.591667 0.3875 0.583333 0.392188 0.575 0.401563 0.575 0.403125 0.577778 0.404687 0.577778 0.40625 0.580556 0.40625 0.591667 0.410937 0.591667 0.410937 0.583333 0.415625 0.575 0.415625 0.569444 0.41875 0.563889 0.41875 0.561111 0.420312 0.558333 0.420312 0.55 0.334841
0 0.128125 0.527778 0.128125 0.541667 0.132812 0.541667 0.135937 0.547222 0.135937 0.55 0.139062 0.555556 0.139062 0.558333 0.142188 0.563889 0.14375 0.563889 0.145313 0.566667 0.15625 0.566667 0.157813 0.563889 0.16875 0.563889 0.170312 0.566667 0.171875 0.566667 0.175 0.572222 0.175 0.580556 0.182812 0.580556 0.182812 0.555556 0.176563 0.555556 0.175 0.552778 0.175 0.55 0.173438 0.547222 0.170312 0.547222 0.16875 0.544444 0.167187 0.544444 0.165625 0.541667 0.164062 0.541667 0.1625 0.538889 0.1625 0.527778 0.332006
0 0.890625 0.0722222 0.890625 0.0805556 0.892187 0.0833333 0.892187 0.0861111 0.895312 0.0916667 0.896875 0.0916667 0.898438 0.0888889 0.9 0.0888889 0.901563 0.0861111 0.904688 0.0916667 0.904688 0.0944444 0.90625 0.0972222 0.90625 0.1 0.907812 0.102778 0.907812 0.105556 0.904688 0.111111 0.904688 0.113889 0.903125 0.116667 0.9 0.116667 0.898438 0.113889 0.8875 0.113889 0.885938 0.111111 0.88125 0.111111 0.879687 0.113889 0.876562 0.113889 0.875 0.111111 0.873438 0.111111 0.871875 0.108333 0.8625 0.108333 0.860937 0.105556 0.853125 0.105556 0.851562 0.108333 0.842188 0.108333 0.840625 0.111111 0.825 0.111111 0.823438 0.108333 0.810938 0.108333 0.809375 0.105556 0.798437 0.105556 0.796875 0.102778 0.795313 0.102778 0.79375 0.105556 0.775 0.105556 0.771875 0.1 0.767187 0.1 0.765625 0.0972222 0.760938 0.0972222 0.759375 0.0944444 0.757812 0.0944444 0.75625 0.0972222 0.74375 0.0972222 0.742188 0.1 0.739062 0.1 0.7375 0.102778 0.732813 0.102778 0.729688 0.108333 0.728125 0.108333 0.726562 0.111111 0.725 0.111111 0.723437 0.108333 0.721875 0.108333 0.720312 0.111111 0.717188 0.111111 0.715625 0.113889 0.707812 0.113889 0.70625 0.116667 0.704687 0.116667 0.701563 0.122222 0.698438 0.122222 0.696875 0.125 0.695312 0.125 0.695312 0.127778 0.692187 0.133333 0.690625 0.133333 0.689062 0.136111 0.6875 0.136111 0.685938 0.138889 0.684375 0.138889 0.684375 0.141667 0.682813 0.144444 0.682813 0.15 0.684375 0.152778 0.684375 0.155556 0.692187 0.169444 0.692187 0.180556 0.69375 0.183333 0.69375 0.186111 0.696875 0.191667 0.7 0.191667 0.701563 0.188889 0.704687 0.194444 0.704687 0.197222 0.707812 0.202778 0.70625 0.205556 0.70625 0.208333 0.703125 0.213889 0.701563 0.213889 0.7 0.216667 0.698438 0.216667 0.689062 0.233333 0.689062 0.236111 0.6875 0.238889 0.6875 0.241667 0.685938 0.244444 0.685938 0.25 0.682813 0.255556 0.682813 0.258333 0.68125 0.261111 0.68125 0.263889 0.679688 0.266667 0.679688 0.269444 0.676562 0.275 0.675 0.275 0.670313 0.283333 0.66875 0.283333 0.665625 0.288889 0.665625 0.291667 0.664062 0.294444 0.6625 0.294444 0.660937 0.297222 0.659375 0.297222 0.657812 0.3 0.65625 0.3 0.654688 0.302778 0.651563 0.302778 0.65 0.305556 0.648438 0.305556 0.646875 0.308333 0.64375 0.308333 0.639063 0.316667 0.635938 0.316667 0.634375 0.319444 0.63125 0.319444 0.629687 0.322222 0.628125 0.322222 0.625 0.327778 0.623438 0.327778 0.620313 0.333333 0.615625 0.333333 0.615625 0.411111 0.620313 0.411111 0.628125 0.425 0.628125 0.427778 0.629687 0.430556 0.629687 0.433333 0.63125 0.436111 0.632812 0.436111 0.634375 0.438889 0.646875 0.438889 0.648438 0.441667 0.653125 0.441667 0.654688 0.444444 0.65625 0.444444 0.657812 0.447222 0.6625 0.447222 0.664062 0.45 0.673437 0.45 0.675 0.452778 0.68125 0.452778 0.682813 0.45 0.689062 0.45 0.690625 0.447222 0.698438 0.447222 0.7 0.45 0.703125 0.45 0.704687 0.452778 0.70625 0.452778 0.707812 0.455556 0.710938 0.455556 0.714063 0.461111 0.714063 0.469444 0.742188 0.469444 0.742188 0.461111 0.74375 0.458333 0.745313 0.458333 0.746875 0.455556 0.79375 0.455556 0.795313 0.452778 0.796875 0.452778 0.798437 0.455556 0.857813 0.455556 0.859375 0.452778 0.909375 0.452778 0.910937 0.455556 0.915625 0.455556 0.917188 0.458333 0.91875 0.458333 0.920313 0.461111 0.920313 0.469444 0.935938 0.469444 0.935938 0.461111 0.9375 0.458333 0.948438 0.458333 0.95 0.461111 0.95 0.469444 0.982813 0.469444 0.982813 0.461111 0.985937 0.455556 0.9875 0.455556 0.995313 0.441667 0.998438 0.441667 0.998438 0.0722222 0.330187
0 0.359375 0.572222 0.359375 0.611111 0.365625 0.611111 0.367188 0.613889 0.36875 0.613889 0.370313 0.616667 0.370313 0.625 0.395312 0.625 0.395312 0.616667 0.396875 0.613889 0.396875 0.608333 0.398438 0.605556 0.398438 0.583333 0.4 0.580556 0.401563 0.580556 0.401563 0.572222 0.32769
0 0.009375 0.116667 0.009375 0.405556 0.0140625 0.405556 0.015625 0.408333 0.021875 0.408333 0.0234375 0.411111 0.028125 0.411111 0.0296875 0.413889 0.0375 0.413889 0.0390625 0.416667 0.046875 0.416667 0.0484375 0.413889 0.0734375 0.413889 0.075 0.416667 0.0890625 0.416667 0.090625 0.419444 0.0953125 0.419444 0.096875 0.422222 0.109375 0.422222 0.110937 0.419444 0.128125 0.419444 0.129688 0.422222 0.132812 0.422222 0.134375 0.425 0.139062 0.425 0.140625 0.427778 0.160938 0.427778 0.1625 0.430556 0.173438 0.430556 0.175 0.427778 0.176563 0.427778 0.178125 0.425 0.19375 0.425 0.195312 0.427778 0.2 0.427778 0.201562 0.430556 0.215625 0.430556 0.217187 0.433333 0.235938 0.433333 0.2375 0.436111 0.245312 0.436111 0.246875 0.438889 0.284375 0.438889 0.285937 0.441667 0.309375 0.441667 0.310937 0.444444 0.317187 0.444444 0.31875 0.447222 0.321875 0.447222 0.323438 0.45 0.328125 0.45 0.329688 0.452778 0.340625 0.452778 0.342187 0.45 0.35 0.45 0.351562 0.452778 0.378125 0.452778 0.379687 0.45 0.398438 0.45 0.4 0.452778 0.496875 0.452778 0.498437 0.455556 0.50625 0.455556 0.507812 0.452778 0.540625 0.452778 0.542188 0.45 0.55 0.45 0.551562 0.447222 0.559375 0.447222 0.560938 0.444444 0.5625 0.444444 0.564062 0.441667 0.564062 0.427778 0.565625 0.425 0.565625 0.408333 0.567187 0.405556 0.567187 0.4 0.56875 0.397222 0.56875 0.394444 0.570312 0.391667 0.570312 0.388889 0.571875 0.386111 0.571875 0.380556 0.573438 0.377778 0.573438 0.35 0.575 0.347222 0.575 0.341667 0.578125 0.336111 0.579687 0.336111 0.58125 0.338889 0.615625 0.338889 0.617188 0.336111 0.61875 0.336111 0.620313 0.333333 0.628125 0.333333 0.629687 0.336111 0.629687 0.338889 0.626562 0.344444 0.626562 0.347222 0.625 0.35 0.625 0.352778 0.623438 0.355556 0.623438 0.358333 0.621875 0.361111 0.621875 0.4 0.623438 0.402778 0.623438 0.413889 0.625 0.416667 0.625 0.419444 0.626562 0.422222 0.626562 0.425 0.628125 0.427778 0.628125 0.430556 0.629687 0.433333 0.629687 0.436111 0.63125 0.436111 0.632812 0.438889 0.639063 0.438889 0.639063 0.327778 0.634375 0.327778 0.632812 0.325 0.634375 0.322222 0.639063 0.322222 0.639063 0.116667 0.554688 0.116667 0.554688 0.125 0.55625 0.127778 0.557813 0.127778 0.559375 0.130556 0.565625 0.130556 0.571875 0.141667 0.573438 0.138889 0.576563 0.138889 0.579687 0.144444 0.579687 0.147222 0.58125 0.15 0.582812 0.15 0.584375 0.152778 0.590625 0.152778 0.59375 0.158333 0.595312 0.158333 0.596875 0.161111 0.601562 0.161111 0.603125 0.163889 0.604688 0.163889 0.607813 0.169444 0.615625 0.169444 0.620313 0.177778 0.626562 0.177778 0.629687 0.183333 0.629687 0.191667 0.626562 0.197222 0.625 0.194444 0.623438 0.194444 0.621875 0.191667 0.620313 0.191667 0.617188 0.197222 0.614062 0.197222 0.6125 0.194444 0.610937 0.194444 0.609375 0.191667 0.607813 0.191667 0.60625 0.194444 0.59375 0.194444 0.592188 0.197222 0.5875 0.197222 0.585938 0.2 0.510938 0.2 0.509375 0.197222 0.496875 0.197222 0.495313 0.194444 0.492188 0.194444 0.490625 0.191667 0.49375 0.186111 0.49375 0.183333 0.501562 0.169444 0.501562 0.161111 0.504687 0.155556 0.504687 0.152778 0.507812 0.147222 0.507812 0.138889 0.514063 0.127778 0.517187 0.127778 0.51875 0.125 0.520312 0.125 0.520312 0.116667 0.314584
0 0.823438 0.602778 0.825 0.605556 0.835938 0.605556 0.8375 0.608333 0.84375 0.608333 0.845312 0.611111 0.851562 0.611111 0.851562 0.580556 0.846875 0.580556 0.845312 0.583333 0.842188 0.583333 0.842188 0.586111 0.84375 0.588889 0.84375 0.591667 0.842188 0.594444 0.835938 0.594444 0.834375 0.591667 0.8375 0.586111 0.8375 0.583333 0.835938 0.583333 0.834375 0.580556 0.832812 0.580556 0.83125 0.583333 0.83125 0.588889 0.832812 0.591667 0.829687 0.597222 0.826563 0.597222 0.823438 0.602778 0.815625 0.588889 0.815625 0.580556 0.817187 0.577778 0.817187 0.561111 0.753125 0.561111 0.753125 0.605556 0.767187 0.605556 0.76875 0.608333 0.773438 0.608333 0.775 0.611111 0.776563 0.611111 0.779688 0.616667 0.779688 0.625 0.798437 0.625 0.798437 0.616667 0.796875 0.613889 0.795313 0.613889 0.790625 0.605556 0.790625 0.6 0.789062 0.597222 0.789062 0.594444 0.792188 0.588889 0.8 0.588889 0.801562 0.591667 0.807813 0.591667 0.809375 0.594444 0.810938 0.591667 0.814062 0.591667 0.815625 0.588889 0.309772
0 0.359375 0.55 0.359375 0.591667 0.390625 0.591667 0.390625 0.580556 0.392188 0.577778 0.395312 0.577778 0.396875 0.575 0.403125 0.575 0.407813 0.583333 0.407813 0.591667 0.409375 0.591667 0.409375 0.583333 0.4125 0.577778 0.414062 0.577778 0.415625 0.575 0.415625 0.569444 0.41875 0.563889 0.41875 0.561111 0.420312 0.558333 0.420312 0.55 0.308636
0 0.53125 0.55 0.53125 0.558333 0.528125 0.563889 0.521875 0.563889 0.521875 0.602778 0.560938 0.602778 0.560938 0.594444 0.559375 0.591667 0.559375 0.583333 0.5625 0.577778 0.565625 0.577778 0.567187 0.575 0.575 0.575 0.576563 0.577778 0.578125 0.577778 0.579687 0.580556 0.58125 0.580556 0.582812 0.583333 0.582812 0.591667 0.584375 0.594444 0.584375 0.602778 0.584375 0.594444 0.5875 0.588889 0.604688 0.588889 0.607813 0.594444 0.607813 0.602778 0.626562 0.602778 0.626562 0.55 0.307843
0 0.746875 0.572222 0.746875 0.605556 0.760938 0.605556 0.7625 0.608333 0.771875 0.608333 0.773438 0.611111 0.776563 0.611111 0.779688 0.616667 0.779688 0.625 0.821875 0.625 0.821875 0.616667 0.825 0.611111 0.826563 0.611111 0.828125 0.608333 0.83125 0.608333 0.832812 0.605556 0.839063 0.605556 0.839063 0.602778 0.820312 0.602778 0.81875 0.6 0.815625 0.6 0.814062 0.597222 0.810938 0.597222 0.807813 0.591667 0.80625 0.591667 0.801562 0.583333 0.801562 0.572222 0.306725
0 0.134375 0.538889 0.134375 0.558333 0.139062 0.558333 0.142188 0.563889 0.145313 0.563889 0.146875 0.566667 0.15 0.566667 0.151562 0.569444 0.164062 0.569444 0.165625 0.566667 0.16875 0.566667 0.170312 0.563889 0.175 0.563889 0.176563 0.566667 0.178125 0.566667 0.18125 0.561111 0.18125 0.558333 0.182812 0.555556 0.184375 0.555556 0.190625 0.566667 0.190625 0.569444 0.192188 0.572222 0.192188 0.580556 0.201562 0.580556 0.201562 0.538889 0.305594
0 0.0296875 0 0.0296875 0.00555556 0.0265625 0.0111111 0.025 0.0111111 0.021875 0.0166667 0.015625 0.0166667 0.0140625 0.0194444 0.0125 0.0194444 0.0109375 0.0222222 0.003125 0.0222222 0.003125 0.402778 0.009375 0.402778 0.0109375 0.405556 0.0140625 0.405556 0.015625 0.408333 0.021875 0.408333 0.0234375 0.411111 0.028125 0.411111 0.0296875 0.413889 0.0375 0.413889 0.0390625 0.416667 0.046875 0.416667 0.0484375 0.413889 0.0734375 0.413889 0.075 0.416667 0.090625 0.416667 0.0921875 0.419444 0.0953125 0.419444 0.096875 0.422222 0.107813 0.422222 0.109375 0.419444 0.128125 0.419444 0.129688 0.422222 0.132812 0.422222 0.134375 0.425 0.139062 0.425 0.140625 0.427778 0.160938 0.427778 0.1625 0.430556 0.173438 0.430556 0.175 0.427778 0.176563 0.427778 0.178125 0.425 0.195312 0.425 0.196875 0.427778 0.201562 0.427778 0.203125 0.430556 0.217187 0.430556 0.21875 0.433333 0.235938 0.433333 0.2375 0.436111 0.245312 0.436111 0.246875 0.438889 0.285937 0.438889 0.2875 0.441667 0.310937 0.441667 0.3125 0.444444 0.317187 0.444444 0.31875 0.447222 0.321875 0.447222 0.323438 0.45 0.329688 0.45 0.33125 0.452778 0.339063 0.452778 0.340625 0.45 0.353125 0.45 0.354688 0.452778 0.378125 0.452778 0.379687 0.45 0.4 0.45 0.401563 0.452778 0.498437 0.452778 0.5 0.455556 0.50625 0.455556 0.507812 0.452778 0.540625 0.452778 0.542188 0.45 0.55 0.45 0.551562 0.447222 0.559375 0.447222 0.560938 0.444444 0.5625 0.444444 0.564062 0.441667 0.564062 0.427778 0.565625 0.425 0.565625 0.408333 0.567187 0.405556 0.567187 0.4 0.56875 0.397222 0.56875 0.394444 0.570312 0.391667 0.570312 0.388889 0.571875 0.386111 0.571875 0.377778 0.573438 0.375 0.573438 0.347222 0.575 0.344444 0.575 0.341667 0.578125 0.336111 0.579687 0.336111 0.58125 0.338889 0.601562 0.338889 0.601562 0.191667 0.595312 0.191667 0.59375 0.194444 0.592188 0.194444 0.590625 0.197222 0.584375 0.197222 0.582812 0.2 0.515625 0.2 0.514063 0.197222 0.504687 0.197222 0.503125 0.194444 0.501562 0.194444 0.5 0.191667 0.5 0.188889 0.501562 0.186111 0.501562 0.180556 0.503125 0.177778 0.503125 0.172222 0.504687 0.169444 0.504687 0.163889 0.50625 0.161111 0.50625 0.158333 0.5125 0.147222 0.5125 0.144444 0.514063 0.141667 0.514063 0.138889 0.517187 0.133333 0.51875 0.133333 0.520312 0.130556 0.521875 0.130556 0.523438 0.127778 0.526563 0.127778 0.528125 0.125 0.529688 0.127778 0.534375 0.127778 0.535937 0.125 0.542188 0.125 0.54375 0.127778 0.554688 0.127778 0.557813 0.133333 0.5625 0.133333 0.564062 0.136111 0.565625 0.136111 0.56875 0.141667 0.56875 0.144444 0.571875 0.15 0.578125 0.15 0.579687 0.152778 0.58125 0.152778 0.584375 0.158333 0.589063 0.158333 0.590625 0.161111 0.592188 0.161111 0.595312 0.166667 0.601562 0.166667 0.601562 0.0111111 0.59375 0.0111111 0.592188 0.00833333 0.58125 0.00833333 0.579687 0.00555556 0.571875 0.00555556 0.570312 0.00833333 0.56875 0.00833333 0.567187 0.00555556 0.565625 0.00555556 0.564062 0.00833333 0.53125 0.00833333 0.529688 0.00555556 0.517187 0.00555556 0.515625 0.00277778 0.515625 0 0.510938 0 0.510938 0.00277778 0.509375 0.00555556 0.507812 0.00277778 0.507812 0 0.501562 0 0.501562 0.00277778 0.5 0.00555556 0.479688 0.00555556 0.478125 0.00277778 0.478125 0 0.473437 0 0.473437 0.00277778 0.471875 0.00555556 0.470313 0.00555556 0.46875 0.00277778 0.46875 0 0.457812 0 0.457812 0.00277778 0.45625 0.00555556 0.451562 0.00555556 0.45 0.00833333 0.442187 0.00833333 0.440625 0.0111111 0.434375 0.0111111 0.432813 0.0138889 0.426562 0.0138889 0.425 0.0166667 0.398438 0.0166667 0.396875 0.0138889 0.390625 0.0138889 0.389062 0.0111111 0.38125 0.0111111 0.379687 0.00833333 0.367188 0.00833333 0.365625 0.00555556 0.357812 0.00555556 0.35625 0.00277778 0.35625 0 0.299992
0 0.621875 0.561111 0.621875 0.569444 0.620313 0.572222 0.61875 0.572222 0.617188 0.575 0.609375 0.575 0.609375 0.591667 0.620313 0.591667 0.621875 0.594444 0.625 0.594444 0.626562 0.597222 0.646875 0.597222 0.648438 0.6 0.654688 0.6 0.65625 0.602778 0.657812 0.602778 0.659375 0.605556 0.659375 0.613889 0.665625 0.613889 0.665625 0.605556 0.667188 0.602778 0.670313 0.602778 0.671875 0.6 0.675 0.6 0.676562 0.602778 0.689062 0.602778 0.690625 0.6 0.698438 0.6 0.7 0.602778 0.701563 0.602778 0.703125 0.605556 0.703125 0.613889 0.751562 0.613889 0.751562 0.561111 0.294567
0 0.234375 0.538889 0.234375 0.580556 0.270312 0.580556 0.270312 0.572222 0.271875 0.569444 0.273438 0.569444 0.275 0.566667 0.278125 0.566667 0.279687 0.563889 0.279687 0.561111 0.284375 0.552778 0.289062 0.561111 0.295312 0.561111 0.295312 0.538889 0.25625 0.538889 0.25625 0.547222 0.251563 0.555556 0.248437 0.55 0.248437 0.538889 0.279921
0 0.135937 0.572222 0.135937 0.580556 0.145313 0.580556 0.145313 0.569444 0.1375 0.569444 0.135937 0.572222 0.132812 0.572222 0.13125 0.569444 0.13125 0.558333 0.134375 0.552778 0.145313 0.552778 0.145313 0.527778 0.028125 0.527778 0.028125 0.558333 0.0328125 0.558333 0.034375 0.561111 0.0390625 0.561111 0.040625 0.563889 0.046875 0.563889 0.0484375 0.561111 0.0578125 0.561111 0.059375 0.563889 0.075 0.563889 0.0765625 0.566667 0.078125 0.563889 0.0796875 0.563889 0.0828125 0.558333 0.084375 0.558333 0.0859375 0.561111 0.0859375 0.563889 0.090625 0.572222 0.090625 0.580556 0.132812 0.580556 0.132812 0.572222 0.277035
0 0.346875 0.65 0.346875 0.683333 0.353125 0.683333 0.354688 0.680556 0.365625 0.680556 0.367188 0.683333 0.367188 0.686111 0.36875 0.688889 0.36875 0.702778 0.375 0.702778 0.375 0.694444 0.376563 0.691667 0.376563 0.688889 0.378125 0.686111 0.378125 0.683333 0.385938 0.669444 0.395312 0.669444 0.395312 0.65 0.275396
0 0.253125 0.55 0.253125 0.563889 0.257812 0.563889 0.260938 0.569444 0.271875 0.569444 0.273438 0.566667 0.28125 0.566667 0.282813 0.563889 0.284375 0.566667 0.285937 0.566667 0.2875 0.569444 0.289062 0.569444 0.290625 0.572222 0.298438 0.572222 0.303125 0.580556 0.303125 0.591667 0.351562 0.591667 0.351562 0.55 0.251941
0 0.553125 0.65 0.553125 0.711111 0.559375 0.711111 0.560938 0.713889 0.560938 0.725 0.610937 0.725 0.610937 0.716667 0.609375 0.713889 0.609375 0.708333 0.607813 0.705556 0.607813 0.702778 0.60625 0.7 0.604688 0.7 0.601562 0.694444 0.601562 0.677778 0.603125 0.675 0.603125 0.65 0.251789
