0 0.173438 0.903125 0.173438 0.907812 0.171875 0.909375 0.16875 0.909375 0.167187 0.910937 0.160938 0.910937 0.159375 0.9125 0.153125 0.9125 0.151562 0.914062 0.142188 0.914062 0.140625 0.915625 0.135937 0.915625 0.134375 0.917188 0.132812 0.917188 0.13125 0.91875 0.129688 0.91875 0.128125 0.920313 0.125 0.920313 0.123438 0.921875 0.120312 0.921875 0.117188 0.925 0.115625 0.925 0.114063 0.926562 0.110937 0.926562 0.109375 0.928125 0.107813 0.928125 0.103125 0.932813 0.1 0.932813 0.0984375 0.934375 0.0953125 0.934375 0.09375 0.935938 0.0921875 0.935938 0.090625 0.9375 0.0859375 0.9375 0.084375 0.939062 0.078125 0.939062 0.0765625 0.940625 0.0734375 0.940625 0.071875 0.942187 0.0703125 0.942187 0.0671875 0.945312 0.065625 0.945312 0.0578125 0.953125 0.05625 0.953125 0.05625 0.954687 0.0546875 0.95625 0.0546875 0.957812 0.05 0.9625 0.05 0.964063 0.0484375 0.965625 0.0484375 0.967188 0.046875 0.96875 0.046875 0.970312 0.04375 0.973437 0.04375 0.975 0.0375 0.98125 0.0375 0.982813 0.0328125 0.9875 0.028125 0.9875 0.028125 0.998438 0.364062 0.998438 0.364062 0.953125 0.357812 0.953125 0.353125 0.948438 0.353125 0.946875 0.351562 0.945312 0.35 0.945312 0.345313 0.940625 0.34375 0.940625 0.342187 0.939062 0.339063 0.939062 0.3375 0.9375 0.335938 0.9375 0.334375 0.935938 0.332812 0.935938 0.33125 0.934375 0.323438 0.934375 0.321875 0.932813 0.317187 0.932813 0.315625 0.93125 0.3125 0.93125 0.309375 0.928125 0.304688 0.928125 0.303125 0.926562 0.3 0.926562 0.298438 0.925 0.295312 0.925 0.29375 0.923437 0.292188 0.923437 0.290625 0.921875 0.284375 0.921875 0.282813 0.920313 0.278125 0.920313 0.276563 0.91875 0.273438 0.91875 0.271875 0.917188 0.270312 0.917188 0.26875 0.915625 0.264062 0.915625 0.2625 0.914062 0.25625 0.914062 0.254687 0.9125 0.25 0.9125 0.248437 0.910937 0.240625 0.910937 0.239063 0.909375 0.234375 0.909375 0.232812 0.907812 0.232812 0.903125 0.918254
0 0.378125 0.803125 0.378125 0.809375 0.379687 0.810938 0.379687 0.814062 0.38125 0.814062 0.382812 0.815625 0.3875 0.815625 0.389062 0.814062 0.390625 0.815625 0.392188 0.815625 0.39375 0.817187 0.395312 0.817187 0.396875 0.81875 0.401563 0.81875 0.401563 0.803125 0.378125 0.803125 0.392188 0.845312 0.392188 0.848437 0.39375 0.85 0.39375 0.860937 0.392188 0.8625 0.392188 0.867188 0.390625 0.86875 0.390625 0.873438 0.389062 0.875 0.389062 0.878125 0.3875 0.879687 0.3875 0.882812 0.385938 0.884375 0.385938 0.8875 0.384375 0.889063 0.384375 0.9 0.385938 0.901563 0.385938 0.90625 0.3875 0.907812 0.3875 0.909375 0.389062 0.910937 0.389062 0.914062 0.390625 0.915625 0.390625 0.91875 0.392188 0.920313 0.392188 0.926562 0.39375 0.928125 0.39375 0.929688 0.396875 0.932813 0.401563 0.932813 0.401563 0.976562 0.375 0.976562 0.375 0.970312 0.36875 0.964063 0.36875 0.9625 0.364062 0.957812 0.364062 0.95625 0.357812 0.95 0.357812 0.948438 0.351562 0.942187 0.35 0.942187 0.345313 0.9375 0.34375 0.9375 0.342187 0.935938 0.340625 0.935938 0.339063 0.934375 0.332812 0.934375 0.33125 0.932813 0.326562 0.932813 0.325 0.93125 0.320312 0.93125 0.31875 0.929688 0.315625 0.929688 0.314063 0.928125 0.310937 0.928125 0.309375 0.926562 0.307813 0.926562 0.30625 0.925 0.304688 0.925 0.303125 0.923437 0.3 0.923437 0.298438 0.921875 0.29375 0.921875 0.292188 0.920313 0.289062 0.920313 0.2875 0.91875 0.282813 0.91875 0.28125 0.917188 0.276563 0.917188 0.275 0.915625 0.273438 0.915625 0.271875 0.914062 0.26875 0.914062 0.267188 0.9125 0.264062 0.9125 0.2625 0.910937 0.257812 0.910937 0.25625 0.909375 0.245312 0.909375 0.24375 0.907812 0.232812 0.907812 0.23125 0.90625 0.220313 0.90625 0.21875 0.904688 0.19375 0.904688 0.192188 0.90625 0.176563 0.90625 0.175 0.907812 0.165625 0.907812 0.164062 0.909375 0.15625 0.909375 0.154687 0.910937 0.146875 0.910937 0.145313 0.9125 0.140625 0.9125 0.139062 0.914062 0.135937 0.914062 0.134375 0.915625 0.13125 0.915625 0.129688 0.917188 0.128125 0.917188 0.126563 0.91875 0.123438 0.91875 0.121875 0.920313 0.120312 0.920313 0.11875 0.921875 0.117188 0.921875 0.115625 0.923437 0.1125 0.923437 0.110937 0.925 0.109375 0.925 0.10625 0.928125 0.104687 0.928125 0.103125 0.929688 0.101562 0.929688 0.1 0.93125 0.0984375 0.93125 0.096875 0.932813 0.09375 0.932813 0.0921875 0.934375 0.0859375 0.934375 0.084375 0.935938 0.0796875 0.935938 0.078125 0.9375 0.0765625 0.9375 0.075 0.939062 0.0734375 0.939062 0.071875 0.940625 0.06875 0.940625 0.065625 0.94375 0.0640625 0.94375 0.0609375 0.946875 0.059375 0.946875 0.0578125 0.948438 0.05625 0.948438 0.0515625 0.953125 0.046875 0.953125 0.0453125 0.951563 0.040625 0.951563 0.040625 0.94375 0.0453125 0.94375 0.0484375 0.940625 0.0484375 0.939062 0.0515625 0.935938 0.0515625 0.932813 0.053125 0.93125 0.053125 0.928125 0.0546875 0.926562 0.0546875 0.925 0.05625 0.923437 0.05625 0.920313 0.0578125 0.91875 0.0578125 0.915625 0.059375 0.914062 0.059375 0.9125 0.0625 0.909375 0.0625 0.907812 0.0640625 0.90625 0.0640625 0.903125 0.065625 0.901563 0.065625 0.9 0.0671875 0.898438 0.0671875 0.895312 0.06875 0.89375 0.06875 0.889063 0.0703125 0.8875 0.0703125 0.882812 0.071875 0.88125 0.071875 0.878125 0.075 0.875 0.075 0.873438 0.0765625 0.871875 0.0765625 0.870313 0.078125 0.86875 0.078125 0.865625 0.08125 0.8625 0.08125 0.859375 0.0828125 0.857813 0.0828125 0.85625 0.084375 0.854688 0.084375 0.853125 0.0859375 0.853125 0.0953125 0.84375 0.096875 0.84375 0.0984375 0.842188 0.1 0.842188 0.103125 0.839063 0.104687 0.839063 0.110937 0.832812 0.1125 0.832812 0.114063 0.83125 0.114063 0.829687 0.117188 0.826563 0.11875 0.826563 0.121875 0.823438 0.123438 0.823438 0.126563 0.820312 0.128125 0.820312 0.129688 0.81875 0.132812 0.81875 0.134375 0.817187 0.14375 0.817187 0.145313 0.815625 0.148438 0.815625 0.15 0.814062 0.153125 0.814062 0.08125 0.823438 0.084375 0.820312 0.084375 0.817187 0.078125 0.810938 0.06875 0.810938 0.065625 0.807813 0.065625 0.803125 0.0515625 0.803125 0.0515625 0.814062 0.053125 0.815625 0.0546875 0.815625 0.059375 0.820312 0.065625 0.820312 0.0671875 0.821875 0.071875 0.821875 0.0734375 0.823438 0.08125 0.823438 0.153125 0.814062 0.154687 0.8125 0.160938 0.8125 0.1625 0.810938 0.167187 0.810938 0.170312 0.807813 0.170312 0.803125 0.267188 0.803125 0.267188 0.807813 0.26875 0.809375 0.275 0.809375 0.276563 0.807813 0.276563 0.803125 0.375 0.803125 0.375 0.8125 0.373437 0.814062 0.373437 0.815625 0.371875 0.817187 0.371875 0.81875 0.370313 0.820312 0.373437 0.823438 0.375 0.823438 0.376563 0.825 0.384375 0.825 0.385938 0.826563 0.39375 0.826563 0.395312 0.825 0.401563 0.825 0.401563 0.83125 0.396875 0.83125 0.395312 0.832812 0.39375 0.832812 0.392188 0.834375 0.392188 0.835938 0.390625 0.8375 0.390625 0.84375 0.392188 0.845312 0.890347
0 0.478125 0.290625 0.478125 0.295312 0.501562 0.295312 0.501562 0.2875 0.5 0.285937 0.49375 0.285937 0.492188 0.2875 0.484375 0.2875 0.482812 0.289062 0.479688 0.289062 0.478125 0.290625 0.296875 0.273438 0.298438 0.275 0.301562 0.275 0.303125 0.276563 0.304688 0.276563 0.304688 0.278125 0.309375 0.282813 0.314063 0.282813 0.315625 0.284375 0.317187 0.284375 0.321875 0.289062 0.323438 0.2875 0.328125 0.2875 0.328125 0.289062 0.329688 0.290625 0.329688 0.295312 0.215625 0.295312 0.215625 0.289062 0.225 0.289062 0.226562 0.290625 0.229687 0.290625 0.23125 0.289062 0.242188 0.289062 0.24375 0.2875 0.25 0.2875 0.251563 0.285937 0.25625 0.285937 0.257812 0.284375 0.292188 0.270312 0.3 0.270312 0.301562 0.26875 0.315625 0.26875 0.317187 0.267188 0.320312 0.267188 0.321875 0.265625 0.325 0.265625 0.326562 0.264062 0.353125 0.264062 0.354688 0.2625 0.357812 0.2625 0.359375 0.260938 0.365625 0.260938 0.367188 0.259375 0.373437 0.259375 0.375 0.257812 0.38125 0.257812 0.382812 0.25625 0.401563 0.25625 0.403125 0.254687 0.423438 0.254687 0.425 0.25625 0.4375 0.25625 0.439063 0.257812 0.448438 0.257812 0.45 0.259375 0.4625 0.259375 0.464063 0.260938 0.484375 0.260938 0.485938 0.2625 0.490625 0.2625 0.49375 0.265625 0.495313 0.265625 0.496875 0.267188 0.5 0.267188 0.501562 0.26875 0.504687 0.26875 0.50625 0.270312 0.507812 0.270312 0.5125 0.275 0.515625 0.275 0.520312 0.270312 0.526563 0.270312 0.526563 0.209375 0.521875 0.209375 0.51875 0.20625 0.517187 0.20625 0.514063 0.203125 0.5125 0.203125 0.510938 0.201562 0.509375 0.201562 0.507812 0.2 0.50625 0.2 0.504687 0.198437 0.503125 0.198437 0.501562 0.196875 0.498437 0.196875 0.496875 0.195312 0.492188 0.195312 0.490625 0.19375 0.4875 0.19375 0.485938 0.192188 0.482812 0.192188 0.48125 0.190625 0.476562 0.190625 0.475 0.189063 0.470313 0.189063 0.46875 0.1875 0.464063 0.1875 0.4625 0.185937 0.459375 0.185937 0.457812 0.184375 0.45625 0.184375 0.454688 0.182812 0.454688 0.178125 0.376563 0.178125 0.376563 0.182812 0.373437 0.185937 0.371875 0.185937 0.370313 0.1875 0.367188 0.1875 0.365625 0.189063 0.359375 0.189063 0.357812 0.190625 0.351562 0.190625 0.35 0.192188 0.348437 0.192188 0.346875 0.19375 0.345313 0.19375 0.34375 0.195312 0.340625 0.195312 0.339063 0.196875 0.334375 0.196875 0.332812 0.198437 0.33125 0.198437 0.329688 0.2 0.328125 0.2 0.326562 0.201562 0.323438 0.201562 0.321875 0.203125 0.31875 0.203125 0.317187 0.204688 0.314063 0.204688 0.3125 0.20625 0.309375 0.20625 0.307813 0.207813 0.303125 0.207813 0.301562 0.209375 0.29375 0.209375 0.292188 0.210938 0.284375 0.210938 0.282813 0.2125 0.28125 0.2125 0.279687 0.214062 0.278125 0.214062 0.271875 0.220313 0.270312 0.220313 0.265625 0.225 0.264062 0.225 0.260938 0.228125 0.259375 0.228125 0.254687 0.232812 0.253125 0.232812 0.253125 0.239063 0.25 0.242188 0.25 0.246875 0.248437 0.248437 0.248437 0.253125 0.25 0.254687 0.251563 0.254687 0.254687 0.257812 0.254687 0.265625 0.25625 0.267188 0.25625 0.26875 0.257812 0.270312 0.271875 0.270312 0.273438 0.26875 0.290625 0.26875 0.292188 0.270312 0.257812 0.284375 0.2625 0.284375 0.264062 0.282813 0.267188 0.282813 0.26875 0.28125 0.270312 0.28125 0.271875 0.279687 0.275 0.279687 0.276563 0.278125 0.284375 0.278125 0.285937 0.276563 0.2875 0.276563 0.289062 0.275 0.292188 0.275 0.29375 0.273438 0.296875 0.273438 0.866481
0 0.289062 0.440625 0.289062 0.445312 0.2875 0.446875 0.284375 0.446875 0.282813 0.448438 0.278125 0.448438 0.276563 0.45 0.271875 0.45 0.270312 0.451562 0.265625 0.451562 0.264062 0.453125 0.260938 0.453125 0.259375 0.454688 0.257812 0.454688 0.25625 0.45625 0.254687 0.45625 0.253125 0.457812 0.25 0.457812 0.248437 0.459375 0.246875 0.459375 0.245312 0.460938 0.24375 0.460938 0.242188 0.4625 0.239063 0.4625 0.2375 0.464063 0.235938 0.464063 0.232812 0.467187 0.23125 0.467187 0.229687 0.46875 0.228125 0.46875 0.226562 0.470313 0.225 0.470313 0.223438 0.471875 0.221875 0.471875 0.21875 0.475 0.217187 0.475 0.215625 0.476562 0.2125 0.476562 0.210938 0.478125 0.209375 0.478125 0.203125 0.484375 0.203125 0.4875 0.201562 0.489062 0.201562 0.492188 0.2 0.49375 0.2 0.496875 0.198437 0.498437 0.198437 0.5 0.196875 0.501562 0.196875 0.50625 0.195312 0.507812 0.195312 0.514063 0.19375 0.515625 0.19375 0.520312 0.192188 0.521875 0.192188 0.523438 0.190625 0.525 0.190625 0.528125 0.189063 0.529688 0.189063 0.532812 0.1875 0.534375 0.1875 0.535937 0.185937 0.5375 0.185937 0.539062 0.184375 0.540625 0.184375 0.542188 0.182812 0.54375 0.182812 0.546875 0.18125 0.548437 0.18125 0.55 0.178125 0.553125 0.178125 0.554688 0.176563 0.55625 0.176563 0.559375 0.175 0.560938 0.175 0.5625 0.173438 0.564062 0.171875 0.564062 0.171875 0.56875 0.170312 0.570312 0.170312 0.584375 0.16875 0.585938 0.16875 0.590625 0.170312 0.592188 0.171875 0.592188 0.171875 0.590625 0.175 0.5875 0.175 0.585938 0.176563 0.584375 0.178125 0.584375 0.182812 0.589063 0.189063 0.589063 0.192188 0.585938 0.195312 0.585938 0.196875 0.584375 0.201562 0.584375 0.203125 0.582812 0.204688 0.582812 0.20625 0.58125 0.207813 0.58125 0.209375 0.579687 0.2125 0.579687 0.214062 0.578125 0.217187 0.578125 0.21875 0.576563 0.220313 0.576563 0.221875 0.575 0.223438 0.575 0.225 0.573438 0.228125 0.573438 0.229687 0.571875 0.232812 0.571875 0.234375 0.570312 0.24375 0.570312 0.245312 0.56875 0.25625 0.56875 0.257812 0.567187 0.328125 0.567187 0.329688 0.56875 0.345313 0.56875 0.346875 0.570312 0.353125 0.570312 0.354688 0.571875 0.360938 0.571875 0.3625 0.573438 0.371875 0.573438 0.373437 0.575 0.382812 0.575 0.384375 0.576563 0.390625 0.576563 0.392188 0.578125 0.398438 0.578125 0.4 0.579687 0.409375 0.579687 0.410937 0.58125 0.415625 0.58125 0.417188 0.582812 0.420312 0.582812 0.421875 0.584375 0.425 0.584375 0.426562 0.585938 0.43125 0.585938 0.432813 0.5875 0.4375 0.5875 0.439063 0.589063 0.440625 0.589063 0.442187 0.590625 0.44375 0.590625 0.445312 0.592188 0.448438 0.592188 0.45 0.59375 0.451562 0.59375 0.453125 0.595312 0.454688 0.595312 0.45625 0.596875 0.460938 0.596875 0.464063 0.6 0.464063 0.601562 0.465625 0.603125 0.465625 0.6 0.4625 0.596875 0.4625 0.592188 0.460938 0.590625 0.460938 0.582812 0.4625 0.58125 0.4625 0.579687 0.464063 0.578125 0.464063 0.565625 0.465625 0.564062 0.465625 0.55625 0.470313 0.551562 0.471875 0.551562 0.475 0.548437 0.476562 0.548437 0.476562 0.546875 0.478125 0.545313 0.478125 0.54375 0.479688 0.542188 0.479688 0.540625 0.48125 0.539062 0.48125 0.535937 0.482812 0.534375 0.482812 0.523438 0.484375 0.521875 0.484375 0.520312 0.485938 0.51875 0.485938 0.517187 0.4875 0.515625 0.4875 0.510938 0.485938 0.509375 0.485938 0.507812 0.484375 0.50625 0.484375 0.504687 0.482812 0.503125 0.482812 0.501562 0.48125 0.501562 0.479688 0.5 0.470313 0.5 0.46875 0.498437 0.465625 0.498437 0.464063 0.496875 0.459375 0.496875 0.457812 0.495313 0.459375 0.49375 0.465625 0.49375 0.467187 0.492188 0.467187 0.490625 0.46875 0.489062 0.46875 0.4875 0.476562 0.479688 0.478125 0.479688 0.48125 0.476562 0.482812 0.476562 0.482812 0.475 0.484375 0.473437 0.484375 0.471875 0.482812 0.470313 0.479688 0.470313 0.478125 0.46875 0.475 0.46875 0.473437 0.467187 0.471875 0.467187 0.470313 0.465625 0.46875 0.465625 0.467187 0.464063 0.464063 0.464063 0.4625 0.4625 0.460938 0.4625 0.459375 0.460938 0.45625 0.460938 0.454688 0.459375 0.453125 0.459375 0.451562 0.457812 0.45 0.457812 0.448438 0.45625 0.445312 0.45625 0.44375 0.454688 0.440625 0.454688 0.439063 0.453125 0.4375 0.453125 0.434375 0.45 0.43125 0.45 0.429688 0.448438 0.425 0.448438 0.423438 0.446875 0.421875 0.446875 0.420312 0.445312 0.420312 0.440625 0.865604
0 0.323438 0.09375 0.321875 0.0921875 0.321875 0.090625 0.320312 0.0921875 0.320312 0.0984375 0.321875 0.1 0.323438 0.0984375 0.323438 0.09375 0.334375 0.090625 0.335938 0.090625 0.3375 0.0921875 0.351562 0.0921875 0.353125 0.090625 0.373437 0.090625 0.376563 0.09375 0.376563 0.1 0.375 0.101562 0.375 0.1125 0.376563 0.114063 0.375 0.115625 0.375 0.117188 0.371875 0.120312 0.371875 0.121875 0.370313 0.123438 0.370313 0.125 0.365625 0.129688 0.364062 0.129688 0.3625 0.13125 0.357812 0.13125 0.35625 0.132812 0.354688 0.132812 0.353125 0.134375 0.346875 0.134375 0.34375 0.1375 0.342187 0.1375 0.340625 0.139062 0.339063 0.139062 0.3375 0.1375 0.335938 0.1375 0.334375 0.135937 0.33125 0.135937 0.329688 0.1375 0.321875 0.1375 0.31875 0.134375 0.31875 0.132812 0.317187 0.13125 0.317187 0.126563 0.315625 0.125 0.315625 0.123438 0.314063 0.123438 0.3125 0.125 0.309375 0.125 0.309375 0.128125 0.307813 0.129688 0.307813 0.132812 0.30625 0.134375 0.30625 0.135937 0.303125 0.139062 0.303125 0.140625 0.301562 0.142188 0.301562 0.145313 0.3 0.146875 0.3 0.148438 0.296875 0.151562 0.296875 0.153125 0.295312 0.154687 0.295312 0.157813 0.29375 0.159375 0.29375 0.160938 0.290625 0.164062 0.290625 0.165625 0.289062 0.167187 0.289062 0.170312 0.2875 0.171875 0.2875 0.173438 0.284375 0.176563 0.284375 0.178125 0.282813 0.179688 0.282813 0.182812 0.28125 0.184375 0.28125 0.185937 0.278125 0.189063 0.271875 0.189063 0.271875 0.210938 0.278125 0.210938 0.279687 0.209375 0.285937 0.209375 0.2875 0.207813 0.298438 0.207813 0.3 0.20625 0.303125 0.20625 0.304688 0.204688 0.30625 0.204688 0.307813 0.203125 0.3125 0.203125 0.314063 0.201562 0.317187 0.201562 0.31875 0.2 0.320312 0.2 0.321875 0.198437 0.323438 0.198437 0.325 0.196875 0.328125 0.196875 0.329688 0.195312 0.334375 0.195312 0.335938 0.19375 0.339063 0.19375 0.340625 0.192188 0.342187 0.192188 0.34375 0.190625 0.346875 0.190625 0.348437 0.189063 0.353125 0.189063 0.354688 0.1875 0.359375 0.1875 0.360938 0.185937 0.365625 0.185937 0.367188 0.184375 0.370313 0.184375 0.371875 0.182812 0.376563 0.182812 0.378125 0.18125 0.379687 0.18125 0.38125 0.179688 0.382812 0.179688 0.384375 0.178125 0.3875 0.178125 0.389062 0.176563 0.395312 0.176563 0.396875 0.175 0.423438 0.175 0.425 0.176563 0.432813 0.176563 0.434375 0.178125 0.440625 0.178125 0.442187 0.179688 0.446875 0.179688 0.448438 0.18125 0.453125 0.18125 0.454688 0.182812 0.460938 0.182812 0.4625 0.184375 0.467187 0.184375 0.46875 0.185937 0.471875 0.185937 0.473437 0.1875 0.476562 0.1875 0.478125 0.189063 0.484375 0.189063 0.485938 0.190625 0.489062 0.190625 0.490625 0.192188 0.49375 0.192188 0.495313 0.19375 0.498437 0.19375 0.5 0.195312 0.503125 0.195312 0.504687 0.196875 0.50625 0.196875 0.507812 0.198437 0.510938 0.198437 0.514063 0.201562 0.520312 0.201562 0.521875 0.203125 0.523438 0.203125 0.528125 0.207813 0.529688 0.207813 0.532812 0.210938 0.534375 0.210938 0.535937 0.2125 0.539062 0.2125 0.540625 0.214062 0.542188 0.214062 0.54375 0.215625 0.54375 0.226562 0.546875 0.226562 0.546875 0.215625 0.548437 0.214062 0.551562 0.214062 0.551562 0.209375 0.553125 0.207813 0.553125 0.19375 0.554688 0.192188 0.554688 0.190625 0.55625 0.189063 0.55625 0.1875 0.557813 0.185937 0.564062 0.185937 0.564062 0.164062 0.559375 0.164062 0.554688 0.159375 0.554688 0.157813 0.553125 0.15625 0.553125 0.153125 0.551562 0.151562 0.551562 0.146875 0.55 0.145313 0.55 0.142188 0.548437 0.140625 0.548437 0.125 0.546875 0.123438 0.546875 0.120312 0.540625 0.114063 0.540625 0.1125 0.539062 0.110937 0.5375 0.110937 0.534375 0.114063 0.532812 0.114063 0.53125 0.1125 0.526563 0.1125 0.525 0.110937 0.523438 0.110937 0.520312 0.107813 0.503125 0.107813 0.501562 0.10625 0.5 0.10625 0.498437 0.104687 0.496875 0.104687 0.49375 0.101562 0.49375 0.1 0.490625 0.1 0.4875 0.096875 0.4875 0.09375 0.490625 0.090625 0.492188 0.090625 0.490625 0.0890625 0.489062 0.0890625 0.4875 0.0875 0.485938 0.0875 0.482812 0.084375 0.48125 0.084375 0.479688 0.0828125 0.475 0.0828125 0.473437 0.08125 0.46875 0.08125 0.467187 0.0796875 0.465625 0.0796875 0.464063 0.078125 0.464063 0.071875 0.4 0.071875 0.4 0.0765625 0.396875 0.0796875 0.395312 0.0796875 0.39375 0.08125 0.390625 0.08125 0.389062 0.0828125 0.385938 0.0828125 0.384375 0.084375 0.382812 0.084375 0.382812 0.0859375 0.38125 0.0875 0.379687 0.0875 0.378125 0.0890625 0.375 0.0890625 0.373437 0.090625 0.353125 0.090625 0.353125 0.0890625 0.35 0.0890625 0.348437 0.0875 0.34375 0.0875 0.342187 0.0859375 0.340625 0.0859375 0.339063 0.0875 0.3375 0.0875 0.335938 0.0890625 0.334375 0.0890625 0.334375 0.090625 0.865013
0 0.542188 0.353125 0.542188 0.359375 0.540625 0.360938 0.539062 0.360938 0.5375 0.3625 0.535937 0.3625 0.534375 0.364062 0.532812 0.364062 0.528125 0.36875 0.526563 0.36875 0.521875 0.373437 0.520312 0.373437 0.51875 0.375 0.515625 0.375 0.514063 0.376563 0.5125 0.375 0.50625 0.375 0.504687 0.376563 0.496875 0.376563 0.495313 0.378125 0.490625 0.378125 0.489062 0.379687 0.4875 0.379687 0.485938 0.38125 0.484375 0.38125 0.482812 0.382812 0.478125 0.382812 0.478125 0.396875 0.484375 0.396875 0.490625 0.403125 0.490625 0.404687 0.507812 0.421875 0.507812 0.423438 0.509375 0.425 0.509375 0.426562 0.510938 0.428125 0.510938 0.434375 0.507812 0.4375 0.507812 0.439063 0.503125 0.44375 0.498437 0.44375 0.496875 0.442187 0.495313 0.442187 0.49375 0.44375 0.485938 0.44375 0.484375 0.445312 0.478125 0.445312 0.485938 0.445312 0.492188 0.451562 0.492188 0.457812 0.525 0.457812 0.525 0.451562 0.526563 0.45 0.526563 0.445312 0.523438 0.442187 0.523438 0.4375 0.521875 0.435937 0.521875 0.432813 0.517187 0.428125 0.517187 0.426562 0.521875 0.421875 0.523438 0.421875 0.525 0.423438 0.526563 0.423438 0.528125 0.421875 0.529688 0.421875 0.53125 0.420312 0.532812 0.420312 0.535937 0.417188 0.5375 0.417188 0.542188 0.4125 0.54375 0.4125 0.548437 0.407813 0.548437 0.404687 0.55 0.403125 0.55 0.376563 0.553125 0.373437 0.557813 0.373437 0.557813 0.353125 0.860235
0 0.317187 0.071875 0.31875 0.0703125 0.31875 0.065625 0.317187 0.065625 0.315625 0.0640625 0.315625 0.0625 0.314063 0.0609375 0.309375 0.0609375 0.309375 0.071875 0.317187 0.071875 0.320312 0.075 0.320312 0.078125 0.31875 0.0796875 0.31875 0.08125 0.317187 0.0828125 0.317187 0.0875 0.315625 0.0890625 0.315625 0.096875 0.317187 0.0984375 0.317187 0.101562 0.31875 0.103125 0.31875 0.104687 0.320312 0.10625 0.321875 0.10625 0.325 0.103125 0.328125 0.103125 0.329688 0.101562 0.33125 0.101562 0.332812 0.1 0.334375 0.1 0.335938 0.0984375 0.339063 0.0984375 0.340625 0.096875 0.345313 0.096875 0.346875 0.0953125 0.354688 0.0953125 0.35625 0.09375 0.359375 0.09375 0.360938 0.0921875 0.3625 0.0921875 0.364062 0.090625 0.365625 0.090625 0.367188 0.0890625 0.36875 0.0890625 0.370313 0.0875 0.371875 0.0875 0.373437 0.0859375 0.375 0.0859375 0.376563 0.084375 0.379687 0.084375 0.38125 0.0828125 0.384375 0.0828125 0.385938 0.08125 0.3875 0.08125 0.389062 0.0796875 0.392188 0.0796875 0.39375 0.078125 0.398438 0.078125 0.4 0.0765625 0.403125 0.0765625 0.404687 0.075 0.409375 0.075 0.410937 0.0734375 0.415625 0.0734375 0.417188 0.071875 0.423438 0.071875 0.425 0.0703125 0.440625 0.0703125 0.442187 0.071875 0.448438 0.071875 0.45 0.0734375 0.454688 0.0734375 0.45625 0.075 0.459375 0.075 0.460938 0.0765625 0.464063 0.0765625 0.465625 0.078125 0.470313 0.078125 0.471875 0.0796875 0.475 0.0796875 0.476562 0.08125 0.479688 0.08125 0.48125 0.0828125 0.482812 0.0828125 0.484375 0.084375 0.489062 0.084375 0.490625 0.0859375 0.492188 0.0859375 0.49375 0.0875 0.495313 0.0875 0.496875 0.0890625 0.498437 0.0890625 0.5 0.090625 0.503125 0.090625 0.504687 0.0921875 0.50625 0.0921875 0.507812 0.09375 0.509375 0.09375 0.510938 0.0953125 0.514063 0.0953125 0.515625 0.096875 0.521875 0.096875 0.523438 0.0984375 0.526563 0.0984375 0.528125 0.1 0.529688 0.1 0.53125 0.101562 0.532812 0.101562 0.534375 0.103125 0.535937 0.103125 0.540625 0.107813 0.542188 0.107813 0.548437 0.114063 0.548437 0.120312 0.565625 0.120312 0.565625 0.1125 0.567187 0.110937 0.567187 0.109375 0.56875 0.107813 0.56875 0.10625 0.570312 0.104687 0.570312 0.103125 0.571875 0.101562 0.576563 0.101562 0.576563 0.0765625 0.570312 0.0765625 0.564062 0.0703125 0.5625 0.0703125 0.557813 0.065625 0.55625 0.065625 0.554688 0.0640625 0.553125 0.0640625 0.551562 0.0625 0.55 0.0625 0.546875 0.059375 0.545313 0.059375 0.54375 0.0578125 0.542188 0.0578125 0.540625 0.05625 0.539062 0.05625 0.5375 0.0546875 0.535937 0.0546875 0.534375 0.053125 0.532812 0.053125 0.53125 0.0515625 0.526563 0.0515625 0.525 0.05 0.521875 0.05 0.520312 0.0484375 0.517187 0.0484375 0.515625 0.046875 0.5125 0.046875 0.510938 0.0453125 0.509375 0.0453125 0.507812 0.04375 0.50625 0.04375 0.504687 0.0421875 0.503125 0.0421875 0.501562 0.040625 0.5 0.040625 0.498437 0.0390625 0.495313 0.0390625 0.49375 0.0375 0.489062 0.0375 0.4875 0.0359375 0.484375 0.0359375 0.482812 0.034375 0.48125 0.034375 0.479688 0.0328125 0.479688 0.028125 0.404687 0.028125 0.404687 0.0328125 0.401563 0.0359375 0.398438 0.0359375 0.396875 0.0375 0.39375 0.0375 0.392188 0.0390625 0.385938 0.0390625 0.384375 0.040625 0.382812 0.040625 0.38125 0.0421875 0.379687 0.0421875 0.378125 0.04375 0.376563 0.04375 0.375 0.0453125 0.371875 0.0453125 0.370313 0.046875 0.367188 0.046875 0.365625 0.0484375 0.364062 0.0484375 0.3625 0.05 0.360938 0.05 0.359375 0.0515625 0.35625 0.0515625 0.354688 0.053125 0.351562 0.053125 0.346875 0.0578125 0.342187 0.0578125 0.340625 0.059375 0.340625 0.0609375 0.3375 0.0640625 0.335938 0.0640625 0.334375 0.065625 0.332812 0.065625 0.328125 0.0703125 0.326562 0.0703125 0.325 0.071875 0.323438 0.071875 0.320312 0.075 0.840998
0 0.559375 0.0578125 0.554688 0.0578125 0.55625 0.0578125 0.557813 0.059375 0.559375 0.059375 0.559375 0.0578125 0.579687 0.0578125 0.585938 0.0640625 0.585938 0.065625 0.5875 0.0671875 0.5875 0.06875 0.589063 0.0703125 0.589063 0.0671875 0.590625 0.065625 0.590625 0.0578125 0.592188 0.05625 0.592188 0.053125 0.595312 0.05 0.601562 0.05 0.601562 0.0328125 0.595312 0.0328125 0.59375 0.03125 0.596875 0.0234375 0.559375 0.028125 0.557813 0.0265625 0.554688 0.0265625 0.553125 0.025 0.551562 0.025 0.55 0.0234375 0.55 0.021875 0.548437 0.0203125 0.546875 0.0203125 0.54375 0.0171875 0.542188 0.0171875 0.540625 0.015625 0.532812 0.015625 0.53125 0.0140625 0.529688 0.0140625 0.526563 0.0109375 0.521875 0.0109375 0.520312 0.009375 0.517187 0.009375 0.515625 0.0078125 0.510938 0.0078125 0.509375 0.00625 0.498437 0.00625 0.496875 0.0046875 0.490625 0.0046875 0.489062 0.003125 0.4875 0.003125 0.485938 0.0015625 0.485938 0 0.40625 0 0.40625 0.0015625 0.403125 0.0046875 0.396875 0.0046875 0.395312 0.00625 0.392188 0.00625 0.390625 0.0078125 0.3875 0.0078125 0.385938 0.009375 0.384375 0.009375 0.382812 0.0109375 0.379687 0.0109375 0.378125 0.0125 0.376563 0.0125 0.375 0.0140625 0.370313 0.0140625 0.367188 0.0171875 0.365625 0.0171875 0.3625 0.0203125 0.359375 0.0203125 0.357812 0.021875 0.35625 0.021875 0.35625 0.0234375 0.353125 0.0265625 0.345313 0.0265625 0.34375 0.028125 0.342187 0.028125 0.340625 0.0296875 0.339063 0.0296875 0.335938 0.0328125 0.332812 0.0328125 0.33125 0.034375 0.329688 0.034375 0.329688 0.0390625 0.328125 0.040625 0.328125 0.0421875 0.325 0.0453125 0.323438 0.0453125 0.320312 0.0484375 0.320312 0.05 0.317187 0.053125 0.317187 0.0546875 0.315625 0.05625 0.309375 0.05625 0.309375 0.06875 0.314063 0.06875 0.315625 0.0671875 0.315625 0.065625 0.317187 0.0640625 0.317187 0.0625 0.31875 0.0609375 0.325 0.0609375 0.326562 0.0625 0.326562 0.0640625 0.328125 0.0640625 0.329688 0.0625 0.332812 0.0625 0.3375 0.0578125 0.339063 0.0578125 0.340625 0.05625 0.340625 0.0546875 0.342187 0.053125 0.34375 0.053125 0.345313 0.0515625 0.348437 0.0515625 0.351562 0.0484375 0.353125 0.0484375 0.354688 0.046875 0.359375 0.046875 0.360938 0.0453125 0.365625 0.0453125 0.36875 0.0421875 0.370313 0.0421875 0.371875 0.040625 0.373437 0.040625 0.375 0.0390625 0.378125 0.0390625 0.379687 0.0375 0.382812 0.0375 0.384375 0.0359375 0.389062 0.0359375 0.390625 0.034375 0.398438 0.034375 0.4 0.0328125 0.40625 0.0328125 0.407813 0.03125 0.4125 0.03125 0.414062 0.0296875 0.420312 0.0296875 0.421875 0.028125 0.459375 0.028125 0.460938 0.0296875 0.470313 0.0296875 0.471875 0.03125 0.478125 0.03125 0.479688 0.0328125 0.4875 0.0328125 0.489062 0.034375 0.496875 0.034375 0.498437 0.0359375 0.5 0.0359375 0.501562 0.0375 0.504687 0.0375 0.50625 0.0390625 0.509375 0.0390625 0.510938 0.040625 0.514063 0.040625 0.515625 0.0421875 0.517187 0.0421875 0.520312 0.0453125 0.534375 0.0453125 0.532812 0.0453125 0.528125 0.040625 0.528125 0.0390625 0.526563 0.0390625 0.525 0.0375 0.521875 0.0375 0.520312 0.0359375 0.517187 0.0359375 0.515625 0.034375 0.51875 0.03125 0.525 0.03125 0.526563 0.0296875 0.529688 0.0296875 0.53125 0.028125 0.5375 0.028125 0.539062 0.0265625 0.548437 0.0265625 0.55 0.028125 0.559375 0.028125 0.596875 0.0234375 0.601562 0.0234375 0.601562 0.0171875 0.596875 0.0171875 0.596875 0.0234375 0.59375 0.03125 0.585938 0.03125 0.584375 0.0328125 0.582812 0.0328125 0.58125 0.03125 0.576563 0.03125 0.575 0.0328125 0.573438 0.0328125 0.575 0.034375 0.578125 0.034375 0.582812 0.0390625 0.582812 0.0515625 0.58125 0.053125 0.58125 0.0546875 0.579687 0.05625 0.579687 0.0578125 0.810995
0 0.246875 0.565625 0.246875 0.570312 0.245312 0.571875 0.24375 0.571875 0.242188 0.573438 0.2375 0.573438 0.235938 0.575 0.232812 0.575 0.23125 0.576563 0.228125 0.576563 0.226562 0.578125 0.221875 0.578125 0.220313 0.579687 0.21875 0.579687 0.217187 0.58125 0.214062 0.58125 0.2125 0.582812 0.210938 0.582812 0.209375 0.584375 0.207813 0.584375 0.20625 0.585938 0.203125 0.585938 0.201562 0.5875 0.2 0.5875 0.198437 0.589063 0.195312 0.589063 0.19375 0.590625 0.192188 0.590625 0.190625 0.592188 0.189063 0.592188 0.1875 0.59375 0.185937 0.59375 0.18125 0.598437 0.18125 0.6 0.175 0.60625 0.175 0.607813 0.173438 0.609375 0.173438 0.610937 0.171875 0.6125 0.165625 0.6125 0.165625 0.673437 0.170312 0.673437 0.171875 0.671875 0.176563 0.671875 0.178125 0.670313 0.18125 0.670313 0.182812 0.66875 0.185937 0.66875 0.1875 0.667188 0.190625 0.667188 0.192188 0.665625 0.195312 0.665625 0.196875 0.664062 0.2 0.664062 0.201562 0.6625 0.204688 0.6625 0.20625 0.660937 0.210938 0.660937 0.2125 0.659375 0.21875 0.659375 0.220313 0.657812 0.225 0.657812 0.226562 0.65625 0.229687 0.65625 0.23125 0.654688 0.235938 0.654688 0.2375 0.653125 0.240625 0.653125 0.242188 0.651563 0.245312 0.651563 0.246875 0.65 0.25 0.65 0.251563 0.648438 0.254687 0.648438 0.25625 0.646875 0.264062 0.646875 0.265625 0.645312 0.273438 0.645312 0.275 0.64375 0.28125 0.64375 0.282813 0.642187 0.320312 0.642187 0.321875 0.640625 0.326562 0.640625 0.328125 0.642187 0.35 0.642187 0.351562 0.64375 0.370313 0.64375 0.371875 0.645312 0.3875 0.645312 0.389062 0.646875 0.398438 0.646875 0.4 0.648438 0.404687 0.648438 0.40625 0.65 0.409375 0.65 0.410937 0.651563 0.414062 0.651563 0.415625 0.653125 0.417188 0.653125 0.41875 0.654688 0.420312 0.654688 0.421875 0.65625 0.423438 0.65625 0.425 0.657812 0.426562 0.657812 0.442187 0.673437 0.44375 0.673437 0.445312 0.675 0.446875 0.675 0.448438 0.676562 0.45 0.676562 0.451562 0.678125 0.451562 0.682813 0.451562 0.678125 0.454688 0.675 0.45625 0.675 0.459375 0.671875 0.459375 0.66875 0.460938 0.667188 0.460938 0.665625 0.4625 0.664062 0.4625 0.660937 0.465625 0.657812 0.470313 0.657812 0.470313 0.609375 0.465625 0.609375 0.45625 0.6 0.454688 0.6 0.451562 0.596875 0.45 0.596875 0.446875 0.59375 0.445312 0.59375 0.44375 0.592188 0.442187 0.592188 0.440625 0.590625 0.435937 0.590625 0.434375 0.589063 0.429688 0.589063 0.428125 0.5875 0.425 0.5875 0.423438 0.585938 0.420312 0.585938 0.41875 0.584375 0.415625 0.584375 0.414062 0.582812 0.410937 0.582812 0.409375 0.58125 0.40625 0.58125 0.404687 0.579687 0.398438 0.579687 0.396875 0.578125 0.389062 0.578125 0.3875 0.576563 0.371875 0.576563 0.370313 0.575 0.3625 0.575 0.360938 0.573438 0.354688 0.573438 0.353125 0.571875 0.351562 0.571875 0.35 0.570312 0.35 0.565625 0.810776
0 0.270312 0.640625 0.270312 0.645312 0.26875 0.646875 0.267188 0.646875 0.265625 0.648438 0.2625 0.648438 0.260938 0.65 0.25625 0.65 0.254687 0.651563 0.248437 0.651563 0.246875 0.653125 0.24375 0.653125 0.242188 0.654688 0.240625 0.654688 0.239063 0.65625 0.235938 0.65625 0.234375 0.657812 0.229687 0.657812 0.228125 0.659375 0.221875 0.659375 0.220313 0.660937 0.21875 0.660937 0.217187 0.6625 0.215625 0.6625 0.214062 0.664062 0.209375 0.664062 0.207813 0.665625 0.203125 0.665625 0.201562 0.667188 0.2 0.667188 0.198437 0.66875 0.196875 0.66875 0.195312 0.670313 0.19375 0.670313 0.192188 0.671875 0.190625 0.671875 0.189063 0.673437 0.1875 0.673437 0.182812 0.678125 0.18125 0.676562 0.173438 0.676562 0.171875 0.678125 0.16875 0.678125 0.167187 0.679688 0.165625 0.679688 0.1625 0.682813 0.160938 0.682813 0.159375 0.684375 0.15625 0.684375 0.154687 0.685938 0.153125 0.685938 0.15 0.689062 0.148438 0.689062 0.145313 0.692187 0.145313 0.69375 0.13125 0.707812 0.13125 0.709375 0.120312 0.720312 0.120312 0.721875 0.107813 0.734375 0.107813 0.735937 0.0984375 0.745313 0.096875 0.745313 0.096875 0.746875 0.0953125 0.748438 0.0953125 0.75 0.090625 0.754687 0.090625 0.75625 0.0890625 0.757812 0.0890625 0.7625 0.0875 0.764063 0.0875 0.770312 0.101562 0.770312 0.101562 0.765625 0.104687 0.7625 0.10625 0.7625 0.107813 0.760938 0.110937 0.760938 0.1125 0.759375 0.114063 0.759375 0.115625 0.757812 0.11875 0.757812 0.120312 0.75625 0.121875 0.75625 0.123438 0.754687 0.126563 0.754687 0.128125 0.753125 0.129688 0.753125 0.13125 0.751562 0.132812 0.751562 0.134375 0.75 0.1375 0.75 0.139062 0.748438 0.140625 0.748438 0.142188 0.746875 0.145313 0.746875 0.146875 0.745313 0.151562 0.745313 0.153125 0.74375 0.154687 0.74375 0.15625 0.742188 0.159375 0.742188 0.160938 0.740625 0.165625 0.740625 0.167187 0.739062 0.170312 0.739062 0.171875 0.7375 0.176563 0.7375 0.178125 0.735937 0.18125 0.735937 0.182812 0.734375 0.190625 0.734375 0.192188 0.732813 0.234375 0.732813 0.235938 0.73125 0.24375 0.73125 0.245312 0.729688 0.25 0.729688 0.251563 0.728125 0.257812 0.728125 0.259375 0.726562 0.265625 0.726562 0.267188 0.725 0.273438 0.725 0.275 0.723437 0.28125 0.723437 0.282813 0.721875 0.29375 0.721875 0.295312 0.720312 0.314063 0.720312 0.315625 0.71875 0.3375 0.71875 0.339063 0.720312 0.353125 0.720312 0.354688 0.721875 0.359375 0.721875 0.360938 0.723437 0.365625 0.723437 0.367188 0.725 0.370313 0.725 0.371875 0.726562 0.379687 0.726562 0.38125 0.728125 0.384375 0.728125 0.385938 0.729688 0.3875 0.729688 0.389062 0.73125 0.39375 0.73125 0.395312 0.732813 0.398438 0.732813 0.4 0.734375 0.401563 0.734375 0.403125 0.735937 0.40625 0.735937 0.407813 0.734375 0.409375 0.734375 0.409375 0.732813 0.410937 0.73125 0.410937 0.729688 0.4125 0.728125 0.414062 0.728125 0.414062 0.723437 0.4125 0.721875 0.414062 0.720312 0.414062 0.71875 0.415625 0.717188 0.415625 0.715625 0.41875 0.7125 0.41875 0.710938 0.420312 0.709375 0.420312 0.70625 0.421875 0.704687 0.425 0.704687 0.426562 0.70625 0.428125 0.704687 0.428125 0.703125 0.432813 0.698438 0.439063 0.698438 0.439063 0.676562 0.434375 0.676562 0.429688 0.671875 0.429688 0.670313 0.428125 0.66875 0.428125 0.667188 0.426562 0.667188 0.425 0.665625 0.421875 0.665625 0.420312 0.664062 0.420312 0.6625 0.41875 0.660937 0.41875 0.659375 0.417188 0.659375 0.414062 0.65625 0.410937 0.65625 0.409375 0.654688 0.407813 0.654688 0.40625 0.653125 0.403125 0.653125 0.401563 0.651563 0.39375 0.651563 0.392188 0.65 0.384375 0.65 0.382812 0.648438 0.378125 0.648438 0.371875 0.654688 0.367188 0.654688 0.365625 0.653125 0.364062 0.653125 0.3625 0.654688 0.357812 0.654688 0.35625 0.653125 0.345313 0.653125 0.342187 0.65 0.332812 0.65 0.33125 0.648438 0.321875 0.648438 0.31875 0.645312 0.31875 0.640625 0.796975
0 0.29375 0.357812 0.3 0.357812 0.3 0.353125 0.298438 0.353125 0.296875 0.351562 0.295312 0.351562 0.29375 0.353125 0.29375 0.357812 0.204688 0.357812 0.307813 0.35 0.310937 0.35 0.278125 0.328125 0.278125 0.329688 0.276563 0.33125 0.2625 0.334375 0.260938 0.332812 0.254687 0.332812 0.253125 0.33125 0.251563 0.332812 0.246875 0.332812 0.245312 0.334375 0.242188 0.334375 0.240625 0.335938 0.240625 0.3375 0.239063 0.339063 0.235938 0.339063 0.234375 0.340625 0.23125 0.340625 0.229687 0.342187 0.229687 0.345313 0.228125 0.346875 0.225 0.346875 0.223438 0.348437 0.220313 0.348437 0.21875 0.346875 0.217187 0.346875 0.217187 0.345313 0.21875 0.34375 0.21875 0.340625 0.220313 0.339063 0.220313 0.335938 0.221875 0.335938 0.226562 0.340625 0.229687 0.340625 0.235938 0.334375 0.235938 0.332812 0.504687 0.278125 0.504687 0.292188 0.509375 0.296875 0.514063 0.296875 0.514063 0.303125 0.509375 0.303125 0.50625 0.30625 0.50625 0.307813 0.504687 0.309375 0.504687 0.310937 0.503125 0.3125 0.503125 0.315625 0.5 0.31875 0.498437 0.31875 0.496875 0.320312 0.48125 0.320312 0.479688 0.31875 0.467187 0.31875 0.465625 0.317187 0.460938 0.317187 0.459375 0.315625 0.45625 0.315625 0.454688 0.314063 0.448438 0.314063 0.446875 0.3125 0.439063 0.3125 0.4375 0.310937 0.43125 0.310937 0.429688 0.309375 0.421875 0.309375 0.420312 0.307813 0.382812 0.307813 0.38125 0.309375 0.370313 0.309375 0.36875 0.310937 0.360938 0.310937 0.359375 0.3125 0.35 0.3125 0.348437 0.314063 0.332812 0.314063 0.33125 0.315625 0.307813 0.315625 0.30625 0.314063 0.303125 0.314063 0.285937 0.253125 0.285937 0.257812 0.282813 0.257812 0.2625 0.253125 0.2625 0.257812 0.260938 0.259375 0.260938 0.260938 0.259375 0.2625 0.259375 0.264062 0.257812 0.264062 0.257812 0.2625 0.25625 0.260938 0.25625 0.253125 0.248437 0.253125 0.239063 0.253125 0.239063 0.257812 0.242188 0.257812 0.24375 0.259375 0.246875 0.259375 0.248437 0.257812 0.248437 0.253125 0.25625 0.253125 0.2625 0.253125 0.282813 0.257812 0.282813 0.253125 0.285937 0.253125 0.303125 0.314063 0.301562 0.3125 0.282813 0.3125 0.28125 0.310937 0.279687 0.310937 0.278125 0.309375 0.271875 0.309375 0.267188 0.314063 0.264062 0.314063 0.2625 0.315625 0.260938 0.315625 0.259375 0.317187 0.25 0.317187 0.248437 0.31875 0.242188 0.31875 0.240625 0.320312 0.239063 0.320312 0.2375 0.31875 0.232812 0.31875 0.23125 0.317187 0.225 0.317187 0.223438 0.31875 0.221875 0.31875 0.21875 0.321875 0.223438 0.326562 0.223438 0.329688 0.221875 0.33125 0.221875 0.332812 0.21875 0.329688 0.217187 0.329688 0.215625 0.328125 0.209375 0.328125 0.209375 0.325 0.2125 0.321875 0.2125 0.3125 0.214062 0.310937 0.214062 0.307813 0.215625 0.30625 0.215625 0.298438 0.217187 0.296875 0.217187 0.29375 0.215625 0.292188 0.215625 0.290625 0.21875 0.290625 0.220313 0.289062 0.221875 0.289062 0.223438 0.290625 0.234375 0.290625 0.235938 0.289062 0.245312 0.289062 0.246875 0.2875 0.251563 0.2875 0.253125 0.285937 0.25625 0.285937 0.257812 0.284375 0.260938 0.284375 0.2625 0.282813 0.26875 0.282813 0.270312 0.28125 0.273438 0.28125 0.275 0.279687 0.278125 0.279687 0.279687 0.278125 0.28125 0.278125 0.282813 0.276563 0.284375 0.276563 0.285937 0.275 0.2875 0.275 0.289062 0.273438 0.292188 0.273438 0.295312 0.270312 0.301562 0.270312 0.303125 0.26875 0.30625 0.26875 0.307813 0.267188 0.309375 0.267188 0.310937 0.265625 0.314063 0.265625 0.315625 0.264062 0.357812 0.264062 0.359375 0.2625 0.365625 0.2625 0.367188 0.260938 0.36875 0.260938 0.370313 0.259375 0.371875 0.259375 0.373437 0.257812 0.373437 0.253125 0.45 0.253125 0.45 0.257812 0.451562 0.259375 0.45625 0.259375 0.457812 0.260938 0.464063 0.260938 0.465625 0.2625 0.470313 0.2625 0.471875 0.264062 0.48125 0.264062 0.482812 0.265625 0.49375 0.265625 0.498437 0.270312 0.5 0.270312 0.501562 0.271875 0.503125 0.271875 0.503125 0.276563 0.504687 0.278125 0.235938 0.332812 0.2375 0.332812 0.239063 0.33125 0.246875 0.33125 0.25 0.328125 0.25 0.326562 0.251563 0.325 0.254687 0.325 0.25625 0.326562 0.260938 0.326562 0.2625 0.328125 0.267188 0.328125 0.267188 0.329688 0.26875 0.33125 0.26875 0.332812 0.267188 0.332812 0.265625 0.334375 0.2625 0.334375 0.276563 0.33125 0.273438 0.328125 0.278125 0.328125 0.310937 0.35 0.3125 0.351562 0.315625 0.351562 0.317187 0.35 0.31875 0.35 0.320312 0.348437 0.325 0.348437 0.326562 0.35 0.332812 0.35 0.335938 0.353125 0.335938 0.357812 0.304688 0.357812 0.304688 0.353125 0.307813 0.35 0.204688 0.357812 0.204688 0.351562 0.203125 0.35 0.196875 0.35 0.196875 0.357812 0.204688 0.357812 0.738412
0 0.307813 0.359375 0.307813 0.364062 0.304688 0.367188 0.301562 0.367188 0.3 0.36875 0.296875 0.36875 0.295312 0.370313 0.292188 0.370313 0.290625 0.371875 0.284375 0.371875 0.282813 0.373437 0.28125 0.373437 0.279687 0.375 0.278125 0.375 0.276563 0.376563 0.275 0.376563 0.273438 0.378125 0.271875 0.378125 0.26875 0.38125 0.267188 0.38125 0.265625 0.382812 0.264062 0.382812 0.2625 0.384375 0.259375 0.384375 0.25625 0.3875 0.254687 0.3875 0.251563 0.390625 0.25 0.390625 0.248437 0.392188 0.246875 0.392188 0.240625 0.398438 0.239063 0.398438 0.232812 0.404687 0.23125 0.404687 0.228125 0.407813 0.226562 0.407813 0.225 0.409375 0.223438 0.409375 0.221875 0.410937 0.220313 0.410937 0.220313 0.4125 0.21875 0.414062 0.21875 0.415625 0.215625 0.41875 0.215625 0.420312 0.214062 0.421875 0.214062 0.423438 0.2125 0.425 0.2125 0.428125 0.210938 0.429688 0.210938 0.432813 0.209375 0.434375 0.209375 0.4375 0.207813 0.439063 0.207813 0.445312 0.20625 0.446875 0.20625 0.459375 0.204688 0.460938 0.204688 0.476562 0.220313 0.476562 0.220313 0.470313 0.221875 0.46875 0.223438 0.46875 0.226562 0.465625 0.229687 0.465625 0.23125 0.464063 0.232812 0.464063 0.235938 0.460938 0.2375 0.460938 0.239063 0.459375 0.242188 0.459375 0.24375 0.457812 0.246875 0.457812 0.25 0.454688 0.251563 0.454688 0.253125 0.453125 0.254687 0.453125 0.25625 0.451562 0.259375 0.451562 0.260938 0.45 0.264062 0.45 0.265625 0.448438 0.267188 0.448438 0.26875 0.446875 0.273438 0.446875 0.275 0.445312 0.284375 0.445312 0.285937 0.44375 0.292188 0.44375 0.29375 0.442187 0.3125 0.442187 0.314063 0.440625 0.353125 0.440625 0.354688 0.439063 0.38125 0.439063 0.382812 0.4375 0.457812 0.4375 0.459375 0.439063 0.464063 0.439063 0.465625 0.440625 0.470313 0.440625 0.471875 0.442187 0.476562 0.442187 0.479688 0.445312 0.48125 0.445312 0.482812 0.446875 0.484375 0.446875 0.485938 0.448438 0.4875 0.448438 0.490625 0.451562 0.492188 0.451562 0.496875 0.45625 0.498437 0.45625 0.5 0.457812 0.501562 0.457812 0.504687 0.460938 0.50625 0.460938 0.507812 0.4625 0.5125 0.4625 0.514063 0.464063 0.520312 0.464063 0.520312 0.428125 0.514063 0.428125 0.509375 0.423438 0.509375 0.421875 0.507812 0.421875 0.504687 0.41875 0.503125 0.41875 0.482812 0.398438 0.482812 0.396875 0.48125 0.396875 0.476562 0.392188 0.476562 0.390625 0.471875 0.385938 0.470313 0.385938 0.46875 0.384375 0.465625 0.384375 0.464063 0.382812 0.460938 0.382812 0.459375 0.38125 0.457812 0.38125 0.45625 0.379687 0.454688 0.379687 0.453125 0.378125 0.451562 0.378125 0.45 0.376563 0.448438 0.376563 0.446875 0.375 0.44375 0.375 0.442187 0.373437 0.440625 0.373437 0.439063 0.371875 0.43125 0.371875 0.429688 0.370313 0.417188 0.370313 0.415625 0.36875 0.410937 0.36875 0.409375 0.367188 0.403125 0.367188 0.401563 0.365625 0.398438 0.365625 0.396875 0.364062 0.396875 0.359375 0.389062 0.359375 0.389062 0.364062 0.3875 0.365625 0.384375 0.365625 0.382812 0.367188 0.35625 0.367188 0.353125 0.364062 0.353125 0.359375 0.730878
0 0.426562 0.740625 0.439063 0.740625 0.439063 0.739062 0.426562 0.739062 0.426562 0.740625 0.41875 0.748438 0.417188 0.748438 0.414062 0.745313 0.4125 0.745313 0.410937 0.74375 0.407813 0.74375 0.40625 0.742188 0.403125 0.742188 0.401563 0.740625 0.4 0.740625 0.398438 0.739062 0.396875 0.739062 0.395312 0.7375 0.39375 0.7375 0.392188 0.735937 0.390625 0.735937 0.389062 0.734375 0.3875 0.734375 0.385938 0.732813 0.384375 0.732813 0.382812 0.73125 0.379687 0.73125 0.378125 0.729688 0.375 0.729688 0.373437 0.728125 0.36875 0.728125 0.367188 0.726562 0.359375 0.726562 0.357812 0.725 0.353125 0.725 0.351562 0.723437 0.345313 0.723437 0.34375 0.721875 0.332812 0.721875 0.33125 0.720312 0.326562 0.720312 0.325 0.721875 0.3125 0.721875 0.310937 0.723437 0.303125 0.723437 0.301562 0.725 0.295312 0.725 0.29375 0.726562 0.2875 0.726562 0.285937 0.728125 0.276563 0.728125 0.275 0.729688 0.265625 0.729688 0.264062 0.73125 0.259375 0.73125 0.257812 0.732813 0.253125 0.732813 0.251563 0.734375 0.242188 0.734375 0.240625 0.735937 0.223438 0.735937 0.221875 0.7375 0.203125 0.7375 0.201562 0.739062 0.189063 0.739062 0.1875 0.740625 0.182812 0.740625 0.18125 0.742188 0.175 0.742188 0.173438 0.74375 0.16875 0.74375 0.167187 0.745313 0.1625 0.745313 0.160938 0.746875 0.157813 0.746875 0.15625 0.748438 0.151562 0.748438 0.15 0.75 0.146875 0.75 0.145313 0.751562 0.14375 0.751562 0.142188 0.753125 0.140625 0.753125 0.139062 0.754687 0.134375 0.754687 0.132812 0.75625 0.13125 0.75625 0.128125 0.759375 0.126563 0.759375 0.125 0.760938 0.121875 0.760938 0.120312 0.7625 0.114063 0.7625 0.10625 0.770312 0.103125 0.770312 0.101562 0.771875 0.096875 0.771875 0.09375 0.775 0.0921875 0.775 0.090625 0.776563 0.0890625 0.776563 0.0875 0.778125 0.0859375 0.778125 0.0796875 0.784375 0.078125 0.784375 0.0765625 0.785937 0.0765625 0.7875 0.075 0.789062 0.0734375 0.789062 0.0671875 0.795313 0.059375 0.795313 0.059375 0.821875 0.0671875 0.821875 0.06875 0.823438 0.071875 0.823438 0.0734375 0.825 0.0765625 0.825 0.078125 0.826563 0.0828125 0.826563 0.084375 0.825 0.0875 0.825 0.0890625 0.823438 0.0921875 0.823438 0.09375 0.821875 0.096875 0.821875 0.0984375 0.820312 0.103125 0.820312 0.104687 0.81875 0.109375 0.81875 0.110937 0.817187 0.117188 0.817187 0.11875 0.815625 0.121875 0.815625 0.123438 0.814062 0.126563 0.814062 0.128125 0.8125 0.129688 0.8125 0.13125 0.810938 0.134375 0.810938 0.135937 0.809375 0.140625 0.809375 0.142188 0.807813 0.15 0.807813 0.151562 0.80625 0.160938 0.80625 0.1625 0.804688 0.192188 0.804688 0.19375 0.80625 0.271875 0.80625 0.273438 0.807813 0.292188 0.807813 0.29375 0.809375 0.31875 0.809375 0.320312 0.810938 0.33125 0.810938 0.332812 0.8125 0.335938 0.8125 0.3375 0.814062 0.339063 0.814062 0.340625 0.815625 0.342187 0.815625 0.34375 0.817187 0.345313 0.817187 0.346875 0.81875 0.353125 0.81875 0.354688 0.820312 0.357812 0.820312 0.359375 0.821875 0.3625 0.821875 0.364062 0.820312 0.36875 0.820312 0.370313 0.81875 0.371875 0.81875 0.375 0.815625 0.379687 0.815625 0.38125 0.817187 0.385938 0.817187 0.3875 0.815625 0.390625 0.815625 0.392188 0.814062 0.395312 0.814062 0.395312 0.807813 0.396875 0.80625 0.398438 0.80625 0.401563 0.809375 0.401563 0.810938 0.403125 0.8125 0.403125 0.815625 0.404687 0.817187 0.404687 0.823438 0.401563 0.826563 0.395312 0.826563 0.396875 0.828125 0.401563 0.828125 0.407813 0.834375 0.407813 0.839063 0.414062 0.839063 0.414062 0.828125 0.415625 0.826563 0.415625 0.79375 0.420312 0.789062 0.420312 0.7875 0.426562 0.78125 0.426562 0.779688 0.432813 0.773438 0.439063 0.773438 0.439063 0.760938 0.432813 0.760938 0.429688 0.757812 0.428125 0.757812 0.41875 0.748438 0.724069
0 0.246875 0.303125 0.246875 0.382812 0.270312 0.382812 0.270312 0.376563 0.271875 0.375 0.273438 0.375 0.275 0.373437 0.276563 0.373437 0.278125 0.371875 0.28125 0.371875 0.282813 0.370313 0.285937 0.370313 0.2875 0.36875 0.289062 0.36875 0.290625 0.367188 0.29375 0.367188 0.295312 0.365625 0.298438 0.365625 0.3 0.364062 0.303125 0.364062 0.304688 0.3625 0.314063 0.3625 0.315625 0.360938 0.329688 0.360938 0.33125 0.3625 0.353125 0.3625 0.354688 0.364062 0.379687 0.364062 0.38125 0.3625 0.403125 0.3625 0.404687 0.364062 0.410937 0.364062 0.4125 0.365625 0.421875 0.365625 0.423438 0.367188 0.43125 0.367188 0.432813 0.36875 0.4375 0.36875 0.439063 0.370313 0.442187 0.370313 0.44375 0.371875 0.446875 0.371875 0.448438 0.373437 0.45 0.373437 0.451562 0.375 0.453125 0.375 0.45625 0.378125 0.45625 0.382812 0.489062 0.382812 0.489062 0.378125 0.492188 0.375 0.495313 0.375 0.496875 0.373437 0.503125 0.373437 0.504687 0.371875 0.520312 0.371875 0.525 0.367188 0.526563 0.367188 0.53125 0.3625 0.532812 0.3625 0.534375 0.360938 0.535937 0.360938 0.5375 0.359375 0.539062 0.359375 0.545313 0.353125 0.551562 0.353125 0.551562 0.351562 0.546875 0.351562 0.540625 0.345313 0.5375 0.345313 0.535937 0.34375 0.534375 0.34375 0.529688 0.339063 0.528125 0.339063 0.525 0.335938 0.523438 0.335938 0.51875 0.33125 0.517187 0.33125 0.514063 0.328125 0.5125 0.328125 0.509375 0.325 0.507812 0.325 0.50625 0.323438 0.504687 0.323438 0.501562 0.320312 0.504687 0.317187 0.504687 0.314063 0.50625 0.3125 0.50625 0.309375 0.507812 0.307813 0.507812 0.303125 0.454688 0.303125 0.454688 0.309375 0.451562 0.3125 0.448438 0.3125 0.446875 0.314063 0.445312 0.314063 0.44375 0.3125 0.4375 0.3125 0.435937 0.310937 0.425 0.310937 0.423438 0.309375 0.410937 0.309375 0.409375 0.307813 0.409375 0.303125 0.401563 0.303125 0.401563 0.307813 0.4 0.309375 0.384375 0.309375 0.382812 0.310937 0.357812 0.310937 0.354688 0.307813 0.354688 0.303125 0.709148
0 0.207813 0.309375 0.207813 0.320312 0.209375 0.321875 0.209375 0.325 0.210938 0.326562 0.2125 0.326562 0.215625 0.329688 0.217187 0.329688 0.220313 0.332812 0.220313 0.334375 0.221875 0.335938 0.223438 0.335938 0.225 0.3375 0.225 0.340625 0.223438 0.342187 0.223438 0.345313 0.220313 0.348437 0.21875 0.348437 0.214062 0.353125 0.2125 0.353125 0.210938 0.354688 0.209375 0.354688 0.20625 0.357812 0.20625 0.371875 0.207813 0.373437 0.207813 0.376563 0.209375 0.378125 0.209375 0.379687 0.210938 0.38125 0.210938 0.382812 0.2125 0.384375 0.2125 0.385938 0.214062 0.3875 0.214062 0.389062 0.215625 0.390625 0.215625 0.395312 0.248437 0.395312 0.248437 0.389062 0.25 0.3875 0.251563 0.3875 0.254687 0.384375 0.25625 0.384375 0.257812 0.382812 0.260938 0.382812 0.264062 0.379687 0.265625 0.379687 0.267188 0.378125 0.26875 0.378125 0.270312 0.376563 0.271875 0.376563 0.275 0.373437 0.276563 0.373437 0.278125 0.371875 0.28125 0.371875 0.282813 0.370313 0.285937 0.370313 0.2875 0.36875 0.290625 0.36875 0.292188 0.367188 0.29375 0.367188 0.295312 0.365625 0.298438 0.365625 0.3 0.364062 0.303125 0.364062 0.304688 0.3625 0.315625 0.3625 0.317187 0.360938 0.326562 0.360938 0.328125 0.3625 0.354688 0.3625 0.35625 0.364062 0.378125 0.364062 0.379687 0.3625 0.404687 0.3625 0.40625 0.364062 0.4125 0.364062 0.414062 0.365625 0.423438 0.365625 0.425 0.367188 0.432813 0.367188 0.434375 0.36875 0.4375 0.36875 0.439063 0.370313 0.44375 0.370313 0.445312 0.371875 0.448438 0.371875 0.451562 0.375 0.454688 0.375 0.45625 0.376563 0.457812 0.376563 0.459375 0.378125 0.460938 0.378125 0.4625 0.379687 0.465625 0.379687 0.467187 0.38125 0.46875 0.38125 0.470313 0.382812 0.476562 0.382812 0.478125 0.38125 0.479688 0.38125 0.48125 0.379687 0.482812 0.379687 0.484375 0.378125 0.4875 0.378125 0.489062 0.376563 0.490625 0.376563 0.492188 0.375 0.495313 0.375 0.496875 0.373437 0.503125 0.373437 0.504687 0.371875 0.51875 0.371875 0.520312 0.370313 0.521875 0.370313 0.525 0.367188 0.526563 0.367188 0.53125 0.3625 0.532812 0.3625 0.534375 0.360938 0.539062 0.360938 0.539062 0.342187 0.532812 0.342187 0.529688 0.339063 0.528125 0.339063 0.525 0.335938 0.523438 0.335938 0.51875 0.33125 0.517187 0.33125 0.514063 0.328125 0.5125 0.328125 0.509375 0.325 0.507812 0.325 0.50625 0.323438 0.503125 0.323438 0.501562 0.321875 0.501562 0.320312 0.504687 0.317187 0.504687 0.309375 0.569848
0 0.335938 0 0.335938 0.003125 0.329688 0.009375 0.329688 0.0109375 0.325 0.015625 0.325 0.0171875 0.321875 0.0203125 0.315625 0.0203125 0.315625 0.0390625 0.33125 0.0390625 0.33125 0.034375 0.339063 0.0265625 0.340625 0.0265625 0.34375 0.0234375 0.345313 0.0234375 0.346875 0.021875 0.35 0.021875 0.351562 0.0203125 0.354688 0.0203125 0.357812 0.0171875 0.360938 0.0171875 0.3625 0.015625 0.364062 0.015625 0.365625 0.0140625 0.367188 0.0140625 0.36875 0.0125 0.370313 0.0125 0.371875 0.0109375 0.375 0.0109375 0.376563 0.009375 0.379687 0.009375 0.38125 0.0078125 0.384375 0.0078125 0.384375 0.00625 0.385938 0.0046875 0.3875 0.0046875 0.389062 0.003125 0.39375 0.003125 0.395312 0.0015625 0.401563 0.0015625 0.401563 0 0.482759
0 0.546875 0.35 0.545313 0.351562 0.545313 0.354688 0.54375 0.35625 0.54375 0.357812 0.540625 0.360938 0.539062 0.360938 0.535937 0.364062 0.532812 0.364062 0.526563 0.370313 0.525 0.370313 0.521875 0.373437 0.520312 0.373437 0.51875 0.375 0.515625 0.375 0.514063 0.376563 0.5125 0.375 0.507812 0.375 0.50625 0.376563 0.496875 0.376563 0.495313 0.378125 0.490625 0.378125 0.489062 0.379687 0.4875 0.379687 0.485938 0.38125 0.484375 0.38125 0.482812 0.382812 0.479688 0.382812 0.478125 0.384375 0.471875 0.384375 0.471875 0.390625 0.478125 0.390625 0.49375 0.40625 0.49375 0.407813 0.501562 0.415625 0.503125 0.415625 0.507812 0.420312 0.507812 0.421875 0.5125 0.426562 0.5125 0.432813 0.51875 0.432813 0.51875 0.426562 0.521875 0.423438 0.523438 0.425 0.526563 0.425 0.53125 0.420312 0.532812 0.420312 0.534375 0.41875 0.535937 0.41875 0.542188 0.4125 0.54375 0.4125 0.548437 0.407813 0.548437 0.40625 0.55 0.404687 0.55 0.379687 0.551562 0.378125 0.551562 0.376563 0.553125 0.375 0.557813 0.375 0.557813 0.35 0.380454
0 0.434375 0 0.434375 0.00625 0.439063 0.00625 0.440625 0.0078125 0.45 0.0078125 0.451562 0.00625 0.460938 0.00625 0.4625 0.0046875 0.475 0.0046875 0.476562 0.003125 0.501562 0.003125 0.503125 0.0046875 0.509375 0.0046875 0.510938 0.00625 0.514063 0.00625 0.515625 0.0078125 0.520312 0.0078125 0.521875 0.009375 0.53125 0.009375 0.532812 0.0109375 0.535937 0.0109375 0.5375 0.0125 0.539062 0.0125 0.540625 0.0140625 0.542188 0.0140625 0.54375 0.015625 0.546875 0.015625 0.548437 0.0171875 0.551562 0.0171875 0.553125 0.01875 0.554688 0.01875 0.55625 0.0203125 0.557813 0.0203125 0.559375 0.021875 0.5625 0.021875 0.564062 0.0234375 0.567187 0.0234375 0.56875 0.025 0.570312 0.025 0.571875 0.0265625 0.573438 0.0265625 0.575 0.028125 0.579687 0.028125 0.58125 0.0296875 0.582812 0.0296875 0.584375 0.03125 0.585938 0.03125 0.589063 0.034375 0.589063 0.0390625 0.601562 0.0390625 0.601562 0.0125 0.596875 0.0125 0.59375 0.009375 0.59375 0.00625 0.592188 0.0046875 0.592188 0 0.306784
0 0.415625 0.0265625 0.404687 0.0265625 0.403125 0.028125 0.401563 0.028125 0.4 0.0296875 0.396875 0.0296875 0.39375 0.0328125 0.392188 0.0328125 0.401563 0.0328125 0.401563 0.03125 0.404687 0.028125 0.410937 0.028125 0.4125 0.0265625 0.415625 0.0265625 0.592188 0.0078125 0.596875 0.0125 0.601562 0.0125 0.601562 0.0515625 0.59375 0.0515625 0.59375 0.0421875 0.595312 0.040625 0.59375 0.0390625 0.59375 0.0375 0.592188 0.0359375 0.590625 0.0359375 0.384375 0.00625 0.38125 0.003125 0.38125 0 0.3375 0 0.3375 0.0015625 0.334375 0.0046875 0.334375 0.00625 0.33125 0.009375 0.33125 0.0109375 0.326562 0.015625 0.326562 0.0171875 0.321875 0.021875 0.321875 0.034375 0.323438 0.034375 0.325 0.0359375 0.328125 0.0359375 0.329688 0.034375 0.332812 0.034375 0.334375 0.0328125 0.334375 0.03125 0.3375 0.028125 0.339063 0.028125 0.345313 0.021875 0.35 0.021875 0.351562 0.0203125 0.354688 0.0203125 0.357812 0.0171875 0.360938 0.0171875 0.3625 0.015625 0.365625 0.015625 0.36875 0.0125 0.370313 0.0125 0.371875 0.0109375 0.373437 0.0109375 0.375 0.009375 0.38125 0.009375 0.382812 0.0078125 0.384375 0.0078125 0.384375 0.00625 0.590625 0.0359375 0.585938 0.03125 0.584375 0.03125 0.582812 0.0296875 0.579687 0.0296875 0.578125 0.028125 0.575 0.028125 0.573438 0.0265625 0.571875 0.0265625 0.570312 0.025 0.56875 0.025 0.567187 0.0234375 0.565625 0.0234375 0.564062 0.021875 0.559375 0.021875 0.557813 0.0203125 0.55625 0.0203125 0.553125 0.0171875 0.55 0.0171875 0.548437 0.015625 0.54375 0.015625 0.542188 0.0140625 0.540625 0.0140625 0.539062 0.0125 0.5375 0.0125 0.535937 0.0109375 0.534375 0.0109375 0.532812 0.009375 0.520312 0.009375 0.51875 0.0078125 0.5125 0.0078125 0.510938 0.00625 0.509375 0.00625 0.507812 0.0046875 0.478125 0.0046875 0.476562 0.00625 0.467187 0.00625 0.465625 0.0078125 0.464063 0.0078125 0.460938 0.0109375 0.460938 0.0140625 0.459375 0.015625 0.457812 0.015625 0.45625 0.0171875 0.448438 0.0171875 0.446875 0.01875 0.43125 0.01875 0.429688 0.0171875 0.426562 0.0171875 0.425 0.015625 0.423438 0.015625 0.421875 0.0140625 0.421875 0.0125 0.420312 0.0109375 0.420312 0.009375 0.417188 0.00625 0.407813 0.00625 0.40625 0.0046875 0.396875 0.0046875 0.395312 0.003125 0.3875 0.003125 0.3875 0 0.592188 0 0.592188 0.0078125 0.27558
