0 0.982813 0.1375 0.98125 0.139062 0.98125 0.140625 0.982813 0.142188 0.984375 0.140625 0.984375 0.139062 0.982813 0.1375 0.978125 0.128125 0.976562 0.126563 0.978125 0.125 0.953125 0.015625 0.951563 0.0171875 0.940625 0.00625 0.967188 0.00625 0.96875 0.0046875 0.973437 0.0046875 0.975 0.00625 0.9875 0.00625 0.989062 0.0078125 0.995313 0.0078125 0.995313 0 0.528125 0 0.528125 0.0078125 0.535937 0.0078125 0.5375 0.009375 0.539062 0.009375 0.540625 0.0109375 0.542188 0.0109375 0.545313 0.0140625 0.546875 0.0140625 0.548437 0.015625 0.55 0.015625 0.559375 0.025 0.559375 0.0265625 0.560938 0.0265625 0.5625 0.028125 0.564062 0.028125 0.571875 0.0359375 0.573438 0.0359375 0.575 0.0375 0.576563 0.0375 0.582812 0.04375 0.582812 0.0453125 0.584375 0.046875 0.585938 0.046875 0.589063 0.05 0.590625 0.05 0.601562 0.0609375 0.603125 0.0609375 0.60625 0.0640625 0.60625 0.065625 0.609375 0.06875 0.609375 0.0703125 0.610937 0.071875 0.6125 0.071875 0.620313 0.0796875 0.620313 0.08125 0.621875 0.0828125 0.621875 0.084375 0.623438 0.0828125 0.626562 0.0828125 0.628125 0.084375 0.628125 0.0859375 0.629687 0.0875 0.629687 0.0890625 0.63125 0.090625 0.63125 0.0921875 0.632812 0.09375 0.632812 0.0984375 0.634375 0.1 0.634375 0.103125 0.635938 0.103125 0.639063 0.10625 0.639063 0.107813 0.640625 0.109375 0.640625 0.110937 0.642187 0.1125 0.642187 0.114063 0.64375 0.115625 0.64375 0.117188 0.645312 0.11875 0.645312 0.125 0.646875 0.126563 0.646875 0.129688 0.65 0.132812 0.65 0.134375 0.651563 0.135937 0.651563 0.1375 0.653125 0.139062 0.653125 0.142188 0.654688 0.14375 0.654688 0.145313 0.65625 0.146875 0.65625 0.15 0.657812 0.151562 0.657812 0.157813 0.659375 0.159375 0.659375 0.164062 0.660937 0.165625 0.660937 0.167187 0.6625 0.16875 0.6625 0.170312 0.664062 0.171875 0.664062 0.176563 0.665625 0.178125 0.665625 0.182812 0.667188 0.184375 0.667188 0.185937 0.66875 0.1875 0.66875 0.190625 0.670313 0.192188 0.670313 0.195312 0.671875 0.196875 0.671875 0.201562 0.675 0.204688 0.675 0.20625 0.676562 0.207813 0.676562 0.209375 0.685938 0.21875 0.6875 0.21875 0.698438 0.229687 0.703125 0.229687 0.70625 0.232812 0.707812 0.232812 0.709375 0.234375 0.710938 0.234375 0.7125 0.235938 0.715625 0.235938 0.717188 0.2375 0.726562 0.2375 0.728125 0.239063 0.7375 0.239063 0.739062 0.240625 0.739062 0.245312 0.739062 0.240625 0.740625 0.239063 0.74375 0.239063 0.745313 0.2375 0.746875 0.2375 0.748438 0.235938 0.751562 0.235938 0.753125 0.234375 0.760938 0.234375 0.7625 0.232812 0.775 0.232812 0.776563 0.23125 0.785937 0.23125 0.7875 0.229687 0.795313 0.229687 0.796875 0.228125 0.80625 0.228125 0.807813 0.226562 0.825 0.226562 0.826563 0.225 0.8625 0.225 0.864062 0.226562 0.875 0.226562 0.876562 0.228125 0.8875 0.228125 0.889063 0.229687 0.901563 0.229687 0.903125 0.23125 0.909375 0.23125 0.910937 0.232812 0.91875 0.232812 0.920313 0.234375 0.926562 0.234375 0.928125 0.235938 0.935938 0.235938 0.9375 0.2375 0.942187 0.2375 0.94375 0.239063 0.945312 0.239063 0.946875 0.240625 0.946875 0.245312 0.995313 0.245312 0.995313 0.185937 0.989062 0.185937 0.9875 0.184375 0.9875 0.18125 0.984375 0.178125 0.984375 0.176563 0.982813 0.175 0.982813 0.173438 0.98125 0.171875 0.98125 0.167187 0.979688 0.165625 0.979688 0.164062 0.978125 0.1625 0.978125 0.160938 0.975 0.157813 0.975 0.153125 0.973437 0.151562 0.973437 0.148438 0.970312 0.145313 0.970312 0.140625 0.96875 0.139062 0.96875 0.135937 0.967188 0.134375 0.967188 0.132812 0.965625 0.13125 0.965625 0.125 0.964063 0.123438 0.964063 0.121875 0.9625 0.120312 0.9625 0.11875 0.960938 0.117188 0.960938 0.115625 0.959375 0.114063 0.957812 0.114063 0.95625 0.1125 0.95625 0.110937 0.953125 0.107813 0.953125 0.101562 0.951563 0.1 0.951563 0.096875 0.95 0.0953125 0.95 0.0921875 0.948438 0.090625 0.948438 0.0890625 0.942187 0.0828125 0.942187 0.0734375 0.940625 0.071875 0.940625 0.0703125 0.939062 0.06875 0.939062 0.0671875 0.935938 0.0640625 0.934375 0.0640625 0.928125 0.0578125 0.928125 0.05 0.926562 0.0484375 0.926562 0.04375 0.929688 0.040625 0.929688 0.0390625 0.926562 0.0359375 0.921875 0.0359375 0.920313 0.034375 0.920313 0.0328125 0.921875 0.03125 0.93125 0.03125 0.935938 0.0265625 0.934375 0.025 0.934375 0.0171875 0.935938 0.015625 0.935938 0.009375 0.9375 0.0078125 0.939062 0.0078125 0.940625 0.00625 0.951563 0.0171875 0.95 0.015625 0.951563 0.0140625 0.953125 0.0140625 0.953125 0.015625 0.978125 0.125 0.978125 0.128125 0.930868
0 0.764063 0.532812 0.7625 0.532812 0.760938 0.534375 0.7625 0.534375 0.764063 0.535937 0.764063 0.532812 0.804688 0.517187 0.80625 0.51875 0.80625 0.520312 0.807813 0.521875 0.807813 0.525 0.809375 0.526563 0.809375 0.529688 0.8125 0.532812 0.8125 0.534375 0.820312 0.542188 0.820312 0.54375 0.823438 0.546875 0.823438 0.565625 0.821875 0.567187 0.821875 0.570312 0.820312 0.571875 0.820312 0.575 0.81875 0.576563 0.81875 0.578125 0.820312 0.579687 0.821875 0.579687 0.825 0.582812 0.828125 0.582812 0.829687 0.584375 0.832812 0.584375 0.834375 0.585938 0.8375 0.585938 0.839063 0.5875 0.840625 0.5875 0.84375 0.590625 0.84375 0.595312 0.865625 0.595312 0.865625 0.590625 0.86875 0.5875 0.889063 0.5875 0.890625 0.589063 0.896875 0.589063 0.898438 0.590625 0.898438 0.595312 0.953125 0.595312 0.953125 0.590625 0.95625 0.5875 0.957812 0.5875 0.959375 0.585938 0.9625 0.585938 0.964063 0.584375 0.971875 0.584375 0.973437 0.582812 0.976562 0.582812 0.978125 0.58125 0.984375 0.58125 0.990625 0.5875 0.990625 0.589063 0.992188 0.589063 0.99375 0.590625 0.99375 0.595312 0.998438 0.595312 0.998438 0.251563 0.976562 0.251563 0.975 0.25 0.970312 0.25 0.96875 0.248437 0.967188 0.248437 0.965625 0.246875 0.960938 0.246875 0.959375 0.245312 0.951563 0.245312 0.95 0.24375 0.948438 0.24375 0.946875 0.242188 0.945312 0.242188 0.94375 0.240625 0.939062 0.240625 0.9375 0.239063 0.923437 0.239063 0.921875 0.2375 0.917188 0.2375 0.915625 0.235938 0.9125 0.235938 0.909375 0.232812 0.909375 0.228125 0.773438 0.228125 0.773438 0.232812 0.771875 0.234375 0.76875 0.234375 0.767187 0.235938 0.7625 0.235938 0.760938 0.2375 0.75625 0.2375 0.754687 0.239063 0.75 0.239063 0.748438 0.240625 0.745313 0.240625 0.74375 0.242188 0.740625 0.242188 0.739062 0.24375 0.734375 0.24375 0.732813 0.242188 0.710938 0.242188 0.709375 0.24375 0.707812 0.24375 0.70625 0.245312 0.704687 0.245312 0.703125 0.246875 0.696875 0.246875 0.696875 0.264062 0.701563 0.264062 0.70625 0.26875 0.70625 0.271875 0.707812 0.273438 0.707812 0.275 0.709375 0.276563 0.709375 0.279687 0.710938 0.28125 0.710938 0.284375 0.7125 0.285937 0.7125 0.301562 0.714063 0.303125 0.714063 0.30625 0.715625 0.307813 0.715625 0.310937 0.717188 0.3125 0.717188 0.315625 0.71875 0.317187 0.71875 0.31875 0.720312 0.320312 0.720312 0.321875 0.723437 0.325 0.725 0.325 0.728125 0.328125 0.729688 0.328125 0.732813 0.33125 0.734375 0.33125 0.735937 0.332812 0.7375 0.332812 0.742188 0.3375 0.742188 0.359375 0.74375 0.360938 0.74375 0.3625 0.745313 0.364062 0.745313 0.367188 0.746875 0.36875 0.746875 0.370313 0.753125 0.376563 0.753125 0.39375 0.754687 0.395312 0.754687 0.403125 0.75625 0.404687 0.75625 0.40625 0.757812 0.407813 0.757812 0.410937 0.759375 0.4125 0.759375 0.415625 0.760938 0.417188 0.760938 0.41875 0.7625 0.420312 0.7625 0.421875 0.764063 0.423438 0.764063 0.426562 0.765625 0.428125 0.765625 0.43125 0.767187 0.432813 0.767187 0.434375 0.76875 0.435937 0.76875 0.4375 0.770312 0.439063 0.770312 0.442187 0.773438 0.445312 0.773438 0.446875 0.776563 0.45 0.776563 0.451562 0.778125 0.453125 0.778125 0.454688 0.779688 0.45625 0.779688 0.457812 0.78125 0.459375 0.78125 0.460938 0.782812 0.4625 0.782812 0.464063 0.784375 0.465625 0.784375 0.467187 0.785937 0.46875 0.785937 0.471875 0.7875 0.473437 0.7875 0.476562 0.789062 0.478125 0.789062 0.482812 0.790625 0.484375 0.790625 0.485938 0.792188 0.4875 0.792188 0.490625 0.79375 0.492188 0.79375 0.49375 0.795313 0.495313 0.795313 0.498437 0.796875 0.5 0.796875 0.501562 0.798437 0.503125 0.798437 0.504687 0.801562 0.507812 0.801562 0.509375 0.803125 0.510938 0.803125 0.5125 0.804688 0.514063 0.804688 0.517187 0.861551
0 0.342187 0 0.342187 0.0015625 0.348437 0.0015625 0.35 0.003125 0.35625 0.003125 0.357812 0.0046875 0.359375 0.0046875 0.3625 0.0078125 0.3625 0.009375 0.364062 0.0109375 0.365625 0.0109375 0.367188 0.0125 0.367188 0.0140625 0.36875 0.015625 0.36875 0.0265625 0.364062 0.03125 0.364062 0.0328125 0.357812 0.0390625 0.35625 0.0390625 0.353125 0.0421875 0.35 0.0421875 0.348437 0.04375 0.346875 0.04375 0.345313 0.0453125 0.34375 0.0453125 0.340625 0.0484375 0.3375 0.0484375 0.335938 0.05 0.33125 0.05 0.329688 0.0515625 0.326562 0.0515625 0.325 0.053125 0.323438 0.053125 0.321875 0.0546875 0.320312 0.0546875 0.31875 0.05625 0.3125 0.05625 0.310937 0.0578125 0.307813 0.0578125 0.30625 0.059375 0.304688 0.059375 0.303125 0.0609375 0.301562 0.0609375 0.298438 0.0640625 0.296875 0.0640625 0.295312 0.065625 0.29375 0.065625 0.289062 0.0703125 0.2875 0.0703125 0.285937 0.071875 0.284375 0.071875 0.279687 0.0765625 0.278125 0.0765625 0.276563 0.078125 0.276563 0.0796875 0.275 0.08125 0.275 0.084375 0.273438 0.0859375 0.273438 0.0875 0.271875 0.0890625 0.271875 0.0953125 0.270312 0.096875 0.270312 0.115625 0.26875 0.117188 0.26875 0.11875 0.264062 0.123438 0.2625 0.123438 0.259375 0.126563 0.257812 0.126563 0.253125 0.13125 0.253125 0.132812 0.245312 0.140625 0.240625 0.140625 0.245312 0.140625 0.246875 0.142188 0.251563 0.142188 0.253125 0.14375 0.257812 0.14375 0.259375 0.145313 0.260938 0.145313 0.2625 0.146875 0.264062 0.146875 0.265625 0.148438 0.270312 0.148438 0.271875 0.15 0.273438 0.15 0.276563 0.153125 0.278125 0.153125 0.279687 0.154687 0.28125 0.154687 0.282813 0.15625 0.285937 0.15625 0.2875 0.157813 0.3 0.157813 0.301562 0.159375 0.303125 0.159375 0.30625 0.1625 0.30625 0.164062 0.307813 0.165625 0.309375 0.165625 0.310937 0.167187 0.314063 0.167187 0.31875 0.171875 0.31875 0.176563 0.309375 0.185937 0.307813 0.185937 0.30625 0.1875 0.298438 0.1875 0.296875 0.189063 0.29375 0.189063 0.292188 0.190625 0.2875 0.190625 0.282813 0.185937 0.279687 0.189063 0.279687 0.190625 0.276563 0.19375 0.275 0.192188 0.273438 0.192188 0.271875 0.190625 0.271875 0.1875 0.273438 0.185937 0.273438 0.182812 0.275 0.18125 0.275 0.178125 0.273438 0.176563 0.273438 0.171875 0.271875 0.170312 0.26875 0.170312 0.267188 0.171875 0.267188 0.179688 0.26875 0.18125 0.26875 0.184375 0.270312 0.185937 0.270312 0.1875 0.271875 0.189063 0.271875 0.190625 0.265625 0.196875 0.260938 0.192188 0.259375 0.192188 0.25625 0.189063 0.25625 0.184375 0.253125 0.18125 0.253125 0.182812 0.251563 0.184375 0.251563 0.189063 0.245312 0.195312 0.240625 0.195312 0.240625 0.204688 0.245312 0.204688 0.246875 0.20625 0.248437 0.20625 0.251563 0.209375 0.260938 0.209375 0.2625 0.207813 0.267188 0.207813 0.26875 0.20625 0.270312 0.20625 0.273438 0.203125 0.278125 0.203125 0.279687 0.201562 0.28125 0.201562 0.282813 0.2 0.284375 0.2 0.285937 0.198437 0.290625 0.198437 0.292188 0.196875 0.29375 0.196875 0.295312 0.195312 0.296875 0.195312 0.3 0.192188 0.303125 0.192188 0.304688 0.190625 0.309375 0.190625 0.310937 0.189063 0.3125 0.189063 0.315625 0.185937 0.321875 0.185937 0.323438 0.184375 0.328125 0.184375 0.334375 0.178125 0.335938 0.178125 0.335938 0.176563 0.339063 0.173438 0.340625 0.173438 0.342187 0.171875 0.35 0.171875 0.351562 0.173438 0.364062 0.173438 0.365625 0.175 0.367188 0.175 0.36875 0.173438 0.378125 0.173438 0.38125 0.170312 0.38125 0.164062 0.382812 0.1625 0.382812 0.157813 0.384375 0.15625 0.384375 0.154687 0.385938 0.153125 0.385938 0.151562 0.3875 0.15 0.3875 0.148438 0.389062 0.146875 0.389062 0.145313 0.390625 0.14375 0.390625 0.142188 0.395312 0.1375 0.395312 0.135937 0.398438 0.132812 0.398438 0.13125 0.401563 0.128125 0.401563 0.126563 0.403125 0.125 0.403125 0.123438 0.404687 0.121875 0.404687 0.11875 0.409375 0.114063 0.409375 0.1125 0.4125 0.109375 0.414062 0.109375 0.420312 0.103125 0.423438 0.103125 0.425 0.101562 0.426562 0.101562 0.428125 0.1 0.429688 0.1 0.43125 0.0984375 0.434375 0.0984375 0.435937 0.096875 0.440625 0.096875 0.442187 0.0953125 0.445312 0.0953125 0.446875 0.09375 0.451562 0.09375 0.453125 0.0921875 0.45625 0.0921875 0.457812 0.090625 0.478125 0.090625 0.479688 0.0921875 0.482812 0.0921875 0.4875 0.096875 0.489062 0.096875 0.50625 0.114063 0.50625 0.115625 0.510938 0.120312 0.510938 0.123438 0.5125 0.125 0.5125 0.126563 0.514063 0.128125 0.514063 0.129688 0.515625 0.13125 0.515625 0.132812 0.517187 0.134375 0.517187 0.154687 0.515625 0.15625 0.515625 0.159375 0.514063 0.160938 0.514063 0.1625 0.5125 0.164062 0.5125 0.165625 0.507812 0.170312 0.507812 0.171875 0.504687 0.175 0.504687 0.176563 0.49375 0.1875 0.49375 0.198437 0.495313 0.2 0.495313 0.201562 0.496875 0.203125 0.496875 0.204688 0.498437 0.20625 0.498437 0.209375 0.5 0.210938 0.5 0.214062 0.501562 0.215625 0.501562 0.221875 0.503125 0.223438 0.503125 0.228125 0.50625 0.23125 0.50625 0.232812 0.507812 0.234375 0.507812 0.239063 0.664062 0.239063 0.664062 0.232812 0.667188 0.229687 0.667188 0.228125 0.66875 0.226562 0.66875 0.225 0.671875 0.221875 0.676562 0.221875 0.676562 0.20625 0.671875 0.20625 0.66875 0.203125 0.66875 0.2 0.667188 0.198437 0.667188 0.195312 0.665625 0.19375 0.665625 0.190625 0.664062 0.189063 0.664062 0.185937 0.6625 0.184375 0.6625 0.18125 0.660937 0.179688 0.660937 0.176563 0.659375 0.175 0.659375 0.170312 0.657812 0.16875 0.657812 0.164062 0.65625 0.1625 0.65625 0.157813 0.654688 0.15625 0.654688 0.153125 0.653125 0.151562 0.653125 0.148438 0.651563 0.146875 0.651563 0.145313 0.65 0.14375 0.65 0.142188 0.648438 0.140625 0.648438 0.1375 0.646875 0.135937 0.646875 0.134375 0.645312 0.132812 0.645312 0.13125 0.64375 0.129688 0.64375 0.126563 0.642187 0.125 0.642187 0.121875 0.640625 0.120312 0.640625 0.11875 0.639063 0.117188 0.639063 0.115625 0.6375 0.114063 0.6375 0.1125 0.632812 0.107813 0.632812 0.10625 0.628125 0.101562 0.628125 0.1 0.61875 0.090625 0.61875 0.0890625 0.60625 0.0765625 0.60625 0.075 0.565625 0.034375 0.564062 0.034375 0.55625 0.0265625 0.554688 0.0265625 0.546875 0.01875 0.545313 0.01875 0.542188 0.015625 0.540625 0.015625 0.5375 0.0125 0.535937 0.0125 0.529688 0.00625 0.528125 0.00625 0.526563 0.0046875 0.523438 0.0046875 0.521875 0.003125 0.521875 0 0.379687 0 0.379687 0.0015625 0.378125 0.003125 0.373437 0.003125 0.371875 0.0046875 0.364062 0.0046875 0.3625 0.003125 0.3625 0 0.342187 0 0.332812 0 0.257812 0 0.257812 0.003125 0.25625 0.0046875 0.25625 0.009375 0.257812 0.0109375 0.257812 0.0140625 0.259375 0.015625 0.259375 0.0171875 0.264062 0.0171875 0.267188 0.0203125 0.275 0.0203125 0.276563 0.021875 0.285937 0.021875 0.2875 0.0234375 0.289062 0.0234375 0.290625 0.025 0.292188 0.025 0.29375 0.0265625 0.295312 0.0265625 0.296875 0.028125 0.301562 0.028125 0.303125 0.0296875 0.309375 0.0296875 0.310937 0.028125 0.310937 0.0234375 0.309375 0.021875 0.309375 0.0171875 0.310937 0.015625 0.310937 0.0078125 0.3125 0.00625 0.314063 0.00625 0.315625 0.0046875 0.31875 0.0046875 0.320312 0.003125 0.328125 0.003125 0.329688 0.0015625 0.332812 0.0015625 0.332812 0 0.852001
0 0 0.271875 0 0.335938 0.0015625 0.335938 0.00625 0.340625 0.0078125 0.340625 0.009375 0.342187 0.0109375 0.342187 0.0140625 0.345313 0.0125 0.346875 0.0109375 0.346875 0.009375 0.348437 0.0046875 0.348437 0.003125 0.35 0 0.35 0 0.528125 0.0046875 0.528125 0.0078125 0.53125 0.015625 0.53125 0.01875 0.534375 0.01875 0.535937 0.0203125 0.5375 0.0203125 0.542188 0.0171875 0.545313 0.015625 0.545313 0.015625 0.551562 0.0265625 0.551562 0.0265625 0.545313 0.034375 0.5375 0.0359375 0.5375 0.0375 0.535937 0.0421875 0.535937 0.04375 0.5375 0.046875 0.5375 0.0484375 0.539062 0.05 0.539062 0.0515625 0.540625 0.05625 0.540625 0.0578125 0.542188 0.059375 0.540625 0.0625 0.540625 0.0640625 0.539062 0.065625 0.539062 0.0703125 0.534375 0.0703125 0.532812 0.071875 0.53125 0.071875 0.529688 0.0765625 0.525 0.0765625 0.523438 0.078125 0.521875 0.078125 0.51875 0.0796875 0.517187 0.0796875 0.514063 0.08125 0.5125 0.08125 0.510938 0.0828125 0.509375 0.0828125 0.50625 0.084375 0.504687 0.084375 0.5 0.0859375 0.498437 0.0859375 0.496875 0.090625 0.492188 0.0921875 0.492188 0.09375 0.490625 0.109375 0.490625 0.110937 0.492188 0.114063 0.492188 0.117188 0.495313 0.117188 0.496875 0.123438 0.503125 0.125 0.503125 0.126563 0.504687 0.129688 0.504687 0.13125 0.50625 0.132812 0.50625 0.134375 0.507812 0.142188 0.507812 0.14375 0.509375 0.148438 0.509375 0.15 0.507812 0.157813 0.507812 0.167187 0.498437 0.16875 0.498437 0.170312 0.496875 0.171875 0.496875 0.173438 0.495313 0.175 0.495313 0.176563 0.49375 0.179688 0.49375 0.18125 0.492188 0.19375 0.492188 0.195312 0.49375 0.201562 0.49375 0.203125 0.495313 0.217187 0.495313 0.21875 0.49375 0.221875 0.49375 0.223438 0.492188 0.226562 0.492188 0.228125 0.490625 0.232812 0.490625 0.234375 0.489062 0.235938 0.489062 0.239063 0.485938 0.239063 0.484375 0.242188 0.48125 0.242188 0.479688 0.24375 0.478125 0.24375 0.476562 0.246875 0.473437 0.246875 0.471875 0.248437 0.470313 0.248437 0.46875 0.251563 0.465625 0.257812 0.465625 0.257812 0.457812 0.251563 0.457812 0.25 0.45625 0.25 0.454688 0.248437 0.453125 0.248437 0.451562 0.25 0.45 0.25 0.44375 0.253125 0.440625 0.257812 0.440625 0.257812 0.43125 0.25 0.43125 0.248437 0.429688 0.246875 0.429688 0.24375 0.426562 0.24375 0.425 0.245312 0.423438 0.245312 0.420312 0.24375 0.41875 0.24375 0.417188 0.242188 0.415625 0.242188 0.414062 0.24375 0.4125 0.24375 0.410937 0.245312 0.409375 0.245312 0.40625 0.246875 0.404687 0.246875 0.398438 0.248437 0.396875 0.248437 0.392188 0.246875 0.390625 0.246875 0.35625 0.245312 0.354688 0.245312 0.353125 0.24375 0.351562 0.245312 0.35 0.245312 0.345313 0.24375 0.34375 0.24375 0.335938 0.242188 0.334375 0.242188 0.332812 0.2375 0.328125 0.2375 0.323438 0.235938 0.321875 0.235938 0.320312 0.234375 0.31875 0.234375 0.317187 0.23125 0.314063 0.23125 0.310937 0.229687 0.309375 0.229687 0.30625 0.228125 0.304688 0.228125 0.3 0.225 0.296875 0.225 0.29375 0.228125 0.290625 0.239063 0.290625 0.242188 0.2875 0.242188 0.285937 0.24375 0.284375 0.24375 0.271875 0.204688 0.271875 0.204688 0.278125 0.20625 0.279687 0.20625 0.282813 0.203125 0.285937 0.201562 0.285937 0.2 0.2875 0.198437 0.2875 0.196875 0.289062 0.195312 0.289062 0.192188 0.292188 0.190625 0.292188 0.189063 0.29375 0.185937 0.29375 0.184375 0.295312 0.18125 0.295312 0.179688 0.296875 0.175 0.296875 0.173438 0.298438 0.170312 0.298438 0.16875 0.3 0.164062 0.3 0.1625 0.301562 0.154687 0.301562 0.153125 0.303125 0.15 0.303125 0.148438 0.304688 0.145313 0.304688 0.14375 0.30625 0.142188 0.30625 0.140625 0.307813 0.139062 0.307813 0.1375 0.309375 0.134375 0.309375 0.132812 0.310937 0.120312 0.310937 0.11875 0.309375 0.114063 0.309375 0.1125 0.307813 0.103125 0.307813 0.101562 0.30625 0.0734375 0.30625 0.071875 0.304688 0.0640625 0.304688 0.0625 0.303125 0.059375 0.303125 0.0578125 0.301562 0.05625 0.301562 0.053125 0.298438 0.0515625 0.298438 0.0484375 0.295312 0.046875 0.295312 0.0453125 0.29375 0.04375 0.29375 0.0421875 0.292188 0.040625 0.292188 0.0375 0.289062 0.0359375 0.289062 0.0328125 0.285937 0.03125 0.285937 0.0296875 0.284375 0.028125 0.284375 0.0265625 0.282813 0.025 0.282813 0.0234375 0.28125 0.021875 0.28125 0.0171875 0.276563 0.0171875 0.271875 0.84732
0 0.00625 0.821875 0.00625 0.826563 0.003125 0.829687 0 0.829687 0 0.998438 0.195312 0.998438 0.195312 0.982813 0.190625 0.982813 0.1875 0.979688 0.1875 0.976562 0.185937 0.975 0.185937 0.96875 0.184375 0.967188 0.184375 0.9625 0.182812 0.960938 0.182812 0.957812 0.179688 0.954687 0.179688 0.951563 0.178125 0.95 0.178125 0.946875 0.176563 0.945312 0.176563 0.94375 0.173438 0.940625 0.173438 0.939062 0.171875 0.9375 0.171875 0.934375 0.167187 0.929688 0.167187 0.928125 0.164062 0.925 0.164062 0.923437 0.159375 0.91875 0.159375 0.917188 0.14375 0.901563 0.142188 0.901563 0.140625 0.9 0.140625 0.898438 0.139062 0.896875 0.1375 0.896875 0.126563 0.885938 0.125 0.885938 0.121875 0.882812 0.120312 0.882812 0.114063 0.876562 0.1125 0.876562 0.109375 0.873438 0.107813 0.873438 0.104687 0.870313 0.103125 0.870313 0.1 0.867188 0.0984375 0.867188 0.09375 0.8625 0.0921875 0.8625 0.090625 0.860937 0.0890625 0.860937 0.0875 0.859375 0.0859375 0.859375 0.084375 0.857813 0.0828125 0.857813 0.08125 0.85625 0.0796875 0.85625 0.0765625 0.853125 0.075 0.853125 0.0734375 0.851562 0.071875 0.851562 0.0703125 0.85 0.06875 0.85 0.065625 0.846875 0.0640625 0.846875 0.0625 0.845312 0.059375 0.845312 0.0578125 0.84375 0.0546875 0.84375 0.053125 0.842188 0.0515625 0.842188 0.05 0.840625 0.0484375 0.840625 0.046875 0.839063 0.0453125 0.839063 0.04375 0.8375 0.0421875 0.8375 0.040625 0.835938 0.0390625 0.835938 0.0375 0.834375 0.034375 0.834375 0.0328125 0.832812 0.0296875 0.832812 0.028125 0.83125 0.0265625 0.83125 0.025 0.829687 0.0234375 0.829687 0.0203125 0.826563 0.0203125 0.821875 0.843487
0 0.890625 0 0.890625 0.0078125 0.895312 0.0078125 0.904688 0.0171875 0.904688 0.01875 0.90625 0.0203125 0.90625 0.021875 0.909375 0.025 0.909375 0.0265625 0.914062 0.03125 0.914062 0.0328125 0.91875 0.0375 0.91875 0.0390625 0.920313 0.040625 0.920313 0.0421875 0.921875 0.04375 0.921875 0.0453125 0.925 0.0484375 0.925 0.0515625 0.926562 0.053125 0.926562 0.0546875 0.929688 0.0578125 0.929688 0.059375 0.93125 0.0609375 0.93125 0.0625 0.932813 0.0640625 0.932813 0.0671875 0.934375 0.06875 0.934375 0.0703125 0.935938 0.071875 0.935938 0.0734375 0.9375 0.075 0.9375 0.0765625 0.939062 0.078125 0.939062 0.0796875 0.940625 0.08125 0.940625 0.0828125 0.94375 0.0859375 0.94375 0.0875 0.945312 0.0890625 0.945312 0.090625 0.946875 0.0921875 0.946875 0.09375 0.948438 0.0953125 0.948438 0.096875 0.95 0.0984375 0.95 0.1 0.951563 0.101562 0.951563 0.103125 0.953125 0.104687 0.953125 0.10625 0.954687 0.107813 0.954687 0.109375 0.95625 0.110937 0.95625 0.1125 0.957812 0.114063 0.957812 0.117188 0.959375 0.11875 0.959375 0.120312 0.9625 0.123438 0.9625 0.125 0.964063 0.126563 0.964063 0.129688 0.965625 0.13125 0.965625 0.132812 0.967188 0.134375 0.967188 0.135937 0.96875 0.1375 0.96875 0.140625 0.970312 0.142188 0.970312 0.145313 0.971875 0.146875 0.971875 0.148438 0.973437 0.15 0.973437 0.151562 0.975 0.153125 0.975 0.154687 0.976562 0.15625 0.976562 0.159375 0.979688 0.1625 0.979688 0.164062 0.98125 0.165625 0.98125 0.167187 0.982813 0.16875 0.982813 0.170312 0.984375 0.171875 0.984375 0.173438 0.985937 0.175 0.985937 0.176563 0.989062 0.179688 0.989062 0.18125 0.992188 0.184375 0.998438 0.184375 0.998438 0 0.82772
0 0.634375 0.515625 0.634375 0.520312 0.635938 0.520312 0.6375 0.521875 0.640625 0.521875 0.642187 0.520312 0.642187 0.517187 0.64375 0.515625 0.645312 0.515625 0.646875 0.514063 0.646875 0.5125 0.645312 0.514063 0.64375 0.514063 0.640625 0.517187 0.639063 0.517187 0.6375 0.515625 0.634375 0.515625 0.271875 0.489062 0.2875 0.482812 0.289062 0.484375 0.290625 0.484375 0.296875 0.490625 0.298438 0.490625 0.3 0.492188 0.303125 0.492188 0.30625 0.495313 0.307813 0.495313 0.328125 0.515625 0.332812 0.515625 0.334375 0.517187 0.342187 0.517187 0.34375 0.51875 0.353125 0.51875 0.354688 0.517187 0.357812 0.517187 0.359375 0.515625 0.367188 0.515625 0.36875 0.517187 0.382812 0.517187 0.384375 0.515625 0.385938 0.515625 0.389062 0.5125 0.39375 0.5125 0.395312 0.510938 0.401563 0.510938 0.403125 0.5125 0.407813 0.5125 0.409375 0.514063 0.4125 0.514063 0.414062 0.515625 0.417188 0.515625 0.41875 0.517187 0.420312 0.517187 0.421875 0.51875 0.432813 0.51875 0.434375 0.517187 0.435937 0.517187 0.4375 0.515625 0.439063 0.515625 0.442187 0.5125 0.44375 0.5125 0.445312 0.510938 0.459375 0.510938 0.460938 0.509375 0.467187 0.509375 0.46875 0.507812 0.471875 0.507812 0.473437 0.50625 0.475 0.50625 0.476562 0.504687 0.478125 0.504687 0.482812 0.509375 0.484375 0.509375 0.489062 0.514063 0.498437 0.514063 0.50625 0.50625 0.50625 0.504687 0.5125 0.498437 0.5125 0.496875 0.521875 0.4875 0.523438 0.4875 0.525 0.489062 0.526563 0.489062 0.532812 0.495313 0.532812 0.501562 0.534375 0.503125 0.534375 0.504687 0.539062 0.509375 0.539062 0.510938 0.542188 0.514063 0.548437 0.514063 0.548437 0.5125 0.55 0.510938 0.55 0.509375 0.551562 0.507812 0.553125 0.507812 0.554688 0.509375 0.554688 0.510938 0.55625 0.510938 0.557813 0.5125 0.559375 0.5125 0.567187 0.520312 0.567187 0.521875 0.56875 0.523438 0.56875 0.526563 0.570312 0.528125 0.570312 0.529688 0.576563 0.535937 0.58125 0.535937 0.582812 0.5375 0.584375 0.535937 0.5875 0.535937 0.589063 0.534375 0.590625 0.534375 0.59375 0.53125 0.59375 0.529688 0.595312 0.528125 0.595312 0.520312 0.6 0.515625 0.6 0.514063 0.596875 0.510938 0.596875 0.507812 0.6 0.504687 0.601562 0.504687 0.603125 0.503125 0.617188 0.503125 0.61875 0.501562 0.621875 0.501562 0.621875 0.5 0.623438 0.498437 0.623438 0.496875 0.625 0.495313 0.625 0.49375 0.628125 0.490625 0.632812 0.495313 0.635938 0.495313 0.639063 0.492188 0.640625 0.49375 0.640625 0.496875 0.642187 0.498437 0.642187 0.5 0.645312 0.503125 0.645312 0.504687 0.648438 0.504687 0.651563 0.501562 0.653125 0.501562 0.654688 0.503125 0.653125 0.504687 0.653125 0.50625 0.651563 0.507812 0.659375 0.507812 0.660937 0.50625 0.664062 0.50625 0.665625 0.504687 0.671875 0.504687 0.673437 0.50625 0.673437 0.507812 0.675 0.509375 0.675 0.515625 0.676562 0.517187 0.679688 0.517187 0.68125 0.51875 0.690625 0.51875 0.692187 0.517187 0.701563 0.517187 0.703125 0.515625 0.717188 0.515625 0.71875 0.517187 0.725 0.517187 0.726562 0.51875 0.729688 0.51875 0.73125 0.520312 0.732813 0.520312 0.734375 0.521875 0.7375 0.521875 0.739062 0.523438 0.740625 0.523438 0.745313 0.528125 0.748438 0.528125 0.75 0.529688 0.753125 0.529688 0.754687 0.53125 0.75625 0.53125 0.757812 0.532812 0.757812 0.534375 0.767187 0.54375 0.767187 0.545313 0.76875 0.546875 0.76875 0.551562 0.801562 0.551562 0.801562 0.507812 0.796875 0.507812 0.79375 0.504687 0.79375 0.501562 0.792188 0.5 0.792188 0.498437 0.790625 0.496875 0.790625 0.495313 0.789062 0.49375 0.789062 0.492188 0.7875 0.490625 0.7875 0.489062 0.785937 0.4875 0.785937 0.485938 0.784375 0.484375 0.784375 0.482812 0.78125 0.479688 0.78125 0.478125 0.779688 0.476562 0.779688 0.473437 0.778125 0.471875 0.778125 0.46875 0.776563 0.467187 0.776563 0.464063 0.775 0.4625 0.775 0.457812 0.773438 0.45625 0.773438 0.454688 0.771875 0.453125 0.771875 0.451562 0.770312 0.45 0.770312 0.448438 0.76875 0.446875 0.76875 0.445312 0.767187 0.44375 0.767187 0.442187 0.765625 0.440625 0.765625 0.439063 0.764063 0.4375 0.764063 0.435937 0.760938 0.432813 0.760938 0.43125 0.759375 0.429688 0.759375 0.426562 0.757812 0.425 0.757812 0.423438 0.75625 0.421875 0.75625 0.420312 0.754687 0.41875 0.754687 0.414062 0.753125 0.4125 0.753125 0.409375 0.751562 0.407813 0.751562 0.40625 0.75 0.404687 0.75 0.401563 0.748438 0.4 0.748438 0.398438 0.746875 0.396875 0.746875 0.39375 0.745313 0.392188 0.745313 0.390625 0.74375 0.389062 0.74375 0.3875 0.742188 0.385938 0.742188 0.382812 0.740625 0.38125 0.740625 0.379687 0.739062 0.378125 0.739062 0.376563 0.725 0.3625 0.725 0.360938 0.723437 0.359375 0.723437 0.357812 0.721875 0.35625 0.721875 0.353125 0.717188 0.348437 0.717188 0.346875 0.714063 0.34375 0.7125 0.34375 0.710938 0.342187 0.709375 0.342187 0.707812 0.340625 0.70625 0.340625 0.704687 0.339063 0.703125 0.339063 0.701563 0.3375 0.7 0.3375 0.698438 0.335938 0.696875 0.335938 0.695312 0.334375 0.69375 0.334375 0.6875 0.328125 0.685938 0.328125 0.68125 0.323438 0.68125 0.321875 0.679688 0.321875 0.676562 0.31875 0.675 0.31875 0.673437 0.317187 0.671875 0.317187 0.670313 0.315625 0.66875 0.315625 0.667188 0.314063 0.665625 0.314063 0.664062 0.3125 0.660937 0.3125 0.659375 0.310937 0.65625 0.310937 0.654688 0.309375 0.65 0.309375 0.648438 0.307813 0.642187 0.307813 0.640625 0.30625 0.634375 0.30625 0.632812 0.304688 0.621875 0.304688 0.620313 0.303125 0.614062 0.303125 0.6125 0.301562 0.60625 0.301562 0.604688 0.3 0.59375 0.3 0.592188 0.298438 0.582812 0.298438 0.58125 0.296875 0.573438 0.296875 0.571875 0.295312 0.53125 0.295312 0.529688 0.29375 0.503125 0.29375 0.501562 0.295312 0.490625 0.295312 0.489062 0.296875 0.471875 0.296875 0.470313 0.295312 0.454688 0.295312 0.453125 0.29375 0.451562 0.29375 0.440625 0.304688 0.434375 0.304688 0.43125 0.301562 0.43125 0.295312 0.435937 0.290625 0.435937 0.284375 0.301562 0.284375 0.301562 0.290625 0.3 0.292188 0.298438 0.292188 0.295312 0.295312 0.29375 0.295312 0.292188 0.296875 0.290625 0.296875 0.285937 0.301562 0.285937 0.303125 0.282813 0.30625 0.282813 0.307813 0.28125 0.309375 0.28125 0.310937 0.279687 0.3125 0.279687 0.315625 0.278125 0.317187 0.278125 0.31875 0.276563 0.320312 0.276563 0.323438 0.275 0.325 0.275 0.33125 0.273438 0.332812 0.273438 0.389062 0.275 0.390625 0.275 0.414062 0.273438 0.415625 0.275 0.417188 0.275 0.421875 0.273438 0.423438 0.273438 0.43125 0.275 0.432813 0.275 0.4375 0.276563 0.439063 0.276563 0.440625 0.278125 0.442187 0.278125 0.445312 0.279687 0.446875 0.279687 0.451562 0.28125 0.453125 0.28125 0.459375 0.282813 0.460938 0.282813 0.4625 0.284375 0.464063 0.284375 0.465625 0.285937 0.467187 0.285937 0.470313 0.2875 0.471875 0.2875 0.482812 0.271875 0.489062 0.265625 0.489062 0.271875 0.489062 0.812304
0 0.434375 0.240625 0.434375 0.276563 0.440625 0.276563 0.445312 0.28125 0.445312 0.282813 0.446875 0.282813 0.454688 0.290625 0.45625 0.290625 0.459375 0.29375 0.496875 0.29375 0.498437 0.292188 0.529688 0.292188 0.53125 0.29375 0.5375 0.29375 0.539062 0.292188 0.540625 0.292188 0.542188 0.29375 0.573438 0.29375 0.575 0.295312 0.579687 0.295312 0.58125 0.296875 0.592188 0.296875 0.59375 0.298438 0.60625 0.298438 0.607813 0.3 0.614062 0.3 0.615625 0.301562 0.623438 0.301562 0.625 0.303125 0.635938 0.303125 0.6375 0.304688 0.645312 0.304688 0.646875 0.30625 0.653125 0.30625 0.654688 0.307813 0.657812 0.307813 0.659375 0.309375 0.6625 0.309375 0.664062 0.310937 0.667188 0.310937 0.66875 0.3125 0.670313 0.3125 0.673437 0.315625 0.673437 0.320312 0.701563 0.320312 0.701563 0.257812 0.696875 0.257812 0.689062 0.25 0.6875 0.25 0.685938 0.248437 0.682813 0.248437 0.68125 0.246875 0.679688 0.246875 0.678125 0.245312 0.678125 0.240625 0.515625 0.240625 0.515625 0.245312 0.514063 0.246875 0.5125 0.245312 0.5125 0.240625 0.748325
0 0.457812 0.232812 0.460938 0.232812 0.460938 0.228125 0.459375 0.226562 0.457812 0.228125 0.457812 0.232812 0.39375 0.232812 0.398438 0.232812 0.425 0.232812 0.425 0.226562 0.429688 0.221875 0.429688 0.220313 0.43125 0.21875 0.432813 0.21875 0.434375 0.217187 0.435937 0.217187 0.4375 0.21875 0.442187 0.21875 0.44375 0.217187 0.451562 0.217187 0.453125 0.215625 0.453125 0.214062 0.454688 0.2125 0.454688 0.207813 0.457812 0.204688 0.460938 0.204688 0.4625 0.203125 0.464063 0.203125 0.467187 0.20625 0.467187 0.232812 0.482812 0.232812 0.482812 0.182812 0.476562 0.182812 0.475 0.18125 0.457812 0.18125 0.45625 0.179688 0.45 0.179688 0.448438 0.178125 0.446875 0.178125 0.445312 0.176563 0.446875 0.175 0.451562 0.175 0.453125 0.173438 0.454688 0.173438 0.45625 0.171875 0.465625 0.171875 0.467187 0.173438 0.475 0.173438 0.476562 0.175 0.482812 0.175 0.482812 0.165625 0.382812 0.165625 0.382812 0.173438 0.379687 0.176563 0.375 0.176563 0.373437 0.178125 0.36875 0.178125 0.367188 0.176563 0.351562 0.176563 0.35 0.175 0.340625 0.175 0.340625 0.192188 0.346875 0.192188 0.348437 0.19375 0.35 0.19375 0.357812 0.201562 0.357812 0.203125 0.360938 0.20625 0.360938 0.207813 0.365625 0.2125 0.365625 0.214062 0.36875 0.217187 0.370313 0.217187 0.371875 0.21875 0.375 0.21875 0.376563 0.220313 0.378125 0.220313 0.379687 0.21875 0.38125 0.21875 0.382812 0.217187 0.389062 0.217187 0.390625 0.215625 0.392188 0.215625 0.39375 0.214062 0.395312 0.214062 0.396875 0.2125 0.398438 0.214062 0.403125 0.214062 0.404687 0.215625 0.404687 0.217187 0.409375 0.221875 0.407813 0.223438 0.40625 0.223438 0.404687 0.225 0.401563 0.225 0.398438 0.228125 0.398438 0.232812 0.39375 0.232812 0.39375 0.226562 0.392188 0.226562 0.390625 0.225 0.382812 0.225 0.38125 0.226562 0.38125 0.232812 0.39375 0.232812 0.6827
0 0.295312 0.2 0.29375 0.201562 0.289062 0.201562 0.2875 0.203125 0.284375 0.203125 0.282813 0.204688 0.28125 0.204688 0.279687 0.20625 0.278125 0.20625 0.276563 0.207813 0.275 0.207813 0.271875 0.210938 0.270312 0.210938 0.26875 0.2125 0.267188 0.2125 0.265625 0.214062 0.2625 0.214062 0.260938 0.215625 0.259375 0.215625 0.257812 0.217187 0.25625 0.217187 0.254687 0.21875 0.253125 0.21875 0.251563 0.220313 0.25 0.220313 0.246875 0.223438 0.240625 0.223438 0.240625 0.259375 0.245312 0.259375 0.248437 0.2625 0.248437 0.267188 0.25 0.26875 0.25 0.271875 0.251563 0.273438 0.251563 0.279687 0.253125 0.28125 0.253125 0.2875 0.254687 0.289062 0.254687 0.295312 0.295312 0.295312 0.295312 0.290625 0.296875 0.289062 0.296875 0.2875 0.3 0.284375 0.301562 0.284375 0.303125 0.282813 0.303125 0.28125 0.301562 0.279687 0.301562 0.278125 0.3 0.276563 0.3 0.275 0.296875 0.271875 0.296875 0.270312 0.298438 0.26875 0.298438 0.267188 0.301562 0.264062 0.301562 0.257812 0.304688 0.254687 0.304688 0.251563 0.307813 0.248437 0.3125 0.248437 0.315625 0.251563 0.317187 0.25 0.31875 0.25 0.320312 0.248437 0.321875 0.248437 0.325 0.251563 0.334375 0.251563 0.335938 0.253125 0.3375 0.253125 0.339063 0.254687 0.340625 0.254687 0.34375 0.251563 0.34375 0.246875 0.346875 0.24375 0.351562 0.248437 0.351562 0.25 0.354688 0.253125 0.354688 0.254687 0.35625 0.25625 0.35625 0.257812 0.351562 0.2625 0.35 0.2625 0.348437 0.264062 0.346875 0.264062 0.345313 0.265625 0.34375 0.264062 0.332812 0.264062 0.334375 0.265625 0.34375 0.265625 0.346875 0.26875 0.346875 0.271875 0.345313 0.273438 0.345313 0.275 0.34375 0.276563 0.345313 0.278125 0.348437 0.278125 0.35 0.279687 0.364062 0.279687 0.365625 0.28125 0.370313 0.28125 0.370313 0.24375 0.3625 0.24375 0.359375 0.240625 0.359375 0.232812 0.360938 0.23125 0.360938 0.229687 0.3625 0.228125 0.3625 0.223438 0.360938 0.221875 0.360938 0.220313 0.359375 0.21875 0.359375 0.215625 0.357812 0.214062 0.357812 0.209375 0.354688 0.20625 0.354688 0.204688 0.353125 0.203125 0.353125 0.201562 0.351562 0.2 0.35 0.2 0.346875 0.196875 0.346875 0.1875 0.345313 0.185937 0.345313 0.184375 0.34375 0.182812 0.34375 0.178125 0.335938 0.178125 0.335938 0.184375 0.332812 0.1875 0.33125 0.1875 0.329688 0.189063 0.323438 0.189063 0.321875 0.190625 0.31875 0.190625 0.317187 0.192188 0.314063 0.192188 0.3125 0.19375 0.309375 0.19375 0.307813 0.195312 0.303125 0.195312 0.303125 0.196875 0.301562 0.198437 0.3 0.198437 0.298438 0.2 0.295312 0.2 0.290625 0.190625 0.292188 0.189063 0.29375 0.189063 0.295312 0.1875 0.295312 0.185937 0.296875 0.184375 0.296875 0.178125 0.28125 0.178125 0.28125 0.182812 0.282813 0.184375 0.282813 0.1875 0.284375 0.189063 0.2875 0.189063 0.289062 0.190625 0.290625 0.190625 0.604465
0 0.426562 0.096875 0.426562 0.103125 0.425 0.104687 0.423438 0.104687 0.421875 0.10625 0.420312 0.10625 0.417188 0.109375 0.415625 0.109375 0.414062 0.110937 0.414062 0.1125 0.409375 0.117188 0.409375 0.11875 0.407813 0.120312 0.407813 0.121875 0.40625 0.123438 0.40625 0.125 0.403125 0.128125 0.403125 0.129688 0.401563 0.13125 0.401563 0.132812 0.395312 0.139062 0.395312 0.140625 0.39375 0.142188 0.39375 0.14375 0.392188 0.145313 0.392188 0.146875 0.389062 0.15 0.389062 0.151562 0.3875 0.153125 0.3875 0.154687 0.385938 0.15625 0.385938 0.157813 0.382812 0.160938 0.378125 0.160938 0.378125 0.182812 0.389062 0.182812 0.389062 0.178125 0.390625 0.176563 0.398438 0.176563 0.4 0.178125 0.4 0.182812 0.498437 0.182812 0.498437 0.178125 0.5 0.176563 0.5 0.175 0.504687 0.170312 0.504687 0.16875 0.507812 0.165625 0.507812 0.164062 0.510938 0.160938 0.510938 0.157813 0.5125 0.15625 0.5125 0.15 0.510938 0.148438 0.510938 0.14375 0.509375 0.142188 0.509375 0.140625 0.501562 0.132812 0.5 0.132812 0.498437 0.13125 0.498437 0.129688 0.489062 0.120312 0.489062 0.11875 0.484375 0.114063 0.485938 0.1125 0.489062 0.1125 0.490625 0.110937 0.492188 0.1125 0.495313 0.1125 0.495313 0.109375 0.49375 0.107813 0.492188 0.107813 0.490625 0.10625 0.490625 0.103125 0.489062 0.101562 0.489062 0.096875 0.565215
0 0.234375 0.303125 0.234375 0.307813 0.239063 0.307813 0.239063 0.303125 0.234375 0.303125 0.239063 0.26875 0.239063 0.289062 0.234375 0.289062 0.232812 0.290625 0.23125 0.290625 0.229687 0.292188 0.228125 0.292188 0.225 0.289062 0.225 0.2875 0.226562 0.285937 0.226562 0.275 0.190625 0.142188 0.190625 0.139062 0.1875 0.135937 0.1875 0.134375 0.232812 0.090625 0.234375 0.0921875 0.204688 0.132812 0.203125 0.132812 0.201562 0.13125 0.2 0.132812 0.198437 0.132812 0.198437 0.135937 0.2 0.1375 0.2 0.142188 0.196875 0.145313 0.195312 0.145313 0.195312 0.146875 0.196875 0.146875 0.198437 0.145313 0.2 0.145313 0.201562 0.14375 0.207813 0.15 0.207813 0.159375 0.20625 0.160938 0.20625 0.1625 0.204688 0.164062 0.204688 0.165625 0.201562 0.16875 0.2 0.167187 0.198437 0.167187 0.196875 0.165625 0.195312 0.165625 0.192188 0.1625 0.192188 0.160938 0.190625 0.159375 0.190625 0.153125 0.189063 0.151562 0.178125 0.151562 0.173438 0.146875 0.173438 0.145313 0.171875 0.14375 0.171875 0.142188 0.16875 0.139062 0.16875 0.1375 0.167187 0.135937 0.167187 0.132812 0.170312 0.129688 0.175 0.129688 0.176563 0.128125 0.171875 0.123438 0.171875 0.121875 0.16875 0.11875 0.16875 0.117188 0.167187 0.115625 0.167187 0.114063 0.164062 0.110937 0.1625 0.110937 0.153125 0.101562 0.151562 0.101562 0.15 0.1 0.148438 0.1 0.146875 0.0984375 0.145313 0.0984375 0.14375 0.096875 0.142188 0.096875 0.139062 0.09375 0.1375 0.09375 0.135937 0.0921875 0.134375 0.0921875 0.132812 0.090625 0.13125 0.090625 0.129688 0.0890625 0.126563 0.0890625 0.125 0.0875 0.121875 0.0875 0.120312 0.0859375 0.11875 0.0859375 0.115625 0.0828125 0.114063 0.0828125 0.110937 0.0796875 0.109375 0.0796875 0.107813 0.078125 0.10625 0.078125 0.103125 0.075 0.1 0.075 0.0984375 0.0734375 0.096875 0.0734375 0.0953125 0.071875 0.09375 0.071875 0.090625 0.06875 0.090625 0.0671875 0.0890625 0.0671875 0.0875 0.065625 0.0875 0.0640625 0.090625 0.0609375 0.0921875 0.0609375 0.09375 0.059375 0.0953125 0.059375 0.096875 0.0578125 0.0953125 0.05625 0.09375 0.05625 0.0890625 0.0515625 0.0890625 0.046875 0 0.046875 0 0.065625 0.0015625 0.065625 0.003125 0.0671875 0.003125 0.06875 0.0046875 0.0703125 0.0046875 0.071875 0.0015625 0.075 0 0.075 0 0.0953125 0.0015625 0.0953125 0.0046875 0.0984375 0.0046875 0.1 0.00625 0.101562 0.00625 0.110937 0.0078125 0.1125 0.0078125 0.117188 0.009375 0.115625 0.009375 0.107813 0.0125 0.104687 0.0140625 0.104687 0.01875 0.1 0.01875 0.0984375 0.021875 0.0953125 0.0234375 0.096875 0.0296875 0.096875 0.03125 0.0953125 0.034375 0.0953125 0.0390625 0.1 0.0421875 0.1 0.04375 0.101562 0.046875 0.101562 0.05 0.104687 0.0515625 0.104687 0.0546875 0.107813 0.05625 0.107813 0.0578125 0.109375 0.0609375 0.109375 0.0625 0.110937 0.06875 0.110937 0.0703125 0.1125 0.078125 0.1125 0.0796875 0.114063 0.090625 0.114063 0.0921875 0.115625 0.1 0.115625 0.101562 0.117188 0.104687 0.117188 0.10625 0.11875 0.107813 0.11875 0.109375 0.120312 0.110937 0.120312 0.121875 0.13125 0.123438 0.13125 0.126563 0.134375 0.126563 0.135937 0.128125 0.1375 0.128125 0.148438 0.129688 0.15 0.129688 0.151562 0.13125 0.153125 0.13125 0.154687 0.132812 0.15625 0.132812 0.165625 0.134375 0.167187 0.134375 0.16875 0.135937 0.170312 0.135937 0.171875 0.132812 0.175 0.132812 0.178125 0.139062 0.184375 0.139062 0.185937 0.140625 0.1875 0.140625 0.190625 0.14375 0.19375 0.14375 0.195312 0.145313 0.196875 0.14375 0.198437 0.14375 0.203125 0.146875 0.20625 0.151562 0.20625 0.153125 0.207813 0.154687 0.207813 0.15625 0.209375 0.154687 0.210938 0.154687 0.2125 0.153125 0.214062 0.153125 0.215625 0.151562 0.217187 0.15 0.217187 0.148438 0.215625 0.14375 0.215625 0.142188 0.214062 0.134375 0.214062 0.132812 0.2125 0.129688 0.2125 0.128125 0.210938 0.126563 0.210938 0.125 0.209375 0.123438 0.209375 0.115625 0.201562 0.114063 0.201562 0.1125 0.2 0.109375 0.2 0.107813 0.198437 0.10625 0.198437 0.090625 0.182812 0.090625 0.18125 0.0859375 0.176563 0.084375 0.176563 0.0796875 0.171875 0.078125 0.171875 0.0765625 0.170312 0.075 0.170312 0.0734375 0.16875 0.0703125 0.16875 0.06875 0.167187 0.0671875 0.167187 0.065625 0.165625 0.0640625 0.165625 0.0625 0.164062 0.0609375 0.164062 0.059375 0.1625 0.0578125 0.1625 0.05625 0.160938 0.0546875 0.160938 0.053125 0.159375 0.0515625 0.159375 0.0484375 0.15625 0.046875 0.15625 0.04375 0.153125 0.0421875 0.153125 0.0390625 0.15 0.0375 0.15 0.0359375 0.148438 0.034375 0.148438 0.0296875 0.14375 0.028125 0.14375 0.021875 0.1375 0.0203125 0.1375 0.0125 0.129688 0.0109375 0.129688 0.0078125 0.126563 0.0078125 0.125 0.00625 0.126563 0 0.126563 0 0.21875 0.0015625 0.21875 0.003125 0.220313 0.003125 0.223438 0.0046875 0.225 0.0046875 0.23125 0.003125 0.232812 0.003125 0.242188 0.0015625 0.24375 0 0.24375 0 0.26875 0.0046875 0.26875 0.00625 0.270312 0.009375 0.270312 0.0109375 0.271875 0.015625 0.271875 0.0171875 0.273438 0.01875 0.273438 0.021875 0.276563 0.0234375 0.276563 0.025 0.278125 0.0265625 0.278125 0.0296875 0.28125 0.03125 0.28125 0.0328125 0.282813 0.034375 0.282813 0.0390625 0.2875 0.040625 0.2875 0.0421875 0.289062 0.04375 0.289062 0.0453125 0.290625 0.046875 0.290625 0.0484375 0.292188 0.05 0.292188 0.0546875 0.296875 0.05625 0.296875 0.0578125 0.298438 0.0609375 0.298438 0.0625 0.3 0.0640625 0.3 0.065625 0.301562 0.06875 0.301562 0.0703125 0.303125 0.0703125 0.307813 0.146875 0.307813 0.146875 0.303125 0.148438 0.301562 0.15 0.301562 0.151562 0.3 0.154687 0.3 0.15625 0.298438 0.160938 0.298438 0.1625 0.296875 0.16875 0.296875 0.170312 0.295312 0.176563 0.295312 0.178125 0.29375 0.18125 0.29375 0.182812 0.292188 0.185937 0.292188 0.1875 0.290625 0.190625 0.290625 0.192188 0.289062 0.19375 0.289062 0.195312 0.2875 0.196875 0.2875 0.198437 0.285937 0.2 0.285937 0.201562 0.284375 0.204688 0.284375 0.214062 0.275 0.214062 0.273438 0.215625 0.271875 0.215625 0.26875 0.217187 0.267188 0.217187 0.2625 0.215625 0.260938 0.215625 0.259375 0.2125 0.25625 0.207813 0.25625 0.20625 0.254687 0.20625 0.251563 0.207813 0.25 0.214062 0.25 0.220313 0.24375 0.239063 0.24375 0.239063 0.153125 0.234375 0.153125 0.232812 0.151562 0.23125 0.151562 0.229687 0.15 0.229687 0.148438 0.226562 0.145313 0.221875 0.145313 0.220313 0.146875 0.217187 0.146875 0.215625 0.148438 0.214062 0.148438 0.210938 0.145313 0.210938 0.140625 0.209375 0.139062 0.209375 0.1375 0.204688 0.132812 0.234375 0.0921875 0.239063 0.0921875 0.239063 0.06875 0.234375 0.06875 0.232812 0.0703125 0.232812 0.0765625 0.234375 0.078125 0.234375 0.0859375 0.232812 0.0875 0.232812 0.090625 0.1875 0.134375 0.184375 0.13125 0.18125 0.13125 0.179688 0.132812 0.179688 0.139062 0.18125 0.140625 0.18125 0.142188 0.190625 0.142188 0.226562 0.275 0.228125 0.273438 0.228125 0.271875 0.229687 0.270312 0.23125 0.270312 0.232812 0.26875 0.239063 0.26875 0.49288
0 0.495313 0.276563 0.495313 0.282813 0.507812 0.282813 0.507812 0.271875 0.501562 0.271875 0.5 0.273438 0.498437 0.273438 0.495313 0.276563 0.375 0.196875 0.375 0.201562 0.371875 0.201562 0.370313 0.203125 0.36875 0.203125 0.367188 0.204688 0.360938 0.204688 0.357812 0.201562 0.348437 0.196875 0.284375 0.196875 0.284375 0.282813 0.429688 0.282813 0.429688 0.278125 0.432813 0.275 0.4375 0.275 0.439063 0.273438 0.442187 0.273438 0.44375 0.271875 0.44375 0.270312 0.445312 0.26875 0.45 0.26875 0.451562 0.267188 0.451562 0.265625 0.454688 0.2625 0.45625 0.2625 0.457812 0.260938 0.459375 0.260938 0.460938 0.259375 0.464063 0.259375 0.465625 0.257812 0.470313 0.257812 0.471875 0.25625 0.476562 0.25625 0.478125 0.254687 0.495313 0.254687 0.496875 0.25625 0.5 0.25625 0.501562 0.257812 0.507812 0.257812 0.507812 0.23125 0.503125 0.23125 0.5 0.228125 0.5 0.225 0.498437 0.223438 0.498437 0.21875 0.496875 0.217187 0.496875 0.2125 0.495313 0.210938 0.495313 0.209375 0.49375 0.207813 0.492188 0.207813 0.4875 0.203125 0.4875 0.196875 0.4375 0.196875 0.4375 0.201562 0.435937 0.203125 0.434375 0.203125 0.43125 0.20625 0.43125 0.207813 0.429688 0.209375 0.428125 0.209375 0.426562 0.210938 0.425 0.210938 0.423438 0.2125 0.421875 0.2125 0.409375 0.225 0.407813 0.225 0.40625 0.226562 0.404687 0.226562 0.403125 0.228125 0.401563 0.228125 0.4 0.229687 0.398438 0.229687 0.396875 0.23125 0.39375 0.23125 0.392188 0.232812 0.389062 0.232812 0.3875 0.234375 0.385938 0.234375 0.384375 0.235938 0.382812 0.235938 0.379687 0.239063 0.379687 0.240625 0.376563 0.24375 0.375 0.24375 0.373437 0.242188 0.370313 0.242188 0.36875 0.240625 0.367188 0.240625 0.359375 0.232812 0.359375 0.228125 0.357812 0.226562 0.353125 0.226562 0.351562 0.225 0.351562 0.221875 0.346875 0.217187 0.346875 0.215625 0.345313 0.214062 0.346875 0.2125 0.346875 0.204688 0.348437 0.203125 0.348437 0.196875 0.357812 0.201562 0.357812 0.196875 0.375 0.196875 0.484271
0 0.1125 0.220313 0.110937 0.220313 0.109375 0.21875 0.107813 0.21875 0.10625 0.220313 0.104687 0.220313 0.101562 0.223438 0.0984375 0.223438 0.096875 0.225 0.096875 0.229687 0.0984375 0.229687 0.1 0.228125 0.103125 0.228125 0.104687 0.229687 0.10625 0.229687 0.107813 0.23125 0.109375 0.23125 0.114063 0.226562 0.1125 0.225 0.1125 0.220313 0.228125 0.0140625 0.228125 0.015625 0.229687 0.0171875 0.229687 0.01875 0.23125 0.0203125 0.215625 0.003125 0.215625 0.0078125 0.214062 0.0078125 0.204688 0.009375 0.201562 0.009375 0.2 0.0078125 0.2 0.003125 0.146875 0.0765625 0.145313 0.0765625 0.14375 0.075 0.142188 0.075 0.139062 0.071875 0.1375 0.071875 0.134375 0.06875 0.132812 0.06875 0.13125 0.0671875 0.129688 0.0671875 0.128125 0.065625 0.126563 0.065625 0.125 0.0640625 0.121875 0.0640625 0.120312 0.0625 0.11875 0.0625 0.10625 0.05 0.104687 0.05 0.101562 0.046875 0.1 0.046875 0.0890625 0.0359375 0.0890625 0.034375 0.0875 0.0328125 0.0875 0.03125 0.0859375 0.0296875 0.0859375 0.0265625 0.0890625 0.0234375 0.0890625 0.021875 0.090625 0.0203125 0.090625 0.0171875 0.0921875 0.015625 0.0921875 0.0140625 0.09375 0.0125 0.09375 0.009375 0.0953125 0.0078125 0.0953125 0.003125 0.003125 0.003125 0.003125 0.009375 0.0015625 0.0109375 0 0.0109375 0 0.270312 0.1125 0.270312 0.1125 0.260938 0.115625 0.257812 0.117188 0.259375 0.11875 0.259375 0.120312 0.260938 0.123438 0.257812 0.125 0.257812 0.126563 0.25625 0.132812 0.25625 0.135937 0.253125 0.135937 0.251563 0.134375 0.25 0.132812 0.25 0.13125 0.248437 0.129688 0.248437 0.128125 0.246875 0.126563 0.246875 0.123438 0.24375 0.121875 0.24375 0.120312 0.242188 0.11875 0.24375 0.115625 0.24375 0.1125 0.240625 0.1125 0.239063 0.109375 0.235938 0.104687 0.235938 0.103125 0.2375 0.101562 0.2375 0.1 0.235938 0.0953125 0.235938 0.090625 0.240625 0.0875 0.240625 0.0859375 0.239063 0.075 0.239063 0.0734375 0.2375 0.0703125 0.2375 0.06875 0.235938 0.0640625 0.235938 0.0625 0.234375 0.0625 0.232812 0.059375 0.229687 0.059375 0.228125 0.0578125 0.226562 0.05625 0.226562 0.0546875 0.225 0.053125 0.225 0.0515625 0.223438 0.05 0.223438 0.0484375 0.221875 0.046875 0.221875 0.0453125 0.220313 0.04375 0.220313 0.0421875 0.21875 0.040625 0.21875 0.0375 0.215625 0.0359375 0.215625 0.028125 0.207813 0.021875 0.207813 0.0203125 0.20625 0.01875 0.20625 0.0109375 0.198437 0.0109375 0.196875 0.00625 0.192188 0.00625 0.190625 0.0046875 0.189063 0.0046875 0.179688 0.003125 0.178125 0.003125 0.167187 0.0015625 0.165625 0.0015625 0.164062 0.003125 0.1625 0.003125 0.146875 0.0046875 0.145313 0.0046875 0.14375 0.00625 0.142188 0.00625 0.140625 0.009375 0.1375 0.0109375 0.1375 0.0125 0.139062 0.015625 0.139062 0.01875 0.142188 0.0203125 0.142188 0.021875 0.14375 0.025 0.14375 0.0265625 0.145313 0.028125 0.145313 0.03125 0.148438 0.0328125 0.148438 0.034375 0.15 0.0359375 0.15 0.0375 0.151562 0.0390625 0.151562 0.0421875 0.154687 0.04375 0.154687 0.046875 0.157813 0.0484375 0.157813 0.05 0.159375 0.0515625 0.159375 0.053125 0.160938 0.0546875 0.160938 0.059375 0.165625 0.0609375 0.165625 0.0625 0.167187 0.0640625 0.167187 0.065625 0.16875 0.0671875 0.16875 0.06875 0.170312 0.0703125 0.170312 0.0734375 0.173438 0.075 0.173438 0.0765625 0.175 0.078125 0.175 0.0875 0.184375 0.0890625 0.184375 0.10625 0.201562 0.10625 0.203125 0.107813 0.204688 0.107813 0.20625 0.114063 0.2125 0.11875 0.2125 0.120312 0.214062 0.123438 0.214062 0.125 0.215625 0.126563 0.215625 0.129688 0.21875 0.13125 0.21875 0.132812 0.220313 0.135937 0.220313 0.1375 0.221875 0.139062 0.221875 0.140625 0.223438 0.145313 0.223438 0.146875 0.225 0.151562 0.225 0.153125 0.226562 0.154687 0.226562 0.157813 0.229687 0.159375 0.229687 0.160938 0.23125 0.1625 0.23125 0.164062 0.232812 0.167187 0.232812 0.16875 0.234375 0.175 0.234375 0.176563 0.235938 0.203125 0.235938 0.204688 0.2375 0.210938 0.2375 0.2125 0.239063 0.215625 0.239063 0.217187 0.240625 0.221875 0.240625 0.223438 0.242188 0.23125 0.242188 0.232812 0.240625 0.234375 0.240625 0.234375 0.239063 0.235938 0.2375 0.235938 0.235938 0.2375 0.234375 0.2375 0.23125 0.240625 0.228125 0.245312 0.228125 0.245312 0.20625 0.240625 0.20625 0.2375 0.203125 0.2375 0.201562 0.235938 0.2 0.235938 0.1875 0.234375 0.185937 0.234375 0.176563 0.232812 0.175 0.232812 0.170312 0.234375 0.16875 0.234375 0.165625 0.235938 0.164062 0.234375 0.1625 0.234375 0.157813 0.232812 0.15625 0.232812 0.153125 0.23125 0.151562 0.23125 0.15 0.229687 0.148438 0.229687 0.146875 0.228125 0.145313 0.228125 0.14375 0.226562 0.142188 0.225 0.142188 0.221875 0.139062 0.220313 0.139062 0.21875 0.1375 0.215625 0.1375 0.2125 0.134375 0.210938 0.134375 0.209375 0.132812 0.207813 0.132812 0.20625 0.13125 0.204688 0.13125 0.203125 0.129688 0.196875 0.129688 0.195312 0.128125 0.19375 0.128125 0.192188 0.126563 0.192188 0.123438 0.176563 0.107813 0.175 0.107813 0.165625 0.0984375 0.165625 0.096875 0.159375 0.090625 0.159375 0.0890625 0.151562 0.08125 0.15 0.08125 0.148438 0.0796875 0.148438 0.078125 0.146875 0.0765625 0.2 0.003125 0.20625 0.003125 0.20625 0.0078125 0.204688 0.009375 0.214062 0.0078125 0.214062 0.003125 0.215625 0.003125 0.23125 0.0203125 0.232812 0.0203125 0.232812 0.021875 0.228125 0.021875 0.226562 0.0203125 0.226562 0.01875 0.225 0.0171875 0.225 0.0140625 0.228125 0.0140625 0.437486
0 0.328125 0.140625 0.328125 0.134375 0.325 0.134375 0.325 0.139062 0.326562 0.140625 0.328125 0.140625 0.33125 0.165625 0.329688 0.167187 0.325 0.167187 0.323438 0.16875 0.31875 0.16875 0.317187 0.167187 0.307813 0.167187 0.30625 0.165625 0.304688 0.165625 0.303125 0.164062 0.301562 0.164062 0.298438 0.160938 0.296875 0.160938 0.295312 0.159375 0.282813 0.159375 0.279687 0.15625 0.276563 0.15625 0.275 0.154687 0.273438 0.154687 0.271875 0.153125 0.270312 0.153125 0.26875 0.151562 0.265625 0.151562 0.264062 0.15 0.2625 0.15 0.260938 0.148438 0.259375 0.148438 0.253125 0.142188 0.253125 0.134375 0.24375 0.134375 0.24375 0.140625 0.242188 0.142188 0.240625 0.142188 0.239063 0.14375 0.234375 0.14375 0.234375 0.160938 0.240625 0.160938 0.24375 0.164062 0.24375 0.167187 0.245312 0.16875 0.245312 0.201562 0.246875 0.203125 0.248437 0.203125 0.248437 0.201562 0.251563 0.198437 0.253125 0.198437 0.254687 0.2 0.25625 0.2 0.257812 0.201562 0.259375 0.201562 0.265625 0.207813 0.267188 0.20625 0.270312 0.20625 0.271875 0.204688 0.273438 0.204688 0.275 0.203125 0.28125 0.203125 0.282813 0.201562 0.2875 0.201562 0.289062 0.2 0.290625 0.2 0.29375 0.196875 0.298438 0.196875 0.3 0.195312 0.303125 0.195312 0.304688 0.19375 0.30625 0.19375 0.307813 0.192188 0.309375 0.192188 0.310937 0.190625 0.314063 0.190625 0.315625 0.189063 0.321875 0.189063 0.326562 0.184375 0.329688 0.184375 0.33125 0.182812 0.339063 0.182812 0.339063 0.165625 0.33125 0.165625 0.36543
0 0.401563 0.228125 0.4 0.229687 0.398438 0.229687 0.396875 0.23125 0.39375 0.23125 0.392188 0.232812 0.389062 0.232812 0.3875 0.234375 0.384375 0.234375 0.382812 0.235938 0.38125 0.235938 0.379687 0.2375 0.379687 0.239063 0.378125 0.240625 0.378125 0.242188 0.376563 0.24375 0.375 0.242188 0.36875 0.242188 0.365625 0.239063 0.364062 0.239063 0.3625 0.240625 0.360938 0.240625 0.359375 0.242188 0.353125 0.242188 0.353125 0.282813 0.428125 0.282813 0.428125 0.278125 0.43125 0.275 0.434375 0.275 0.435937 0.273438 0.439063 0.273438 0.440625 0.271875 0.442187 0.271875 0.442187 0.270312 0.44375 0.26875 0.445312 0.26875 0.446875 0.267188 0.448438 0.267188 0.45 0.265625 0.451562 0.265625 0.454688 0.2625 0.45625 0.2625 0.457812 0.260938 0.459375 0.260938 0.460938 0.259375 0.464063 0.259375 0.465625 0.257812 0.46875 0.257812 0.470313 0.25625 0.475 0.25625 0.476562 0.254687 0.48125 0.254687 0.482812 0.253125 0.496875 0.253125 0.498437 0.251563 0.507812 0.251563 0.507812 0.23125 0.503125 0.23125 0.5 0.228125 0.5 0.225 0.498437 0.223438 0.498437 0.21875 0.496875 0.217187 0.496875 0.2125 0.495313 0.210938 0.495313 0.209375 0.49375 0.207813 0.492188 0.207813 0.485938 0.201562 0.485938 0.196875 0.439063 0.196875 0.439063 0.201562 0.4375 0.203125 0.435937 0.203125 0.434375 0.204688 0.432813 0.204688 0.43125 0.20625 0.43125 0.207813 0.429688 0.209375 0.428125 0.209375 0.426562 0.210938 0.425 0.210938 0.423438 0.2125 0.421875 0.2125 0.410937 0.223438 0.409375 0.223438 0.40625 0.226562 0.404687 0.226562 0.403125 0.228125 0.401563 0.228125 0.389062 0.201562 0.389062 0.196875 0.353125 0.196875 0.353125 0.203125 0.359375 0.203125 0.3625 0.20625 0.367188 0.20625 0.36875 0.204688 0.371875 0.204688 0.373437 0.203125 0.384375 0.203125 0.385938 0.201562 0.389062 0.201562 0.356942
0 0.24375 0.034375 0.235938 0.0421875 0.235938 0.04375 0.23125 0.0484375 0.23125 0.05 0.229687 0.0515625 0.229687 0.053125 0.226562 0.05625 0.226562 0.078125 0.228125 0.0796875 0.228125 0.084375 0.229687 0.0859375 0.229687 0.0921875 0.23125 0.09375 0.23125 0.101562 0.232812 0.103125 0.232812 0.128125 0.23125 0.129688 0.23125 0.1375 0.229687 0.139062 0.23125 0.140625 0.23125 0.142188 0.232812 0.14375 0.234375 0.14375 0.2375 0.140625 0.239063 0.140625 0.251563 0.128125 0.253125 0.128125 0.259375 0.121875 0.260938 0.121875 0.264062 0.11875 0.264062 0.117188 0.265625 0.115625 0.265625 0.1 0.267188 0.0984375 0.267188 0.090625 0.26875 0.0890625 0.26875 0.0859375 0.270312 0.084375 0.270312 0.08125 0.271875 0.0796875 0.271875 0.078125 0.278125 0.071875 0.279687 0.071875 0.282813 0.06875 0.284375 0.06875 0.2875 0.065625 0.289062 0.065625 0.290625 0.0640625 0.292188 0.0640625 0.296875 0.059375 0.298438 0.059375 0.3 0.0578125 0.307813 0.0578125 0.307813 0.0375 0.301562 0.0375 0.296875 0.0328125 0.295312 0.0328125 0.29375 0.03125 0.292188 0.03125 0.290625 0.0296875 0.289062 0.0296875 0.2875 0.028125 0.284375 0.028125 0.282813 0.0265625 0.270312 0.0265625 0.26875 0.028125 0.264062 0.028125 0.2625 0.0296875 0.260938 0.0296875 0.259375 0.03125 0.25625 0.03125 0.254687 0.0328125 0.246875 0.0328125 0.245312 0.034375 0.24375 0.034375 0.220313 0.0140625 0.220313 0.009375 0.215625 0.009375 0.215625 0.0140625 0.220313 0.0140625 0.339976
0 0.220313 0.21875 0.220313 0.182812 0.215625 0.182812 0.214062 0.184375 0.210938 0.184375 0.207813 0.1875 0.207813 0.190625 0.20625 0.192188 0.20625 0.19375 0.204688 0.195312 0.204688 0.198437 0.203125 0.2 0.203125 0.201562 0.204688 0.203125 0.204688 0.207813 0.20625 0.209375 0.20625 0.2125 0.207813 0.214062 0.207813 0.215625 0.209375 0.215625 0.210938 0.217187 0.2125 0.217187 0.214062 0.21875 0.220313 0.21875 0.220313 0.235938 0.207813 0.235938 0.20625 0.2375 0.196875 0.2375 0.195312 0.239063 0.189063 0.239063 0.1875 0.2375 0.18125 0.2375 0.179688 0.235938 0.173438 0.235938 0.171875 0.234375 0.170312 0.234375 0.16875 0.232812 0.167187 0.232812 0.165625 0.23125 0.164062 0.23125 0.1625 0.229687 0.160938 0.229687 0.159375 0.228125 0.157813 0.228125 0.15625 0.226562 0.153125 0.226562 0.151562 0.225 0.148438 0.225 0.146875 0.223438 0.14375 0.223438 0.142188 0.221875 0.140625 0.221875 0.139062 0.220313 0.1375 0.220313 0.135937 0.21875 0.134375 0.21875 0.132812 0.217187 0.13125 0.217187 0.129688 0.215625 0.128125 0.215625 0.126563 0.214062 0.125 0.214062 0.123438 0.2125 0.121875 0.2125 0.11875 0.209375 0.117188 0.209375 0.110937 0.203125 0.109375 0.203125 0.10625 0.2 0.104687 0.2 0.0828125 0.178125 0.08125 0.178125 0.078125 0.175 0.0765625 0.175 0.0734375 0.171875 0.071875 0.171875 0.0703125 0.170312 0.06875 0.170312 0.0671875 0.16875 0.065625 0.16875 0.0625 0.165625 0.0609375 0.165625 0.059375 0.164062 0.0578125 0.164062 0.05625 0.1625 0.0546875 0.1625 0.0515625 0.159375 0.05 0.159375 0.0484375 0.157813 0.046875 0.157813 0.0421875 0.153125 0.040625 0.153125 0.0390625 0.151562 0.0375 0.151562 0.0359375 0.15 0.034375 0.15 0.0296875 0.145313 0.028125 0.145313 0.0203125 0.1375 0.01875 0.1375 0.015625 0.134375 0.015625 0.132812 0.0140625 0.132812 0.0125 0.13125 0.0109375 0.13125 0.009375 0.129688 0 0.129688 0 0.217187 0.003125 0.217187 0.0046875 0.21875 0.0046875 0.223438 0.00625 0.225 0.00625 0.24375 0.0046875 0.245312 0.0046875 0.25 0.003125 0.251563 0.003125 0.257812 0.0046875 0.259375 0.0046875 0.2625 0.00625 0.264062 0.00625 0.267188 0.0078125 0.26875 0.0078125 0.270312 0.0125 0.270312 0.0140625 0.271875 0.0171875 0.271875 0.01875 0.270312 0.0203125 0.270312 0.021875 0.26875 0.0265625 0.26875 0.0296875 0.271875 0.028125 0.273438 0.028125 0.275 0.0265625 0.276563 0.0328125 0.282813 0.034375 0.282813 0.0390625 0.2875 0.040625 0.2875 0.0421875 0.289062 0.0453125 0.289062 0.046875 0.290625 0.0484375 0.290625 0.0546875 0.296875 0.05625 0.296875 0.0578125 0.298438 0.0609375 0.298438 0.0625 0.3 0.0640625 0.3 0.065625 0.301562 0.0796875 0.301562 0.08125 0.303125 0.101562 0.303125 0.103125 0.304688 0.110937 0.304688 0.1125 0.30625 0.115625 0.30625 0.117188 0.307813 0.11875 0.307813 0.120312 0.309375 0.120312 0.314063 0.132812 0.314063 0.132812 0.309375 0.1375 0.304688 0.140625 0.304688 0.142188 0.303125 0.145313 0.303125 0.146875 0.301562 0.15 0.301562 0.151562 0.3 0.154687 0.3 0.15625 0.298438 0.160938 0.298438 0.1625 0.296875 0.170312 0.296875 0.171875 0.295312 0.178125 0.295312 0.179688 0.29375 0.182812 0.29375 0.184375 0.292188 0.185937 0.292188 0.1875 0.290625 0.192188 0.290625 0.19375 0.289062 0.195312 0.289062 0.198437 0.285937 0.2 0.285937 0.201562 0.284375 0.204688 0.284375 0.209375 0.279687 0.210938 0.279687 0.2125 0.278125 0.214062 0.278125 0.215625 0.276563 0.220313 0.276563 0.220313 0.235938 0.328691
