0 0.221875 0.501562 0.221875 0.501562 0.209375 0.492188 0.2125 0.489062 0.2125 0.475 0.210938 0.473437 0.210938 0.470313 0.209375 0.46875 0.209375 0.45625 0.204688 0.451562 0.204688 0.446875 0.201562 0.44375 0.201562 0.442187 0.2 0.440625 0.2 0.434375 0.196875 0.43125 0.19375 0.43125 0.192188 0.432813 0.189063 0.432813 0.185937 0.429688 0.185937 0.425 0.1875 0.423438 0.1875 0.4125 0.189063 0.410937 0.189063 0.40625 0.1875 0.404687 0.1875 0.395312 0.19375 0.39375 0.195312 0.39375 0.198437 0.396875 0.198437 0.398438 0.2 0.4 0.2 0.401563 0.204688 0.40625 0.204688 0.409375 0.20625 0.410937 0.20625 0.415625 0.207813 0.417188 0.207813 0.41875 0.209375 0.420312 0.209375 0.421875 0.210938 0.423438 0.210938 0.425 0.2125 0.426562 0.2125 0.429688 0.217187 0.434375 0.217187 0.435937 0.21875 0.4375 0.21875 0.439063 0.223438 0.44375 0.223438 0.445312 0.228125 0.45 0.228125 0.451562 0.229687 0.453125 0.229687 0.454688 0.23125 0.45625 0.23125 0.457812 0.232812 0.459375 0.232812 0.460938 0.235938 0.464063 0.235938 0.465625 0.2375 0.467187 0.2375 0.46875 0.240625 0.471875 0.240625 0.473437 0.242188 0.475 0.242188 0.476562 0.24375 0.478125 0.24375 0.479688 0.248437 0.484375 0.248437 0.485938 0.253125 0.490625 0.253125 0.492188 0.254687 0.49375 0.254687 0.495313 0.25625 0.496875 0.25625 0.5 0.257812 0.501562 0.257812 0.503125 0.259375 0.504687 0.259375 0.50625 0.260938 0.507812 0.260938 0.510938 0.264062 0.514063 0.264062 0.515625 0.267188 0.51875 0.267188 0.521875 0.270312 0.525 0.270312 0.526563 0.271875 0.528125 0.271875 0.529688 0.276563 0.534375 0.276563 0.535937 0.279687 0.539062 0.279687 0.540625 0.28125 0.542188 0.28125 0.54375 0.284375 0.546875 0.282813 0.548437 0.282813 0.551562 0.279687 0.554688 0.278125 0.554688 0.276563 0.55625 0.267188 0.55625 0.265625 0.557813 0.260938 0.557813 0.259375 0.55625 0.257812 0.557813 0.25625 0.557813 0.254687 0.559375 0.254687 0.564062 0.285937 0.564062 0.285937 0.554688 0.284375 0.553125 0.289062 0.548437 0.290625 0.55 0.29375 0.55 0.295312 0.551562 0.296875 0.55 0.298438 0.55 0.3 0.548437 0.304688 0.548437 0.30625 0.546875 0.329688 0.546875 0.33125 0.545313 0.339063 0.545313 0.340625 0.546875 0.360938 0.546875 0.3625 0.548437 0.365625 0.548437 0.367188 0.55 0.370313 0.55 0.371875 0.551562 0.375 0.551562 0.376563 0.553125 0.3875 0.553125 0.389062 0.554688 0.392188 0.554688 0.39375 0.55625 0.395312 0.55625 0.398438 0.559375 0.398438 0.564062 0.540625 0.564062 0.540625 0.55625 0.542188 0.554688 0.542188 0.553125 0.54375 0.551562 0.542188 0.55 0.542188 0.546875 0.540625 0.545313 0.540625 0.542188 0.542188 0.540625 0.542188 0.532812 0.54375 0.53125 0.54375 0.510938 0.542188 0.509375 0.542188 0.507812 0.539062 0.504687 0.5375 0.50625 0.523438 0.50625 0.521875 0.504687 0.520312 0.504687 0.51875 0.503125 0.523438 0.498437 0.523438 0.496875 0.526563 0.49375 0.528125 0.49375 0.532812 0.489062 0.535937 0.489062 0.5375 0.4875 0.539062 0.4875 0.540625 0.485938 0.540625 0.482812 0.542188 0.48125 0.542188 0.448438 0.540625 0.446875 0.540625 0.440625 0.539062 0.439063 0.539062 0.4375 0.5375 0.435937 0.5375 0.434375 0.535937 0.432813 0.535937 0.43125 0.532812 0.428125 0.532812 0.426562 0.53125 0.426562 0.523438 0.41875 0.521875 0.41875 0.51875 0.415625 0.51875 0.414062 0.514063 0.409375 0.514063 0.407813 0.5125 0.40625 0.5125 0.404687 0.510938 0.403125 0.510938 0.398438 0.509375 0.396875 0.509375 0.392188 0.510938 0.390625 0.510938 0.385938 0.509375 0.384375 0.509375 0.382812 0.50625 0.379687 0.504687 0.379687 0.503125 0.378125 0.501562 0.378125 0.5 0.376563 0.496875 0.376563 0.495313 0.375 0.492188 0.375 0.490625 0.373437 0.489062 0.373437 0.4875 0.371875 0.482812 0.371875 0.48125 0.370313 0.478125 0.370313 0.476562 0.36875 0.473437 0.36875 0.471875 0.367188 0.46875 0.367188 0.467187 0.365625 0.4625 0.365625 0.460938 0.364062 0.454688 0.364062 0.453125 0.3625 0.448438 0.3625 0.446875 0.360938 0.44375 0.360938 0.442187 0.359375 0.4375 0.359375 0.435937 0.357812 0.432813 0.357812 0.43125 0.35625 0.426562 0.35625 0.425 0.354688 0.421875 0.354688 0.420312 0.353125 0.414062 0.353125 0.4125 0.351562 0.407813 0.351562 0.40625 0.35 0.4 0.35 0.398438 0.348437 0.395312 0.348437 0.39375 0.346875 0.3875 0.346875 0.385938 0.345313 0.38125 0.345313 0.379687 0.34375 0.375 0.34375 0.373437 0.342187 0.371875 0.342187 0.370313 0.340625 0.365625 0.340625 0.364062 0.339063 0.359375 0.339063 0.357812 0.3375 0.353125 0.3375 0.351562 0.335938 0.348437 0.335938 0.346875 0.334375 0.342187 0.334375 0.340625 0.332812 0.3375 0.332812 0.335938 0.33125 0.332812 0.33125 0.33125 0.329688 0.328125 0.329688 0.325 0.326562 0.325 0.321875 0.179688 0.321875 0.179688 0.326562 0.178125 0.328125 0.171875 0.328125 0.171875 0.35625 0.176563 0.35625 0.179688 0.359375 0.179688 0.360938 0.18125 0.3625 0.18125 0.367188 0.185937 0.371875 0.185937 0.375 0.1875 0.376563 0.1875 0.379687 0.192188 0.384375 0.192188 0.389062 0.19375 0.390625 0.19375 0.39375 0.1875 0.395312 0.184375 0.392188 0.184375 0.390625 0.179688 0.385938 0.179688 0.384375 0.178125 0.382812 0.171875 0.382812 0.171875 0.41875 0.176563 0.41875 0.179688 0.421875 0.179688 0.425 0.18125 0.426562 0.18125 0.435937 0.179688 0.4375 0.179688 0.442187 0.178125 0.44375 0.178125 0.445312 0.176563 0.446875 0.171875 0.446875 0.171875 0.465625 0.176563 0.465625 0.179688 0.46875 0.179688 0.470313 0.18125 0.471875 0.18125 0.478125 0.182812 0.479688 0.184375 0.479688 0.185937 0.478125 0.185937 0.470313 0.1875 0.46875 0.1875 0.467187 0.189063 0.465625 0.190625 0.465625 0.19375 0.46875 0.195312 0.46875 0.196875 0.470313 0.198437 0.46875 0.2 0.46875 0.201562 0.467187 0.203125 0.467187 0.204688 0.46875 0.204688 0.475 0.203125 0.476562 0.203125 0.478125 0.204688 0.479688 0.204688 0.48125 0.20625 0.482812 0.20625 0.489062 0.209375 0.492188 0.928301
0 0.520312 0.485938 0.521875 0.484375 0.521875 0.478125 0.520312 0.476562 0.515625 0.476562 0.515625 0.485938 0.520312 0.485938 0.521875 0.490625 0.520312 0.492188 0.515625 0.492188 0.515625 0.523438 0.521875 0.523438 0.525 0.526563 0.525 0.528125 0.529688 0.532812 0.529688 0.534375 0.53125 0.535937 0.53125 0.5375 0.539062 0.545313 0.540625 0.545313 0.542188 0.546875 0.542188 0.548437 0.55 0.55625 0.553125 0.55625 0.554688 0.557813 0.567187 0.557813 0.56875 0.55625 0.573438 0.55625 0.575 0.554688 0.589063 0.554688 0.590625 0.55625 0.59375 0.55625 0.595312 0.557813 0.601562 0.557813 0.603125 0.559375 0.607813 0.559375 0.609375 0.560938 0.6125 0.560938 0.614062 0.5625 0.617188 0.5625 0.61875 0.564062 0.621875 0.564062 0.623438 0.565625 0.628125 0.565625 0.629687 0.567187 0.63125 0.567187 0.632812 0.56875 0.635938 0.56875 0.6375 0.570312 0.64375 0.570312 0.645312 0.571875 0.657812 0.571875 0.659375 0.573438 0.664062 0.573438 0.665625 0.575 0.66875 0.575 0.670313 0.576563 0.675 0.576563 0.676562 0.578125 0.701563 0.578125 0.703125 0.579687 0.707812 0.579687 0.709375 0.58125 0.715625 0.58125 0.71875 0.584375 0.71875 0.589063 0.76875 0.589063 0.76875 0.584375 0.770312 0.582812 0.773438 0.582812 0.775 0.584375 0.775 0.589063 0.821875 0.589063 0.821875 0.584375 0.823438 0.582812 0.826563 0.582812 0.828125 0.58125 0.834375 0.58125 0.835938 0.579687 0.8625 0.579687 0.864062 0.58125 0.876562 0.58125 0.878125 0.579687 0.885938 0.579687 0.8875 0.578125 0.90625 0.578125 0.907812 0.576563 0.914062 0.576563 0.914062 0.55625 0.909375 0.55625 0.90625 0.553125 0.90625 0.551562 0.904688 0.55 0.904688 0.548437 0.901563 0.545313 0.901563 0.54375 0.896875 0.539062 0.896875 0.5375 0.895312 0.535937 0.895312 0.532812 0.89375 0.53125 0.89375 0.528125 0.892187 0.526563 0.892187 0.525 0.889063 0.521875 0.889063 0.51875 0.8875 0.517187 0.8875 0.514063 0.885938 0.5125 0.885938 0.510938 0.882812 0.507812 0.882812 0.503125 0.88125 0.501562 0.88125 0.5 0.879687 0.498437 0.879687 0.496875 0.878125 0.495313 0.878125 0.49375 0.876562 0.492188 0.876562 0.489062 0.875 0.4875 0.875 0.485938 0.873438 0.484375 0.873438 0.482812 0.871875 0.48125 0.871875 0.478125 0.870313 0.476562 0.870313 0.475 0.86875 0.473437 0.86875 0.470313 0.867188 0.46875 0.867188 0.465625 0.865625 0.464063 0.865625 0.4625 0.864062 0.460938 0.864062 0.459375 0.8625 0.457812 0.8625 0.45625 0.860937 0.454688 0.860937 0.453125 0.859375 0.451562 0.859375 0.45 0.857813 0.448438 0.857813 0.445312 0.85625 0.44375 0.85625 0.442187 0.854688 0.440625 0.854688 0.439063 0.853125 0.4375 0.853125 0.435937 0.851562 0.434375 0.851562 0.432813 0.85 0.43125 0.85 0.429688 0.848437 0.428125 0.848437 0.426562 0.846875 0.425 0.846875 0.423438 0.84375 0.420312 0.84375 0.41875 0.840625 0.415625 0.840625 0.414062 0.839063 0.4125 0.839063 0.410937 0.832812 0.404687 0.832812 0.403125 0.826563 0.396875 0.826563 0.395312 0.825 0.39375 0.825 0.392188 0.821875 0.389062 0.821875 0.384375 0.68125 0.384375 0.68125 0.389062 0.679688 0.390625 0.676562 0.390625 0.675 0.392188 0.673437 0.392188 0.671875 0.39375 0.670313 0.39375 0.66875 0.395312 0.667188 0.395312 0.665625 0.396875 0.6625 0.396875 0.660937 0.398438 0.657812 0.398438 0.65625 0.4 0.653125 0.4 0.651563 0.401563 0.648438 0.401563 0.646875 0.403125 0.640625 0.403125 0.639063 0.404687 0.635938 0.404687 0.634375 0.40625 0.632812 0.40625 0.63125 0.407813 0.628125 0.407813 0.626562 0.409375 0.621875 0.409375 0.620313 0.410937 0.617188 0.410937 0.615625 0.4125 0.610937 0.4125 0.609375 0.414062 0.604688 0.414062 0.603125 0.415625 0.592188 0.415625 0.590625 0.417188 0.578125 0.417188 0.576563 0.41875 0.551562 0.41875 0.55 0.417188 0.548437 0.417188 0.54375 0.4125 0.54375 0.409375 0.542188 0.407813 0.542188 0.404687 0.540625 0.403125 0.540625 0.384375 0.526563 0.384375 0.526563 0.389062 0.523438 0.392188 0.521875 0.392188 0.520312 0.39375 0.515625 0.39375 0.515625 0.414062 0.521875 0.414062 0.523438 0.415625 0.525 0.415625 0.528125 0.41875 0.540625 0.41875 0.542188 0.420312 0.539062 0.423438 0.5375 0.423438 0.535937 0.425 0.535937 0.428125 0.539062 0.43125 0.539062 0.434375 0.540625 0.435937 0.540625 0.439063 0.542188 0.440625 0.542188 0.453125 0.54375 0.454688 0.54375 0.479688 0.542188 0.48125 0.542188 0.492188 0.539062 0.495313 0.5375 0.495313 0.535937 0.49375 0.53125 0.49375 0.528125 0.490625 0.521875 0.490625 0.909373
0 0.232812 0.328125 0.240625 0.328125 0.242188 0.329688 0.251563 0.329688 0.253125 0.33125 0.259375 0.33125 0.2625 0.334375 0.254687 0.342187 0.254687 0.348437 0.259375 0.353125 0.260938 0.353125 0.2625 0.354688 0.264062 0.354688 0.265625 0.35625 0.26875 0.35625 0.270312 0.354688 0.271875 0.35625 0.273438 0.35625 0.276563 0.359375 0.276563 0.3625 0.278125 0.364062 0.278125 0.365625 0.282813 0.365625 0.282813 0.325 0.273438 0.325 0.271875 0.326562 0.239063 0.326562 0.2375 0.328125 0.232812 0.328125 0.178125 0.357812 0.175 0.354688 0.175 0.353125 0.170312 0.348437 0.170312 0.346875 0.164062 0.340625 0.164062 0.339063 0.148438 0.323438 0.146875 0.323438 0.142188 0.31875 0.140625 0.31875 0.1375 0.315625 0.135937 0.315625 0.134375 0.314063 0.13125 0.314063 0.129688 0.3125 0.128125 0.3125 0.126563 0.310937 0.125 0.310937 0.11875 0.304688 0.117188 0.304688 0.114063 0.301562 0.1125 0.301562 0.110937 0.3 0.107813 0.3 0.10625 0.298438 0.101562 0.298438 0.1 0.296875 0.096875 0.296875 0.0953125 0.295312 0.0921875 0.295312 0.090625 0.29375 0.06875 0.29375 0.0671875 0.292188 0.0546875 0.292188 0.053125 0.290625 0.05 0.290625 0.0484375 0.289062 0.0484375 0.284375 0 0.284375 0 0.614062 0.0359375 0.614062 0.0359375 0.609375 0.0390625 0.60625 0.040625 0.60625 0.0421875 0.604688 0.0453125 0.604688 0.046875 0.603125 0.0546875 0.603125 0.05625 0.601562 0.059375 0.601562 0.0609375 0.6 0.0625 0.6 0.0640625 0.598437 0.065625 0.598437 0.0671875 0.596875 0.0703125 0.596875 0.071875 0.595312 0.078125 0.595312 0.0796875 0.59375 0.084375 0.59375 0.0859375 0.592188 0.09375 0.592188 0.0953125 0.590625 0.109375 0.590625 0.110937 0.589063 0.129688 0.589063 0.13125 0.5875 0.145313 0.5875 0.146875 0.585938 0.170312 0.585938 0.171875 0.584375 0.192188 0.584375 0.19375 0.585938 0.210938 0.585938 0.2125 0.584375 0.223438 0.584375 0.225 0.582812 0.228125 0.582812 0.229687 0.58125 0.232812 0.58125 0.234375 0.579687 0.2375 0.579687 0.239063 0.578125 0.242188 0.578125 0.24375 0.576563 0.246875 0.576563 0.248437 0.575 0.257812 0.575 0.259375 0.573438 0.260938 0.575 0.264062 0.575 0.265625 0.573438 0.26875 0.573438 0.270312 0.571875 0.273438 0.571875 0.275 0.570312 0.282813 0.570312 0.282813 0.540625 0.276563 0.540625 0.275 0.539062 0.275 0.5375 0.270312 0.532812 0.270312 0.53125 0.26875 0.529688 0.26875 0.528125 0.2625 0.521875 0.2625 0.51875 0.260938 0.517187 0.260938 0.515625 0.25625 0.510938 0.25625 0.509375 0.254687 0.507812 0.254687 0.50625 0.251563 0.503125 0.251563 0.501562 0.248437 0.498437 0.248437 0.495313 0.246875 0.49375 0.246875 0.492188 0.245312 0.490625 0.245312 0.489062 0.24375 0.4875 0.24375 0.485938 0.240625 0.482812 0.240625 0.48125 0.239063 0.479688 0.239063 0.478125 0.2375 0.476562 0.2375 0.475 0.235938 0.473437 0.235938 0.471875 0.229687 0.465625 0.229687 0.464063 0.225 0.459375 0.225 0.454688 0.223438 0.453125 0.223438 0.451562 0.221875 0.45 0.221875 0.448438 0.220313 0.446875 0.220313 0.445312 0.21875 0.44375 0.21875 0.442187 0.214062 0.4375 0.214062 0.435937 0.209375 0.43125 0.209375 0.429688 0.20625 0.426562 0.20625 0.423438 0.204688 0.421875 0.204688 0.420312 0.201562 0.417188 0.201562 0.415625 0.2 0.414062 0.2 0.409375 0.198437 0.407813 0.198437 0.404687 0.196875 0.403125 0.196875 0.4 0.195312 0.398438 0.195312 0.395312 0.19375 0.39375 0.19375 0.389062 0.192188 0.3875 0.192188 0.385938 0.190625 0.384375 0.190625 0.382812 0.189063 0.38125 0.189063 0.379687 0.1875 0.378125 0.1875 0.376563 0.185937 0.375 0.185937 0.373437 0.184375 0.371875 0.184375 0.370313 0.182812 0.36875 0.182812 0.367188 0.18125 0.365625 0.18125 0.364062 0.179688 0.3625 0.179688 0.360938 0.178125 0.359375 0.178125 0.357812 0.864352
0 0.854688 0.557813 0.853125 0.55625 0.851562 0.55625 0.848437 0.553125 0.846875 0.553125 0.845312 0.551562 0.845312 0.55 0.84375 0.548437 0.84375 0.546875 0.840625 0.54375 0.840625 0.542188 0.835938 0.542188 0.834375 0.540625 0.832812 0.540625 0.828125 0.535937 0.821875 0.535937 0.821875 0.578125 0.832812 0.578125 0.834375 0.576563 0.853125 0.576563 0.854688 0.575 0.854688 0.573438 0.85625 0.571875 0.85625 0.567187 0.854688 0.565625 0.854688 0.557813 0.898438 0.534375 0.903125 0.539062 0.903125 0.540625 0.904688 0.542188 0.904688 0.54375 0.90625 0.545313 0.90625 0.546875 0.907812 0.548437 0.907812 0.55 0.909375 0.551562 0.909375 0.553125 0.910937 0.554688 0.910937 0.557813 0.914062 0.560938 0.914062 0.5625 0.917188 0.565625 0.917188 0.567187 0.920313 0.570312 0.920313 0.571875 0.923437 0.575 0.923437 0.576563 0.925 0.578125 0.925 0.579687 0.928125 0.582812 0.928125 0.584375 0.9375 0.59375 0.939062 0.59375 0.948438 0.603125 0.95 0.603125 0.959375 0.6125 0.960938 0.6125 0.964063 0.615625 0.964063 0.620313 0.998438 0.620313 0.998438 0.334375 0.860937 0.334375 0.860937 0.339063 0.859375 0.340625 0.857813 0.340625 0.85625 0.339063 0.85625 0.334375 0.842188 0.334375 0.842188 0.339063 0.84375 0.340625 0.845312 0.340625 0.846875 0.342187 0.846875 0.34375 0.848437 0.345313 0.846875 0.346875 0.845312 0.346875 0.84375 0.348437 0.842188 0.348437 0.832812 0.357812 0.832812 0.359375 0.83125 0.360938 0.83125 0.3625 0.828125 0.365625 0.821875 0.365625 0.821875 0.39375 0.826563 0.39375 0.832812 0.4 0.832812 0.401563 0.835938 0.404687 0.835938 0.40625 0.839063 0.409375 0.839063 0.410937 0.842188 0.414062 0.842188 0.415625 0.845312 0.41875 0.845312 0.420312 0.848437 0.423438 0.848437 0.425 0.85 0.426562 0.85 0.428125 0.851562 0.429688 0.851562 0.43125 0.854688 0.434375 0.854688 0.435937 0.85625 0.4375 0.85625 0.440625 0.857813 0.442187 0.857813 0.44375 0.859375 0.445312 0.859375 0.448438 0.860937 0.45 0.860937 0.451562 0.8625 0.453125 0.8625 0.45625 0.864062 0.457812 0.864062 0.459375 0.865625 0.460938 0.865625 0.4625 0.867188 0.464063 0.867188 0.467187 0.86875 0.46875 0.86875 0.471875 0.870313 0.473437 0.870313 0.475 0.871875 0.476562 0.871875 0.479688 0.873438 0.48125 0.873438 0.482812 0.875 0.484375 0.875 0.485938 0.876562 0.4875 0.876562 0.489062 0.878125 0.490625 0.878125 0.492188 0.879687 0.49375 0.879687 0.496875 0.88125 0.498437 0.88125 0.5 0.882812 0.501562 0.882812 0.503125 0.884375 0.504687 0.884375 0.507812 0.8875 0.510938 0.8875 0.5125 0.889063 0.514063 0.889063 0.515625 0.890625 0.517187 0.890625 0.520312 0.892187 0.521875 0.892187 0.523438 0.895312 0.526563 0.895312 0.528125 0.896875 0.529688 0.896875 0.53125 0.898438 0.532812 0.898438 0.534375 0.849713
0 0.795313 0.0390625 0.803125 0.0390625 0.80625 0.0421875 0.807813 0.0421875 0.809375 0.04375 0.814062 0.04375 0.815625 0.0453125 0.815625 0.046875 0.817187 0.0484375 0.817187 0.0515625 0.81875 0.053125 0.81875 0.0546875 0.821875 0.0578125 0.823438 0.0578125 0.825 0.05625 0.832812 0.05625 0.832812 0.028125 0.792188 0.028125 0.792188 0.034375 0.795313 0.0375 0.795313 0.0390625 0.721875 0.115625 0.709375 0.103125 0.709375 0.101562 0.703125 0.0953125 0.703125 0.09375 0.698438 0.0890625 0.698438 0.0875 0.696875 0.0859375 0.696875 0.084375 0.692187 0.0796875 0.692187 0.078125 0.690625 0.0765625 0.690625 0.075 0.685938 0.0703125 0.685938 0.06875 0.664062 0.046875 0.6625 0.046875 0.657812 0.0421875 0.65625 0.0421875 0.654688 0.040625 0.65 0.040625 0.648438 0.0390625 0.639063 0.0390625 0.6375 0.0375 0.63125 0.0375 0.629687 0.0359375 0.625 0.0359375 0.623438 0.034375 0.621875 0.034375 0.620313 0.0328125 0.620313 0.028125 0.465625 0.028125 0.465625 0.0328125 0.464063 0.034375 0.459375 0.034375 0.457812 0.0359375 0.454688 0.0359375 0.453125 0.0375 0.45 0.0375 0.448438 0.0390625 0.446875 0.0390625 0.445312 0.040625 0.44375 0.040625 0.4375 0.046875 0.435937 0.046875 0.429688 0.053125 0.428125 0.053125 0.426562 0.0546875 0.420312 0.0546875 0.41875 0.05625 0.417188 0.05625 0.415625 0.0578125 0.414062 0.0578125 0.4125 0.059375 0.409375 0.059375 0.40625 0.0625 0.404687 0.0625 0.403125 0.0640625 0.396875 0.0640625 0.396875 0.13125 0.401563 0.13125 0.404687 0.134375 0.404687 0.135937 0.407813 0.139062 0.407813 0.142188 0.409375 0.14375 0.409375 0.146875 0.414062 0.151562 0.414062 0.154687 0.415625 0.15625 0.415625 0.160938 0.417188 0.1625 0.417188 0.164062 0.41875 0.165625 0.41875 0.16875 0.420312 0.170312 0.420312 0.175 0.421875 0.176563 0.426562 0.176563 0.43125 0.18125 0.43125 0.182812 0.434375 0.185937 0.4375 0.185937 0.439063 0.1875 0.440625 0.1875 0.442187 0.189063 0.442187 0.192188 0.440625 0.19375 0.440625 0.204688 0.439063 0.20625 0.439063 0.209375 0.440625 0.210938 0.440625 0.2125 0.442187 0.214062 0.442187 0.232812 0.44375 0.234375 0.44375 0.240625 0.445312 0.242188 0.445312 0.24375 0.446875 0.245312 0.448438 0.245312 0.453125 0.25 0.453125 0.251563 0.454688 0.253125 0.454688 0.25625 0.45625 0.257812 0.45625 0.260938 0.457812 0.2625 0.457812 0.265625 0.459375 0.267188 0.459375 0.26875 0.4625 0.271875 0.4625 0.278125 0.464063 0.279687 0.464063 0.285937 0.465625 0.2875 0.465625 0.289062 0.467187 0.290625 0.467187 0.292188 0.470313 0.295312 0.470313 0.298438 0.471875 0.3 0.471875 0.301562 0.478125 0.307813 0.478125 0.309375 0.476562 0.310937 0.476562 0.314063 0.471875 0.31875 0.470313 0.31875 0.46875 0.320312 0.467187 0.320312 0.465625 0.321875 0.4625 0.321875 0.460938 0.320312 0.457812 0.320312 0.45625 0.321875 0.453125 0.321875 0.451562 0.323438 0.446875 0.323438 0.442187 0.328125 0.440625 0.328125 0.439063 0.329688 0.421875 0.329688 0.417188 0.325 0.417188 0.323438 0.415625 0.321875 0.415625 0.320312 0.414062 0.31875 0.4125 0.31875 0.410937 0.317187 0.409375 0.317187 0.403125 0.310937 0.396875 0.310937 0.396875 0.345313 0.404687 0.345313 0.40625 0.346875 0.410937 0.346875 0.4125 0.348437 0.415625 0.348437 0.417188 0.35 0.41875 0.35 0.420312 0.351562 0.426562 0.351562 0.428125 0.353125 0.434375 0.353125 0.435937 0.354688 0.4375 0.354688 0.439063 0.35625 0.44375 0.35625 0.445312 0.357812 0.451562 0.357812 0.453125 0.359375 0.459375 0.359375 0.460938 0.360938 0.464063 0.360938 0.465625 0.3625 0.467187 0.3625 0.46875 0.364062 0.475 0.364062 0.476562 0.365625 0.479688 0.365625 0.48125 0.367188 0.484375 0.367188 0.485938 0.36875 0.4875 0.36875 0.489062 0.370313 0.49375 0.370313 0.495313 0.371875 0.498437 0.371875 0.5 0.373437 0.503125 0.373437 0.504687 0.375 0.507812 0.375 0.509375 0.376563 0.510938 0.376563 0.5125 0.378125 0.514063 0.378125 0.515625 0.379687 0.517187 0.378125 0.521875 0.378125 0.526563 0.382812 0.526563 0.385938 0.528125 0.3875 0.528125 0.389062 0.53125 0.389062 0.532812 0.3875 0.535937 0.390625 0.535937 0.392188 0.539062 0.395312 0.539062 0.396875 0.5375 0.398438 0.5375 0.401563 0.532812 0.40625 0.528125 0.401563 0.526563 0.401563 0.525 0.403125 0.523438 0.403125 0.521875 0.404687 0.520312 0.404687 0.51875 0.40625 0.515625 0.40625 0.514063 0.407813 0.514063 0.409375 0.515625 0.409375 0.517187 0.410937 0.51875 0.410937 0.521875 0.414062 0.521875 0.415625 0.523438 0.417188 0.523438 0.41875 0.526563 0.421875 0.526563 0.426562 0.535937 0.426562 0.535937 0.421875 0.5375 0.420312 0.545313 0.420312 0.546875 0.421875 0.546875 0.426562 0.560938 0.426562 0.560938 0.421875 0.5625 0.420312 0.565625 0.420312 0.567187 0.41875 0.573438 0.41875 0.575 0.417188 0.582812 0.417188 0.584375 0.415625 0.59375 0.415625 0.595312 0.414062 0.601562 0.414062 0.603125 0.4125 0.60625 0.4125 0.607813 0.410937 0.6125 0.410937 0.614062 0.409375 0.61875 0.409375 0.620313 0.407813 0.625 0.407813 0.626562 0.40625 0.628125 0.40625 0.629687 0.404687 0.632812 0.404687 0.634375 0.403125 0.639063 0.403125 0.640625 0.401563 0.64375 0.401563 0.645312 0.4 0.648438 0.4 0.65 0.398438 0.654688 0.398438 0.65625 0.396875 0.659375 0.396875 0.660937 0.395312 0.665625 0.395312 0.667188 0.39375 0.670313 0.39375 0.671875 0.392188 0.675 0.392188 0.676562 0.390625 0.68125 0.390625 0.682813 0.389062 0.685938 0.389062 0.6875 0.3875 0.69375 0.3875 0.695312 0.385938 0.7375 0.385938 0.739062 0.384375 0.746875 0.384375 0.748438 0.382812 0.754687 0.382812 0.75625 0.38125 0.760938 0.38125 0.7625 0.379687 0.773438 0.379687 0.775 0.378125 0.798437 0.378125 0.8 0.376563 0.80625 0.376563 0.807813 0.375 0.810938 0.375 0.8125 0.373437 0.814062 0.373437 0.817187 0.370313 0.81875 0.370313 0.828125 0.360938 0.832812 0.360938 0.832812 0.284375 0.828125 0.284375 0.825 0.28125 0.825 0.276563 0.823438 0.275 0.823438 0.271875 0.821875 0.270312 0.821875 0.265625 0.820312 0.264062 0.820312 0.259375 0.81875 0.257812 0.81875 0.25625 0.817187 0.254687 0.817187 0.251563 0.815625 0.25 0.815625 0.246875 0.814062 0.245312 0.814062 0.24375 0.8125 0.242188 0.8125 0.240625 0.810938 0.239063 0.810938 0.2375 0.809375 0.235938 0.809375 0.232812 0.807813 0.23125 0.807813 0.229687 0.804688 0.226562 0.804688 0.225 0.801562 0.221875 0.801562 0.220313 0.796875 0.215625 0.796875 0.214062 0.79375 0.210938 0.79375 0.209375 0.790625 0.20625 0.790625 0.204688 0.789062 0.203125 0.789062 0.201562 0.784375 0.196875 0.784375 0.195312 0.78125 0.192188 0.78125 0.190625 0.778125 0.1875 0.778125 0.185937 0.771875 0.179688 0.771875 0.178125 0.76875 0.175 0.76875 0.173438 0.7625 0.167187 0.7625 0.165625 0.753125 0.15625 0.753125 0.154687 0.746875 0.148438 0.746875 0.146875 0.742188 0.142188 0.742188 0.140625 0.735937 0.134375 0.735937 0.132812 0.728125 0.125 0.728125 0.123438 0.721875 0.117188 0.721875 0.115625 0.843633
0 0.682813 0.015625 0.682813 0.021875 0.68125 0.0234375 0.679688 0.0234375 0.676562 0.0265625 0.675 0.0265625 0.673437 0.028125 0.665625 0.028125 0.665625 0.0546875 0.671875 0.0546875 0.678125 0.0609375 0.679688 0.0609375 0.68125 0.0625 0.68125 0.0640625 0.6875 0.0703125 0.6875 0.071875 0.692187 0.0765625 0.692187 0.078125 0.695312 0.08125 0.695312 0.0828125 0.701563 0.0890625 0.701563 0.090625 0.704687 0.09375 0.704687 0.0953125 0.710938 0.101562 0.710938 0.103125 0.720312 0.1125 0.720312 0.114063 0.726562 0.120312 0.726562 0.121875 0.732813 0.128125 0.732813 0.129688 0.739062 0.135937 0.739062 0.1375 0.742188 0.140625 0.742188 0.142188 0.745313 0.145313 0.745313 0.146875 0.757812 0.159375 0.757812 0.160938 0.759375 0.160938 0.760938 0.1625 0.760938 0.164062 0.765625 0.16875 0.765625 0.170312 0.76875 0.173438 0.76875 0.175 0.771875 0.178125 0.771875 0.179688 0.775 0.182812 0.775 0.184375 0.78125 0.190625 0.78125 0.192188 0.782812 0.19375 0.782812 0.195312 0.789062 0.201562 0.789062 0.203125 0.792188 0.20625 0.792188 0.207813 0.796875 0.2125 0.796875 0.214062 0.798437 0.215625 0.798437 0.217187 0.801562 0.220313 0.801562 0.221875 0.804688 0.225 0.804688 0.226562 0.80625 0.228125 0.80625 0.229687 0.809375 0.232812 0.809375 0.234375 0.810938 0.235938 0.810938 0.2375 0.8125 0.239063 0.8125 0.240625 0.814062 0.242188 0.814062 0.24375 0.815625 0.245312 0.815625 0.248437 0.817187 0.25 0.817187 0.253125 0.81875 0.254687 0.81875 0.257812 0.820312 0.259375 0.820312 0.260938 0.821875 0.2625 0.821875 0.265625 0.823438 0.267188 0.823438 0.270312 0.825 0.271875 0.825 0.275 0.826563 0.276563 0.826563 0.279687 0.828125 0.28125 0.828125 0.284375 0.829687 0.285937 0.829687 0.289062 0.83125 0.290625 0.83125 0.296875 0.832812 0.298438 0.832812 0.307813 0.834375 0.309375 0.834375 0.328125 0.832812 0.329688 0.832812 0.345313 0.909375 0.345313 0.909375 0.340625 0.910937 0.339063 0.984375 0.339063 0.985937 0.340625 0.985937 0.345313 0.998438 0.345313 0.998438 0.1125 0.995313 0.1125 0.990625 0.107813 0.989062 0.107813 0.984375 0.103125 0.984375 0.101562 0.979688 0.096875 0.979688 0.0953125 0.976562 0.0921875 0.976562 0.090625 0.96875 0.0828125 0.96875 0.08125 0.9625 0.075 0.960938 0.075 0.95 0.0640625 0.95 0.0625 0.948438 0.0609375 0.946875 0.0609375 0.945312 0.059375 0.945312 0.0578125 0.94375 0.05625 0.94375 0.0546875 0.942187 0.053125 0.942187 0.0484375 0.94375 0.046875 0.94375 0.0453125 0.946875 0.0421875 0.948438 0.0421875 0.95 0.04375 0.953125 0.04375 0.954687 0.0421875 0.95625 0.0421875 0.957812 0.040625 0.965625 0.040625 0.967188 0.0421875 0.99375 0.0421875 0.995313 0.04375 0.998438 0.04375 0.998438 0.015625 0.957812 0.015625 0.957812 0.0203125 0.954687 0.0234375 0.953125 0.0234375 0.951563 0.025 0.95 0.025 0.948438 0.0265625 0.935938 0.0265625 0.934375 0.025 0.93125 0.025 0.929688 0.0234375 0.928125 0.0234375 0.926562 0.021875 0.921875 0.021875 0.920313 0.0234375 0.91875 0.0234375 0.917188 0.025 0.914062 0.025 0.9125 0.0265625 0.910937 0.0265625 0.90625 0.03125 0.904688 0.03125 0.903125 0.0328125 0.9 0.0328125 0.898438 0.034375 0.89375 0.034375 0.892187 0.0359375 0.889063 0.0359375 0.8875 0.0375 0.876562 0.0375 0.875 0.0390625 0.865625 0.0390625 0.864062 0.0375 0.854688 0.0375 0.853125 0.0359375 0.85 0.0359375 0.848437 0.034375 0.845312 0.034375 0.84375 0.0328125 0.8375 0.0328125 0.835938 0.03125 0.820312 0.03125 0.81875 0.0296875 0.807813 0.0296875 0.80625 0.028125 0.801562 0.028125 0.8 0.0265625 0.79375 0.0265625 0.792188 0.025 0.770312 0.025 0.76875 0.0234375 0.751562 0.0234375 0.75 0.021875 0.739062 0.021875 0.7375 0.0203125 0.7375 0.015625 0.692187 0.015625 0.692187 0.0203125 0.690625 0.021875 0.6875 0.021875 0.685938 0.0203125 0.685938 0.015625 0.834341
0 0.140625 0.065625 0.140625 0.151562 0.146875 0.151562 0.148438 0.153125 0.146875 0.154687 0.140625 0.154687 0.140625 0.160938 0.148438 0.160938 0.15 0.1625 0.151562 0.1625 0.154687 0.165625 0.151562 0.16875 0.146875 0.16875 0.145313 0.170312 0.140625 0.170312 0.140625 0.171875 0.153125 0.171875 0.154687 0.173438 0.15625 0.173438 0.157813 0.175 0.159375 0.175 0.160938 0.176563 0.1625 0.176563 0.167187 0.18125 0.16875 0.18125 0.170312 0.182812 0.171875 0.182812 0.176563 0.178125 0.176563 0.175 0.175 0.173438 0.175 0.164062 0.178125 0.160938 0.179688 0.1625 0.185937 0.1625 0.189063 0.159375 0.192188 0.159375 0.19375 0.157813 0.19375 0.154687 0.195312 0.153125 0.196875 0.153125 0.196875 0.151562 0.198437 0.15 0.204688 0.15 0.20625 0.151562 0.215625 0.151562 0.21875 0.154687 0.220313 0.154687 0.221875 0.15625 0.223438 0.15625 0.228125 0.160938 0.228125 0.1625 0.229687 0.164062 0.229687 0.16875 0.23125 0.170312 0.23125 0.171875 0.232812 0.173438 0.232812 0.175 0.234375 0.176563 0.235938 0.176563 0.240625 0.18125 0.240625 0.182812 0.242188 0.184375 0.242188 0.1875 0.24375 0.189063 0.24375 0.192188 0.242188 0.19375 0.242188 0.196875 0.24375 0.198437 0.24375 0.201562 0.245312 0.203125 0.245312 0.204688 0.246875 0.20625 0.246875 0.215625 0.248437 0.217187 0.248437 0.221875 0.245312 0.225 0.245312 0.228125 0.24375 0.229687 0.24375 0.232812 0.242188 0.234375 0.242188 0.235938 0.239063 0.239063 0.239063 0.240625 0.2375 0.242188 0.2375 0.24375 0.235938 0.245312 0.235938 0.251563 0.239063 0.254687 0.242188 0.254687 0.24375 0.25625 0.26875 0.25625 0.270312 0.257812 0.278125 0.257812 0.279687 0.259375 0.279687 0.260938 0.28125 0.2625 0.28125 0.264062 0.282813 0.265625 0.282813 0.267188 0.284375 0.267188 0.285937 0.26875 0.289062 0.26875 0.290625 0.270312 0.290625 0.275 0.285937 0.279687 0.285937 0.28125 0.284375 0.282813 0.284375 0.284375 0.282813 0.285937 0.282813 0.2875 0.278125 0.292188 0.271875 0.292188 0.264062 0.284375 0.2625 0.284375 0.260938 0.282813 0.259375 0.282813 0.257812 0.28125 0.246875 0.28125 0.245312 0.279687 0.242188 0.279687 0.239063 0.276563 0.2375 0.276563 0.235938 0.275 0.232812 0.275 0.229687 0.278125 0.221875 0.278125 0.220313 0.276563 0.21875 0.276563 0.217187 0.275 0.203125 0.275 0.201562 0.273438 0.2 0.273438 0.196875 0.270312 0.196875 0.26875 0.189063 0.260938 0.189063 0.259375 0.1875 0.257812 0.1875 0.25625 0.185937 0.254687 0.185937 0.253125 0.182812 0.25 0.182812 0.248437 0.18125 0.246875 0.18125 0.239063 0.179688 0.2375 0.179688 0.234375 0.178125 0.232812 0.178125 0.23125 0.176563 0.229687 0.176563 0.228125 0.175 0.226562 0.175 0.223438 0.173438 0.221875 0.173438 0.217187 0.171875 0.215625 0.171875 0.214062 0.170312 0.2125 0.170312 0.210938 0.16875 0.209375 0.16875 0.20625 0.167187 0.204688 0.167187 0.203125 0.165625 0.201562 0.165625 0.2 0.164062 0.198437 0.1625 0.198437 0.160938 0.196875 0.157813 0.196875 0.15625 0.195312 0.154687 0.195312 0.153125 0.19375 0.151562 0.19375 0.148438 0.190625 0.148438 0.189063 0.145313 0.185937 0.140625 0.185937 0.140625 0.310937 0.145313 0.310937 0.151562 0.317187 0.153125 0.317187 0.15625 0.320312 0.157813 0.320312 0.159375 0.321875 0.171875 0.321875 0.173438 0.323438 0.195312 0.323438 0.196875 0.325 0.229687 0.325 0.23125 0.323438 0.25625 0.323438 0.257812 0.321875 0.282813 0.321875 0.284375 0.320312 0.314063 0.320312 0.315625 0.321875 0.321875 0.321875 0.323438 0.323438 0.325 0.323438 0.326562 0.325 0.329688 0.325 0.33125 0.326562 0.334375 0.326562 0.335938 0.328125 0.339063 0.328125 0.340625 0.329688 0.34375 0.329688 0.345313 0.33125 0.348437 0.33125 0.35 0.332812 0.354688 0.332812 0.35625 0.334375 0.360938 0.334375 0.3625 0.335938 0.365625 0.335938 0.367188 0.3375 0.370313 0.3375 0.371875 0.339063 0.378125 0.339063 0.379687 0.340625 0.384375 0.340625 0.385938 0.342187 0.389062 0.342187 0.390625 0.34375 0.39375 0.34375 0.395312 0.345313 0.4 0.345313 0.401563 0.346875 0.409375 0.346875 0.410937 0.348437 0.414062 0.348437 0.415625 0.35 0.41875 0.35 0.420312 0.351562 0.425 0.351562 0.426562 0.353125 0.432813 0.353125 0.434375 0.354688 0.4375 0.354688 0.439063 0.35625 0.442187 0.35625 0.44375 0.357812 0.446875 0.357812 0.448438 0.359375 0.45625 0.359375 0.457812 0.360938 0.4625 0.360938 0.464063 0.3625 0.46875 0.3625 0.470313 0.364062 0.473437 0.364062 0.475 0.365625 0.479688 0.365625 0.48125 0.367188 0.482812 0.367188 0.484375 0.36875 0.4875 0.36875 0.489062 0.370313 0.489062 0.376563 0.51875 0.376563 0.51875 0.370313 0.520312 0.36875 0.520312 0.367188 0.521875 0.365625 0.526563 0.365625 0.526563 0.348437 0.521875 0.348437 0.520312 0.346875 0.520312 0.34375 0.51875 0.342187 0.51875 0.335938 0.517187 0.334375 0.517187 0.328125 0.515625 0.326562 0.515625 0.321875 0.514063 0.320312 0.514063 0.31875 0.5125 0.317187 0.5125 0.314063 0.510938 0.3125 0.510938 0.309375 0.509375 0.307813 0.509375 0.304688 0.507812 0.303125 0.507812 0.3 0.50625 0.298438 0.50625 0.296875 0.504687 0.295312 0.504687 0.292188 0.503125 0.290625 0.503125 0.2875 0.5 0.284375 0.5 0.282813 0.498437 0.28125 0.498437 0.276563 0.496875 0.275 0.496875 0.273438 0.495313 0.271875 0.495313 0.26875 0.49375 0.267188 0.49375 0.264062 0.492188 0.2625 0.492188 0.260938 0.490625 0.259375 0.490625 0.257812 0.489062 0.25625 0.489062 0.254687 0.4875 0.253125 0.4875 0.251563 0.485938 0.25 0.485938 0.246875 0.484375 0.245312 0.484375 0.24375 0.482812 0.242188 0.482812 0.240625 0.48125 0.239063 0.48125 0.2375 0.478125 0.234375 0.478125 0.232812 0.476562 0.23125 0.476562 0.229687 0.475 0.228125 0.475 0.226562 0.473437 0.225 0.473437 0.223438 0.471875 0.221875 0.471875 0.220313 0.470313 0.21875 0.470313 0.217187 0.46875 0.215625 0.46875 0.214062 0.467187 0.2125 0.467187 0.209375 0.465625 0.207813 0.465625 0.20625 0.464063 0.204688 0.464063 0.203125 0.4625 0.201562 0.4625 0.198437 0.460938 0.196875 0.460938 0.19375 0.459375 0.192188 0.459375 0.189063 0.45625 0.185937 0.45625 0.184375 0.454688 0.182812 0.454688 0.179688 0.453125 0.178125 0.453125 0.176563 0.451562 0.175 0.451562 0.173438 0.45 0.171875 0.45 0.170312 0.448438 0.16875 0.448438 0.167187 0.446875 0.165625 0.446875 0.164062 0.442187 0.159375 0.442187 0.157813 0.440625 0.15625 0.440625 0.153125 0.439063 0.151562 0.439063 0.15 0.435937 0.146875 0.435937 0.14375 0.434375 0.142188 0.434375 0.140625 0.432813 0.139062 0.432813 0.1375 0.43125 0.135937 0.43125 0.134375 0.429688 0.132812 0.429688 0.13125 0.428125 0.129688 0.428125 0.128125 0.426562 0.126563 0.426562 0.123438 0.425 0.121875 0.425 0.120312 0.423438 0.11875 0.423438 0.117188 0.421875 0.115625 0.421875 0.114063 0.420312 0.1125 0.420312 0.110937 0.41875 0.109375 0.41875 0.107813 0.415625 0.104687 0.415625 0.103125 0.414062 0.101562 0.414062 0.1 0.4125 0.0984375 0.4125 0.096875 0.410937 0.0953125 0.410937 0.09375 0.407813 0.090625 0.407813 0.0890625 0.404687 0.0859375 0.404687 0.084375 0.403125 0.0828125 0.403125 0.08125 0.4 0.078125 0.4 0.0765625 0.396875 0.0734375 0.396875 0.071875 0.395312 0.0703125 0.395312 0.065625 0.3875 0.065625 0.3875 0.071875 0.385938 0.0734375 0.385938 0.0765625 0.376563 0.0859375 0.375 0.0859375 0.373437 0.0875 0.371875 0.0875 0.370313 0.0890625 0.367188 0.0890625 0.365625 0.090625 0.360938 0.090625 0.359375 0.0921875 0.354688 0.0921875 0.353125 0.09375 0.342187 0.09375 0.340625 0.0953125 0.282813 0.0953125 0.28125 0.09375 0.264062 0.09375 0.2625 0.0921875 0.25625 0.0921875 0.254687 0.090625 0.248437 0.090625 0.246875 0.0890625 0.2375 0.0890625 0.235938 0.0875 0.23125 0.0875 0.229687 0.0859375 0.226562 0.0859375 0.225 0.084375 0.220313 0.084375 0.21875 0.0828125 0.215625 0.0828125 0.214062 0.08125 0.210938 0.08125 0.209375 0.0796875 0.207813 0.0796875 0.20625 0.078125 0.203125 0.078125 0.201562 0.0765625 0.198437 0.0765625 0.196875 0.075 0.19375 0.075 0.192188 0.0734375 0.190625 0.0734375 0.189063 0.071875 0.189063 0.065625 0.819055
0 0.298438 0.546875 0.298438 0.551562 0.292188 0.557813 0.292188 0.559375 0.289062 0.5625 0.284375 0.5625 0.284375 0.589063 0.345313 0.589063 0.345313 0.584375 0.346875 0.582812 0.359375 0.582812 0.360938 0.58125 0.371875 0.58125 0.373437 0.579687 0.378125 0.579687 0.379687 0.578125 0.38125 0.578125 0.382812 0.576563 0.385938 0.576563 0.3875 0.575 0.398438 0.575 0.4 0.573438 0.40625 0.573438 0.407813 0.571875 0.414062 0.571875 0.414062 0.564062 0.407813 0.564062 0.40625 0.5625 0.404687 0.5625 0.403125 0.560938 0.4 0.560938 0.398438 0.559375 0.395312 0.559375 0.39375 0.557813 0.389062 0.557813 0.3875 0.55625 0.382812 0.55625 0.38125 0.554688 0.376563 0.554688 0.373437 0.551562 0.373437 0.546875 0.653738
0 0.671875 0 0.671875 0.0265625 0.679688 0.0265625 0.68125 0.025 0.682813 0.025 0.684375 0.0234375 0.692187 0.0234375 0.69375 0.021875 0.73125 0.021875 0.732813 0.0234375 0.782812 0.0234375 0.784375 0.025 0.795313 0.025 0.796875 0.0265625 0.803125 0.0265625 0.804688 0.028125 0.81875 0.028125 0.820312 0.0296875 0.834375 0.0296875 0.835938 0.03125 0.842188 0.03125 0.84375 0.0328125 0.848437 0.0328125 0.85 0.034375 0.8625 0.034375 0.864062 0.0359375 0.879687 0.0359375 0.88125 0.034375 0.890625 0.034375 0.892187 0.0328125 0.896875 0.0328125 0.898438 0.03125 0.901563 0.03125 0.903125 0.0296875 0.904688 0.0296875 0.907812 0.0265625 0.909375 0.0265625 0.9125 0.0234375 0.914062 0.0234375 0.915625 0.021875 0.917188 0.021875 0.920313 0.01875 0.926562 0.01875 0.928125 0.0171875 0.929688 0.0171875 0.93125 0.01875 0.942187 0.01875 0.94375 0.0203125 0.946875 0.0203125 0.948438 0.01875 0.954687 0.01875 0.95625 0.0171875 0.960938 0.0171875 0.9625 0.015625 0.998438 0.015625 0.998438 0 0.633949
0 0.021875 0 0.021875 0.0140625 0.028125 0.0140625 0.0296875 0.015625 0.0328125 0.015625 0.034375 0.0171875 0.0375 0.0171875 0.0390625 0.01875 0.040625 0.01875 0.04375 0.021875 0.0453125 0.021875 0.046875 0.0234375 0.05 0.0234375 0.0515625 0.025 0.053125 0.025 0.0546875 0.0265625 0.05625 0.0265625 0.0578125 0.028125 0.0609375 0.028125 0.0625 0.0296875 0.0640625 0.0296875 0.065625 0.03125 0.06875 0.03125 0.0703125 0.0328125 0.0734375 0.0328125 0.075 0.034375 0.0796875 0.034375 0.08125 0.0359375 0.0859375 0.0359375 0.0875 0.0375 0.090625 0.0375 0.0921875 0.0390625 0.1 0.0390625 0.101562 0.040625 0.10625 0.040625 0.107813 0.0421875 0.110937 0.0421875 0.1125 0.04375 0.114063 0.04375 0.115625 0.0453125 0.11875 0.0453125 0.120312 0.046875 0.125 0.046875 0.126563 0.0484375 0.132812 0.0484375 0.134375 0.05 0.139062 0.05 0.140625 0.0515625 0.14375 0.0515625 0.145313 0.053125 0.148438 0.053125 0.15 0.0546875 0.153125 0.0546875 0.154687 0.05625 0.157813 0.05625 0.159375 0.0578125 0.160938 0.0578125 0.1625 0.059375 0.164062 0.059375 0.165625 0.0609375 0.16875 0.0609375 0.170312 0.0625 0.173438 0.0625 0.175 0.0640625 0.178125 0.0640625 0.179688 0.065625 0.182812 0.065625 0.184375 0.0671875 0.185937 0.0671875 0.1875 0.06875 0.189063 0.06875 0.190625 0.0703125 0.192188 0.0703125 0.19375 0.071875 0.196875 0.071875 0.198437 0.0734375 0.2 0.0734375 0.201562 0.075 0.204688 0.075 0.20625 0.0765625 0.209375 0.0765625 0.210938 0.078125 0.214062 0.078125 0.215625 0.0796875 0.21875 0.0796875 0.220313 0.08125 0.221875 0.08125 0.223438 0.0828125 0.228125 0.0828125 0.229687 0.084375 0.235938 0.084375 0.2375 0.0859375 0.242188 0.0859375 0.24375 0.0875 0.251563 0.0875 0.253125 0.0890625 0.25625 0.0890625 0.257812 0.090625 0.257812 0.0953125 0.359375 0.0953125 0.359375 0.090625 0.360938 0.0890625 0.364062 0.0890625 0.365625 0.0875 0.370313 0.0875 0.371875 0.0859375 0.373437 0.0859375 0.376563 0.0828125 0.382812 0.0828125 0.382812 0.053125 0.376563 0.053125 0.373437 0.05 0.371875 0.05 0.36875 0.046875 0.367188 0.046875 0.364062 0.04375 0.3625 0.04375 0.360938 0.0421875 0.357812 0.0421875 0.35625 0.040625 0.354688 0.040625 0.353125 0.0390625 0.35 0.0390625 0.348437 0.0375 0.346875 0.0375 0.342187 0.0328125 0.340625 0.0328125 0.339063 0.03125 0.3375 0.03125 0.335938 0.0296875 0.334375 0.0296875 0.332812 0.028125 0.33125 0.028125 0.329688 0.0265625 0.328125 0.0265625 0.326562 0.025 0.323438 0.025 0.321875 0.0234375 0.31875 0.0234375 0.317187 0.021875 0.315625 0.021875 0.314063 0.0203125 0.310937 0.0203125 0.309375 0.01875 0.303125 0.01875 0.301562 0.0171875 0.295312 0.0171875 0.29375 0.015625 0.292188 0.015625 0.290625 0.0140625 0.289062 0.0140625 0.2875 0.0125 0.285937 0.0125 0.284375 0.0109375 0.28125 0.0109375 0.275 0.0046875 0.2625 0.0046875 0.260938 0.003125 0.254687 0.003125 0.253125 0.0046875 0.251563 0.0046875 0.25 0.003125 0.248437 0.003125 0.246875 0.0015625 0.246875 0 0.228125 0 0.228125 0.0015625 0.225 0.0046875 0.221875 0.0046875 0.220313 0.00625 0.215625 0.00625 0.214062 0.0046875 0.2125 0.0046875 0.209375 0.0015625 0.209375 0 0.487269
0 0.934375 0.009375 0.934375 0.0140625 0.93125 0.0171875 0.921875 0.0171875 0.921875 0.05625 0.926562 0.05625 0.93125 0.0609375 0.93125 0.0640625 0.932813 0.065625 0.932813 0.06875 0.934375 0.0703125 0.934375 0.071875 0.935938 0.071875 0.940625 0.0765625 0.94375 0.0734375 0.945312 0.0734375 0.946875 0.071875 0.948438 0.071875 0.95 0.0703125 0.953125 0.0703125 0.95625 0.0734375 0.957812 0.0734375 0.9625 0.078125 0.964063 0.078125 0.979688 0.09375 0.979688 0.0953125 0.985937 0.101562 0.985937 0.103125 0.990625 0.107813 0.990625 0.114063 0.998438 0.114063 0.998438 0.009375 0.960938 0.009375 0.960938 0.0140625 0.95625 0.01875 0.954687 0.01875 0.951563 0.021875 0.948438 0.021875 0.946875 0.0234375 0.945312 0.0234375 0.94375 0.021875 0.942187 0.021875 0.934375 0.0140625 0.461813
0 0.0046875 0.289062 0.003125 0.289062 0.0015625 0.2875 0 0.2875 0 0.304688 0.0015625 0.304688 0.0015625 0.303125 0.003125 0.301562 0.003125 0.298438 0.0046875 0.296875 0.0046875 0.289062 0.0453125 0.278125 0.046875 0.279687 0.0515625 0.279687 0.053125 0.28125 0.0578125 0.28125 0.0609375 0.284375 0.0625 0.284375 0.065625 0.2875 0.06875 0.2875 0.0703125 0.289062 0.078125 0.289062 0.0796875 0.290625 0.0890625 0.290625 0.090625 0.292188 0.0953125 0.292188 0.096875 0.29375 0.1 0.29375 0.101562 0.295312 0.104687 0.295312 0.10625 0.296875 0.109375 0.296875 0.110937 0.298438 0.1125 0.298438 0.114063 0.3 0.117188 0.3 0.120312 0.303125 0.121875 0.303125 0.123438 0.304688 0.125 0.304688 0.126563 0.30625 0.128125 0.30625 0.129688 0.307813 0.132812 0.307813 0.134375 0.309375 0.135937 0.309375 0.1375 0.310937 0.142188 0.310937 0.14375 0.3125 0.146875 0.3125 0.151562 0.317187 0.15625 0.317187 0.159375 0.320312 0.159375 0.326562 0.282813 0.326562 0.282813 0.314063 0.271875 0.314063 0.270312 0.3125 0.26875 0.3125 0.264062 0.307813 0.259375 0.307813 0.257812 0.30625 0.25625 0.30625 0.251563 0.301562 0.246875 0.301562 0.242188 0.296875 0.240625 0.296875 0.239063 0.295312 0.235938 0.295312 0.234375 0.29375 0.232812 0.29375 0.23125 0.292188 0.229687 0.292188 0.226562 0.289062 0.225 0.289062 0.223438 0.2875 0.220313 0.2875 0.214062 0.28125 0.2125 0.28125 0.210938 0.279687 0.209375 0.279687 0.20625 0.276563 0.204688 0.276563 0.203125 0.275 0.201562 0.275 0.2 0.273438 0.198437 0.273438 0.19375 0.26875 0.19375 0.267188 0.192188 0.265625 0.192188 0.264062 0.1875 0.259375 0.1875 0.257812 0.185937 0.25625 0.185937 0.254687 0.184375 0.253125 0.184375 0.251563 0.182812 0.25 0.182812 0.248437 0.18125 0.246875 0.18125 0.239063 0.179688 0.2375 0.179688 0.229687 0.178125 0.228125 0.178125 0.226562 0.176563 0.225 0.176563 0.217187 0.178125 0.215625 0.178125 0.2125 0.179688 0.210938 0.179688 0.207813 0.18125 0.20625 0.18125 0.204688 0.182812 0.203125 0.182812 0.201562 0.18125 0.2 0.18125 0.164062 0.182812 0.1625 0.184375 0.1625 0.1875 0.165625 0.190625 0.165625 0.19375 0.1625 0.195312 0.1625 0.195312 0.160938 0.196875 0.159375 0.196875 0.15 0.195312 0.148438 0.195312 0.145313 0.19375 0.14375 0.19375 0.1375 0.192188 0.135937 0.192188 0.13125 0.190625 0.129688 0.190625 0.121875 0.189063 0.120312 0.189063 0.11875 0.1875 0.117188 0.1875 0.115625 0.185937 0.114063 0.185937 0.107813 0.182812 0.104687 0.18125 0.104687 0.178125 0.101562 0.178125 0.0984375 0.178125 0.103125 0.176563 0.104687 0.176563 0.125 0.178125 0.126563 0.178125 0.139062 0.179688 0.1375 0.182812 0.1375 0.184375 0.139062 0.184375 0.145313 0.182812 0.146875 0.179688 0.146875 0.178125 0.148438 0.171875 0.148438 0.170312 0.146875 0.170312 0.145313 0.16875 0.14375 0.16875 0.139062 0.167187 0.1375 0.167187 0.13125 0.164062 0.128125 0.164062 0.123438 0.1625 0.121875 0.1625 0.117188 0.160938 0.115625 0.160938 0.1125 0.159375 0.110937 0.159375 0.109375 0.157813 0.107813 0.157813 0.10625 0.15625 0.104687 0.15625 0.0984375 0.154687 0.096875 0.154687 0.0890625 0.157813 0.0859375 0.170312 0.0859375 0.171875 0.0875 0.175 0.0875 0.176563 0.0890625 0.178125 0.0890625 0.182812 0.084375 0.185937 0.084375 0.1875 0.0859375 0.198437 0.0859375 0.2 0.0875 0.201562 0.0875 0.20625 0.0921875 0.20625 0.09375 0.210938 0.0984375 0.221875 0.0984375 0.223438 0.1 0.226562 0.1 0.229687 0.103125 0.229687 0.10625 0.228125 0.107813 0.228125 0.120312 0.226562 0.121875 0.226562 0.128125 0.228125 0.129688 0.229687 0.129688 0.234375 0.134375 0.234375 0.1375 0.235938 0.139062 0.235938 0.142188 0.2375 0.14375 0.2375 0.145313 0.239063 0.146875 0.239063 0.153125 0.240625 0.154687 0.242188 0.154687 0.24375 0.15625 0.245312 0.15625 0.248437 0.159375 0.248437 0.160938 0.25 0.1625 0.25 0.164062 0.251563 0.164062 0.253125 0.165625 0.259375 0.165625 0.260938 0.167187 0.2625 0.167187 0.267188 0.171875 0.264062 0.175 0.264062 0.178125 0.275 0.178125 0.276563 0.179688 0.282813 0.179688 0.282813 0.139062 0.278125 0.139062 0.275 0.135937 0.273438 0.135937 0.271875 0.134375 0.270312 0.134375 0.26875 0.132812 0.26875 0.129688 0.2625 0.123438 0.259375 0.123438 0.257812 0.121875 0.257812 0.11875 0.260938 0.115625 0.265625 0.115625 0.267188 0.114063 0.271875 0.114063 0.273438 0.115625 0.276563 0.115625 0.278125 0.117188 0.282813 0.117188 0.282813 0.096875 0.265625 0.096875 0.264062 0.0953125 0.2625 0.096875 0.254687 0.096875 0.253125 0.0953125 0.25 0.0953125 0.246875 0.0921875 0.246875 0.090625 0.24375 0.090625 0.242188 0.0890625 0.234375 0.0890625 0.232812 0.0875 0.226562 0.0875 0.225 0.0859375 0.220313 0.0859375 0.21875 0.084375 0.217187 0.084375 0.215625 0.0828125 0.210938 0.0828125 0.209375 0.08125 0.20625 0.08125 0.203125 0.078125 0.201562 0.078125 0.2 0.0765625 0.196875 0.0765625 0.195312 0.075 0.192188 0.075 0.190625 0.0734375 0.189063 0.0734375 0.1875 0.071875 0.185937 0.071875 0.184375 0.0703125 0.179688 0.0703125 0.178125 0.06875 0.176563 0.06875 0.175 0.0671875 0.173438 0.0671875 0.171875 0.065625 0.16875 0.065625 0.167187 0.0640625 0.1625 0.0640625 0.160938 0.0625 0.159375 0.0625 0.157813 0.0609375 0.15625 0.0609375 0.154687 0.059375 0.153125 0.059375 0.151562 0.0578125 0.148438 0.0578125 0.146875 0.05625 0.14375 0.05625 0.140625 0.053125 0.135937 0.053125 0.134375 0.0515625 0.126563 0.0515625 0.125 0.05 0.120312 0.05 0.11875 0.0484375 0.114063 0.0484375 0.1125 0.046875 0.109375 0.046875 0.107813 0.0453125 0.104687 0.0453125 0.103125 0.04375 0.0984375 0.04375 0.096875 0.0421875 0.090625 0.0421875 0.0890625 0.040625 0.0859375 0.040625 0.084375 0.0390625 0.0796875 0.0390625 0.078125 0.0375 0.0734375 0.0375 0.071875 0.0359375 0.0703125 0.0359375 0.06875 0.034375 0.065625 0.034375 0.0640625 0.0328125 0.0625 0.0328125 0.0609375 0.03125 0.059375 0.03125 0.0578125 0.0296875 0.0546875 0.0296875 0.0515625 0.0265625 0.05 0.0265625 0.0484375 0.025 0.046875 0.025 0.0421875 0.0203125 0.040625 0.0203125 0.0375 0.0171875 0.0359375 0.0171875 0.03125 0.0125 0.03125 0.0109375 0.0296875 0.009375 0.0296875 0.003125 0.0046875 0.003125 0.0046875 0.0109375 0.003125 0.0125 0.003125 0.0140625 0.0015625 0.015625 0 0.015625 0 0.028125 0.0015625 0.028125 0.00625 0.0328125 0.00625 0.034375 0.009375 0.0375 0.0109375 0.0375 0.0125 0.0359375 0.0140625 0.0359375 0.0171875 0.0390625 0.0171875 0.040625 0.01875 0.0421875 0.01875 0.04375 0.0203125 0.0453125 0.0203125 0.0484375 0.021875 0.05 0.021875 0.0546875 0.0203125 0.05625 0.0203125 0.0640625 0.01875 0.065625 0.01875 0.0671875 0.015625 0.0703125 0.015625 0.071875 0.0171875 0.0734375 0.0171875 0.0859375 0.01875 0.0875 0.01875 0.0984375 0.0203125 0.1 0.0203125 0.104687 0.021875 0.10625 0.021875 0.110937 0.028125 0.117188 0.028125 0.11875 0.0296875 0.120312 0.0296875 0.121875 0.0328125 0.125 0.0328125 0.126563 0.0359375 0.129688 0.0359375 0.13125 0.0375 0.132812 0.0375 0.134375 0.0390625 0.135937 0.0390625 0.1375 0.0421875 0.140625 0.0421875 0.142188 0.04375 0.14375 0.04375 0.145313 0.0453125 0.146875 0.0453125 0.15 0.046875 0.151562 0.046875 0.153125 0.0484375 0.154687 0.0484375 0.15625 0.05 0.157813 0.05 0.159375 0.0515625 0.160938 0.0515625 0.164062 0.0546875 0.167187 0.0546875 0.16875 0.05625 0.170312 0.05625 0.173438 0.0578125 0.175 0.0578125 0.178125 0.0609375 0.18125 0.0609375 0.182812 0.0625 0.184375 0.0625 0.189063 0.0640625 0.190625 0.0640625 0.192188 0.065625 0.19375 0.065625 0.195312 0.0671875 0.196875 0.0671875 0.198437 0.06875 0.2 0.06875 0.201562 0.0703125 0.203125 0.0703125 0.207813 0.071875 0.209375 0.071875 0.2125 0.0734375 0.214062 0.0734375 0.220313 0.075 0.221875 0.075 0.229687 0.0765625 0.23125 0.0765625 0.235938 0.078125 0.2375 0.078125 0.253125 0.0765625 0.254687 0.0765625 0.25625 0.075 0.257812 0.075 0.259375 0.0734375 0.260938 0.0734375 0.2625 0.0640625 0.271875 0.05625 0.271875 0.0546875 0.273438 0.0515625 0.273438 0.05 0.275 0.046875 0.275 0.0453125 0.276563 0.0453125 0.278125 0.447106
0 0.090625 0 0.090625 0.0390625 0.096875 0.0390625 0.0984375 0.040625 0.103125 0.040625 0.104687 0.0421875 0.107813 0.0421875 0.109375 0.04375 0.110937 0.04375 0.1125 0.0453125 0.115625 0.0453125 0.117188 0.046875 0.121875 0.046875 0.123438 0.0484375 0.129688 0.0484375 0.13125 0.05 0.1375 0.05 0.139062 0.0515625 0.142188 0.0515625 0.14375 0.053125 0.145313 0.053125 0.146875 0.0546875 0.15 0.0546875 0.151562 0.05625 0.154687 0.05625 0.15625 0.0578125 0.159375 0.0578125 0.160938 0.059375 0.1625 0.059375 0.164062 0.0609375 0.167187 0.0609375 0.16875 0.0625 0.170312 0.0625 0.171875 0.0640625 0.176563 0.0640625 0.178125 0.065625 0.18125 0.065625 0.182812 0.0671875 0.184375 0.0671875 0.185937 0.06875 0.1875 0.06875 0.189063 0.0703125 0.190625 0.0703125 0.192188 0.071875 0.195312 0.071875 0.196875 0.0734375 0.198437 0.0734375 0.2 0.075 0.203125 0.075 0.204688 0.0765625 0.209375 0.0765625 0.210938 0.078125 0.214062 0.078125 0.215625 0.0796875 0.217187 0.0796875 0.21875 0.08125 0.220313 0.08125 0.221875 0.0828125 0.223438 0.0828125 0.225 0.084375 0.225 0.0890625 0.376563 0.0890625 0.376563 0.084375 0.382812 0.078125 0.382812 0.0765625 0.384375 0.075 0.384375 0.0734375 0.385938 0.071875 0.385938 0.0640625 0.389062 0.0609375 0.390625 0.0609375 0.392188 0.059375 0.398438 0.059375 0.4 0.0578125 0.403125 0.0578125 0.40625 0.0546875 0.407813 0.0546875 0.409375 0.053125 0.410937 0.053125 0.421875 0.0421875 0.425 0.0421875 0.428125 0.0390625 0.429688 0.0390625 0.429688 0.0375 0.43125 0.0359375 0.432813 0.0359375 0.435937 0.0328125 0.4375 0.0328125 0.439063 0.03125 0.442187 0.03125 0.44375 0.0296875 0.448438 0.0296875 0.45 0.028125 0.529688 0.028125 0.53125 0.0265625 0.534375 0.0265625 0.535937 0.025 0.5375 0.025 0.539062 0.0234375 0.564062 0.0234375 0.565625 0.025 0.567187 0.025 0.56875 0.0234375 0.570312 0.0234375 0.571875 0.025 0.578125 0.025 0.579687 0.0265625 0.5875 0.0265625 0.589063 0.028125 0.610937 0.028125 0.6125 0.0296875 0.623438 0.0296875 0.625 0.03125 0.626562 0.03125 0.628125 0.0328125 0.63125 0.0328125 0.632812 0.034375 0.640625 0.034375 0.642187 0.0359375 0.646875 0.0359375 0.648438 0.034375 0.653125 0.034375 0.654688 0.0328125 0.65625 0.0328125 0.660937 0.028125 0.664062 0.028125 0.665625 0.0265625 0.665625 0.0203125 0.6625 0.0203125 0.660937 0.021875 0.653125 0.021875 0.651563 0.0203125 0.646875 0.0203125 0.639063 0.0125 0.63125 0.0125 0.629687 0.0109375 0.626562 0.0109375 0.625 0.0125 0.623438 0.0125 0.621875 0.0140625 0.617188 0.009375 0.617188 0.0078125 0.61875 0.00625 0.620313 0.00625 0.621875 0.0046875 0.626562 0.0046875 0.629687 0.0015625 0.629687 0 0.396875 0 0.396875 0.0015625 0.390625 0.0078125 0.385938 0.0078125 0.384375 0.009375 0.382812 0.009375 0.38125 0.0109375 0.379687 0.0109375 0.378125 0.0125 0.376563 0.0125 0.375 0.0140625 0.370313 0.0140625 0.36875 0.0125 0.367188 0.0125 0.365625 0.0109375 0.360938 0.0109375 0.359375 0.0125 0.351562 0.0125 0.35 0.0109375 0.346875 0.0109375 0.342187 0.00625 0.340625 0.00625 0.339063 0.0046875 0.335938 0.0046875 0.332812 0.0015625 0.332812 0 0.331293
0 0.671875 0 0.671875 0.0265625 0.678125 0.0265625 0.679688 0.025 0.68125 0.025 0.682813 0.0234375 0.692187 0.0234375 0.69375 0.021875 0.734375 0.021875 0.735937 0.0234375 0.784375 0.0234375 0.785937 0.025 0.795313 0.025 0.796875 0.0265625 0.804688 0.0265625 0.80625 0.028125 0.821875 0.028125 0.823438 0.0296875 0.835938 0.0296875 0.8375 0.03125 0.842188 0.03125 0.84375 0.0328125 0.845312 0.0328125 0.846875 0.034375 0.846875 0.0390625 0.89375 0.0390625 0.89375 0.034375 0.896875 0.03125 0.901563 0.03125 0.903125 0.0296875 0.904688 0.0296875 0.90625 0.028125 0.907812 0.028125 0.910937 0.025 0.9125 0.025 0.915625 0.021875 0.917188 0.021875 0.91875 0.0203125 0.920313 0.0203125 0.921875 0.01875 0.93125 0.01875 0.932813 0.0203125 0.939062 0.0203125 0.939062 0 0.264126
