0 0.5625 0.541667 0.560937 0.539583 0.560937 0.535417 0.559375 0.533333 0.553125 0.533333 0.553125 0.58125 0.557813 0.58125 0.559375 0.579167 0.559375 0.572917 0.560937 0.570833 0.560937 0.564583 0.5625 0.5625 0.5625 0.541667 0.565625 0.541667 0.565625 0.547917 0.567187 0.55 0.567187 0.554167 0.56875 0.55625 0.571875 0.55625 0.58125 0.56875 0.58125 0.570833 0.5875 0.579167 0.5875 0.585417 0.589063 0.5875 0.590625 0.5875 0.592187 0.589583 0.59375 0.589583 0.595313 0.591667 0.610938 0.591667 0.6125 0.59375 0.63125 0.59375 0.632812 0.591667 0.676562 0.591667 0.678125 0.589583 0.679688 0.589583 0.68125 0.5875 0.682812 0.5875 0.684375 0.585417 0.685937 0.585417 0.685937 0.583333 0.6875 0.58125 0.6875 0.579167 0.684375 0.575 0.684375 0.570833 0.682812 0.56875 0.682812 0.566667 0.68125 0.564583 0.68125 0.5625 0.679688 0.560417 0.679688 0.554167 0.678125 0.552083 0.679688 0.55 0.679688 0.539583 0.678125 0.5375 0.678125 0.533333 0.676562 0.53125 0.676562 0.529167 0.671875 0.522917 0.671875 0.51875 0.66875 0.514583 0.66875 0.5125 0.660937 0.502083 0.659375 0.502083 0.65625 0.497917 0.654687 0.497917 0.651562 0.49375 0.65 0.49375 0.64375 0.485417 0.64375 0.479167 0.559375 0.479167 0.559375 0.489583 0.557813 0.491667 0.553125 0.491667 0.553125 0.5 0.559375 0.5 0.5625 0.504167 0.564063 0.504167 0.565625 0.50625 0.565625 0.510417 0.567187 0.5125 0.567187 0.539583 0.565625 0.541667 0.934345
0 0.678125 0.535417 0.678125 0.53125 0.679688 0.529167 0.678125 0.527083 0.671875 0.527083 0.671875 0.535417 0.678125 0.535417 0.685937 0.535417 0.6875 0.5375 0.692187 0.5375 0.69375 0.539583 0.70625 0.539583 0.707812 0.541667 0.717188 0.541667 0.71875 0.54375 0.721875 0.54375 0.723437 0.545833 0.723437 0.552083 0.757812 0.552083 0.757812 0.545833 0.759375 0.54375 0.759375 0.539583 0.760938 0.5375 0.760938 0.535417 0.759375 0.533333 0.759375 0.529167 0.757812 0.527083 0.757812 0.525 0.75625 0.522917 0.75625 0.520833 0.754687 0.51875 0.753125 0.51875 0.75 0.514583 0.75 0.5125 0.739062 0.497917 0.7375 0.497917 0.735937 0.495833 0.735937 0.4875 0.685937 0.4875 0.685937 0.535417 0.928237
0 0.490625 0.504167 0.490625 0.5125 0.489062 0.514583 0.489062 0.516667 0.485938 0.520833 0.485938 0.522917 0.484375 0.525 0.484375 0.527083 0.482812 0.529167 0.482812 0.535417 0.48125 0.5375 0.48125 0.54375 0.479688 0.545833 0.479688 0.55625 0.478125 0.558333 0.478125 0.564583 0.476562 0.566667 0.471875 0.566667 0.471875 0.59375 0.478125 0.59375 0.479688 0.595833 0.482812 0.595833 0.484375 0.597917 0.485938 0.597917 0.4875 0.6 0.520312 0.6 0.521875 0.602083 0.526563 0.602083 0.528125 0.604167 0.528125 0.610417 0.529687 0.610417 0.529687 0.604167 0.53125 0.602083 0.535937 0.602083 0.5375 0.6 0.540625 0.6 0.54375 0.595833 0.545312 0.595833 0.546875 0.59375 0.55 0.59375 0.557813 0.583333 0.557813 0.58125 0.560937 0.577083 0.560937 0.575 0.5625 0.572917 0.5625 0.566667 0.560937 0.564583 0.560937 0.552083 0.559375 0.55 0.559375 0.545833 0.557813 0.54375 0.557813 0.541667 0.55625 0.539583 0.55625 0.535417 0.554688 0.533333 0.554688 0.529167 0.551562 0.525 0.55 0.525 0.545312 0.51875 0.545312 0.516667 0.54375 0.514583 0.54375 0.504167 0.919651
0 0.76875 0.4875 0.76875 0.504167 0.767187 0.50625 0.767187 0.510417 0.765625 0.5125 0.765625 0.514583 0.759375 0.522917 0.757812 0.522917 0.75625 0.520833 0.754687 0.520833 0.753125 0.51875 0.746875 0.51875 0.746875 0.539583 0.751562 0.539583 0.753125 0.5375 0.75625 0.5375 0.757812 0.535417 0.757812 0.533333 0.759375 0.53125 0.760938 0.533333 0.7625 0.533333 0.773438 0.547917 0.775 0.547917 0.776563 0.55 0.778125 0.55 0.779688 0.552083 0.782812 0.552083 0.784375 0.554167 0.785937 0.554167 0.7875 0.55625 0.789062 0.55625 0.790625 0.558333 0.792188 0.558333 0.8 0.56875 0.801562 0.56875 0.803125 0.570833 0.804688 0.570833 0.80625 0.572917 0.832812 0.572917 0.834375 0.570833 0.85 0.570833 0.851562 0.56875 0.859375 0.56875 0.860937 0.566667 0.864062 0.566667 0.865625 0.564583 0.870313 0.564583 0.870313 0.535417 0.865625 0.535417 0.860937 0.529167 0.860937 0.527083 0.85625 0.520833 0.854688 0.520833 0.851562 0.516667 0.85 0.516667 0.846875 0.5125 0.845312 0.5125 0.84375 0.510417 0.840625 0.510417 0.839063 0.508333 0.835938 0.508333 0.832812 0.504167 0.83125 0.504167 0.829687 0.502083 0.826563 0.502083 0.825 0.5 0.81875 0.5 0.817187 0.497917 0.814062 0.497917 0.810938 0.49375 0.810938 0.4875 0.909524
0 0.684375 0.5375 0.684375 0.575 0.689063 0.575 0.690625 0.577083 0.692187 0.577083 0.69375 0.579167 0.698437 0.579167 0.7 0.58125 0.704688 0.58125 0.70625 0.583333 0.709375 0.583333 0.710938 0.585417 0.7125 0.585417 0.714062 0.5875 0.715625 0.5875 0.720312 0.59375 0.723437 0.59375 0.725 0.595833 0.726562 0.595833 0.728125 0.597917 0.729688 0.597917 0.73125 0.6 0.732813 0.6 0.734375 0.602083 0.739062 0.602083 0.740625 0.6 0.742188 0.6 0.74375 0.597917 0.746875 0.597917 0.748438 0.595833 0.75 0.595833 0.753125 0.591667 0.753125 0.589583 0.7625 0.577083 0.764063 0.577083 0.770312 0.56875 0.770312 0.564583 0.76875 0.5625 0.76875 0.554167 0.765625 0.55 0.765625 0.547917 0.7625 0.54375 0.7625 0.5375 0.742188 0.5375 0.742188 0.54375 0.740625 0.545833 0.739062 0.545833 0.7375 0.54375 0.7375 0.5375 0.899891
0 0.828125 0.620833 0.828125 0.6375 0.835938 0.6375 0.8375 0.639583 0.840625 0.639583 0.846875 0.647917 0.85 0.647917 0.851562 0.65 0.853125 0.65 0.854688 0.652083 0.85625 0.652083 0.859375 0.65625 0.860937 0.65625 0.864062 0.660417 0.865625 0.660417 0.867188 0.6625 0.86875 0.6625 0.871875 0.666667 0.873438 0.666667 0.876562 0.670833 0.885938 0.670833 0.8875 0.66875 0.8875 0.666667 0.889063 0.664583 0.889063 0.660417 0.8875 0.658333 0.8875 0.654167 0.885938 0.652083 0.885938 0.645833 0.884375 0.64375 0.884375 0.639583 0.882812 0.6375 0.882812 0.635417 0.879687 0.63125 0.879687 0.629167 0.878125 0.627083 0.878125 0.620833 0.899685
0 0.490625 0.59375 0.495313 0.59375 0.490625 0.59375 0.470313 0.583333 0.470313 0.579167 0.471875 0.577083 0.471875 0.570833 0.473437 0.56875 0.473437 0.564583 0.475 0.5625 0.475 0.560417 0.476562 0.558333 0.476562 0.554167 0.478125 0.552083 0.478125 0.5375 0.479688 0.535417 0.479688 0.527083 0.48125 0.525 0.48125 0.522917 0.482812 0.520833 0.482812 0.51875 0.484375 0.516667 0.484375 0.514583 0.485938 0.5125 0.485938 0.510417 0.482812 0.50625 0.48125 0.50625 0.478125 0.502083 0.478125 0.495833 0.4125 0.495833 0.4125 0.504167 0.410937 0.50625 0.40625 0.50625 0.404687 0.508333 0.4 0.508333 0.398438 0.510417 0.396875 0.510417 0.39375 0.514583 0.39375 0.516667 0.392188 0.51875 0.390625 0.51875 0.390625 0.520833 0.389062 0.522917 0.389062 0.525 0.3875 0.527083 0.3875 0.529167 0.389062 0.53125 0.389062 0.533333 0.390625 0.535417 0.390625 0.5375 0.3875 0.541667 0.378125 0.541667 0.378125 0.575 0.384375 0.575 0.385938 0.577083 0.389062 0.577083 0.392188 0.58125 0.39375 0.58125 0.396875 0.585417 0.398438 0.585417 0.4 0.5875 0.401563 0.5875 0.40625 0.59375 0.407813 0.59375 0.409375 0.595833 0.4125 0.595833 0.414062 0.597917 0.415625 0.597917 0.417188 0.6 0.41875 0.6 0.420312 0.602083 0.423438 0.602083 0.425 0.604167 0.429688 0.604167 0.43125 0.60625 0.434375 0.60625 0.435937 0.608333 0.440625 0.608333 0.442187 0.610417 0.445312 0.610417 0.446875 0.6125 0.446875 0.61875 0.446875 0.6125 0.448438 0.610417 0.453125 0.610417 0.454688 0.608333 0.45625 0.608333 0.459375 0.604167 0.459375 0.602083 0.46875 0.589583 0.46875 0.585417 0.470313 0.583333 0.881
0 0.767187 0.570833 0.767187 0.577083 0.760938 0.585417 0.759375 0.585417 0.759375 0.5875 0.753125 0.595833 0.751562 0.595833 0.751562 0.597917 0.748438 0.602083 0.740625 0.602083 0.740625 0.614583 0.746875 0.614583 0.748438 0.616667 0.748438 0.61875 0.75 0.61875 0.753125 0.622917 0.754687 0.622917 0.759375 0.629167 0.760938 0.629167 0.7625 0.63125 0.764063 0.63125 0.765625 0.633333 0.767187 0.633333 0.770312 0.6375 0.773438 0.6375 0.775 0.639583 0.778125 0.639583 0.779688 0.641667 0.78125 0.641667 0.782812 0.64375 0.784375 0.64375 0.785937 0.645833 0.785937 0.652083 0.815625 0.652083 0.815625 0.645833 0.820312 0.639583 0.826563 0.639583 0.826563 0.63125 0.821875 0.63125 0.820312 0.629167 0.81875 0.629167 0.817187 0.627083 0.814062 0.627083 0.8125 0.625 0.810938 0.625 0.807813 0.620833 0.80625 0.620833 0.803125 0.616667 0.801562 0.616667 0.796875 0.610417 0.795313 0.610417 0.790625 0.604167 0.790625 0.602083 0.7875 0.597917 0.7875 0.595833 0.785937 0.59375 0.785937 0.591667 0.784375 0.589583 0.784375 0.5875 0.776563 0.577083 0.776563 0.570833 0.878081
0 0.178125 0.479167 0.178125 0.485417 0.176562 0.4875 0.175 0.4875 0.173437 0.489583 0.167187 0.489583 0.165625 0.491667 0.15625 0.491667 0.154688 0.49375 0.145313 0.49375 0.14375 0.495833 0.140625 0.495833 0.139063 0.497917 0.128125 0.497917 0.128125 0.529167 0.134375 0.529167 0.153125 0.554167 0.154688 0.554167 0.170313 0.575 0.170313 0.577083 0.176562 0.585417 0.178125 0.585417 0.179688 0.5875 0.18125 0.5875 0.182812 0.589583 0.184375 0.589583 0.185937 0.591667 0.1875 0.591667 0.190625 0.595833 0.207813 0.595833 0.209375 0.597917 0.2125 0.597917 0.214062 0.6 0.215625 0.6 0.217187 0.602083 0.220313 0.602083 0.221875 0.604167 0.225 0.604167 0.226562 0.60625 0.228125 0.60625 0.229687 0.608333 0.23125 0.608333 0.232812 0.610417 0.234375 0.610417 0.235938 0.6125 0.239063 0.6125 0.240625 0.614583 0.246875 0.614583 0.248437 0.616667 0.25625 0.616667 0.257812 0.614583 0.264062 0.614583 0.26875 0.608333 0.270313 0.608333 0.276562 0.6 0.278125 0.6 0.292187 0.58125 0.292187 0.579167 0.29375 0.577083 0.29375 0.575 0.296875 0.570833 0.298438 0.570833 0.3 0.56875 0.301563 0.56875 0.304688 0.564583 0.30625 0.564583 0.3125 0.55625 0.314062 0.55625 0.317188 0.552083 0.31875 0.552083 0.323437 0.545833 0.325 0.545833 0.332813 0.535417 0.334375 0.535417 0.339062 0.529167 0.345312 0.529167 0.340625 0.529167 0.339062 0.527083 0.335938 0.527083 0.334375 0.525 0.332813 0.525 0.329687 0.520833 0.326562 0.520833 0.325 0.51875 0.321875 0.51875 0.320312 0.516667 0.31875 0.516667 0.317188 0.514583 0.315625 0.514583 0.3125 0.510417 0.309375 0.510417 0.307812 0.508333 0.30625 0.508333 0.304688 0.50625 0.303125 0.50625 0.301563 0.504167 0.3 0.504167 0.298438 0.502083 0.295312 0.502083 0.29375 0.5 0.292187 0.5 0.290625 0.497917 0.289062 0.497917 0.2875 0.495833 0.285938 0.495833 0.284375 0.49375 0.254688 0.49375 0.253125 0.491667 0.251563 0.491667 0.246875 0.485417 0.246875 0.479167 0.870267
0 0.853125 0.4875 0.853125 0.502083 0.851562 0.504167 0.848437 0.504167 0.846875 0.502083 0.828125 0.502083 0.828125 0.504167 0.834375 0.504167 0.835938 0.50625 0.8375 0.50625 0.839063 0.508333 0.839063 0.510417 0.840625 0.510417 0.842188 0.5125 0.846875 0.5125 0.848437 0.514583 0.85 0.514583 0.864062 0.533333 0.864062 0.535417 0.865625 0.5375 0.865625 0.539583 0.86875 0.54375 0.86875 0.566667 0.867188 0.56875 0.867188 0.579167 0.871875 0.585417 0.873438 0.585417 0.875 0.5875 0.876562 0.5875 0.878125 0.589583 0.879687 0.589583 0.882812 0.59375 0.884375 0.59375 0.885938 0.595833 0.8875 0.595833 0.889063 0.597917 0.890625 0.597917 0.892187 0.6 0.89375 0.6 0.895312 0.602083 0.9 0.602083 0.901563 0.604167 0.915625 0.604167 0.917188 0.60625 0.926562 0.60625 0.928125 0.608333 0.932813 0.608333 0.934375 0.610417 0.935938 0.610417 0.9375 0.6125 0.9375 0.61875 0.942187 0.61875 0.942187 0.6125 0.94375 0.610417 0.945312 0.610417 0.948438 0.60625 0.951563 0.60625 0.953125 0.604167 0.957812 0.604167 0.959375 0.602083 0.960938 0.602083 0.9625 0.6 0.964063 0.6 0.967188 0.595833 0.967188 0.589583 0.965625 0.5875 0.965625 0.58125 0.964063 0.579167 0.964063 0.577083 0.960938 0.572917 0.960938 0.570833 0.959375 0.56875 0.959375 0.564583 0.957812 0.5625 0.957812 0.560417 0.954687 0.55625 0.954687 0.554167 0.953125 0.552083 0.953125 0.55 0.945312 0.539583 0.945312 0.5375 0.934375 0.522917 0.934375 0.520833 0.932813 0.51875 0.93125 0.51875 0.928125 0.514583 0.926562 0.514583 0.925 0.5125 0.923437 0.5125 0.921875 0.510417 0.91875 0.510417 0.917188 0.508333 0.915625 0.508333 0.914062 0.50625 0.9125 0.50625 0.909375 0.502083 0.90625 0.502083 0.904688 0.5 0.903125 0.5 0.901563 0.497917 0.9 0.497917 0.898438 0.495833 0.898438 0.4875 0.861437
0 0.0796875 0.5875 0.0796875 0.59375 0.0765625 0.597917 0.075 0.597917 0.071875 0.602083 0.06875 0.602083 0.0671875 0.604167 0.065625 0.604167 0.0640625 0.60625 0.0625 0.60625 0.0609375 0.608333 0.0578125 0.608333 0.05625 0.610417 0.0546875 0.610417 0.053125 0.6125 0.0484375 0.6125 0.046875 0.614583 0.040625 0.614583 0.040625 0.647917 0.046875 0.647917 0.0484375 0.65 0.0515625 0.65 0.053125 0.652083 0.0546875 0.652083 0.05625 0.654167 0.059375 0.654167 0.0609375 0.65625 0.0859375 0.65625 0.0875 0.654167 0.0890625 0.654167 0.0921875 0.65 0.09375 0.65 0.0953125 0.647917 0.0953125 0.645833 0.096875 0.64375 0.0984375 0.64375 0.1 0.641667 0.101562 0.641667 0.104687 0.6375 0.10625 0.6375 0.109375 0.633333 0.110937 0.633333 0.1125 0.63125 0.114063 0.63125 0.11875 0.625 0.11875 0.622917 0.120312 0.620833 0.126562 0.620833 0.126562 0.608333 0.120312 0.608333 0.11875 0.60625 0.11875 0.604167 0.110937 0.59375 0.110937 0.5875 0.809748
0 0.896875 0.479167 0.896875 0.495833 0.903125 0.495833 0.904688 0.497917 0.90625 0.497917 0.907812 0.5 0.909375 0.5 0.910937 0.502083 0.9125 0.502083 0.914062 0.504167 0.91875 0.504167 0.920313 0.50625 0.921875 0.50625 0.923437 0.508333 0.925 0.508333 0.928125 0.5125 0.929688 0.5125 0.945312 0.533333 0.945312 0.535417 0.957812 0.552083 0.957812 0.554167 0.959375 0.55625 0.959375 0.558333 0.960938 0.560417 0.960938 0.564583 0.9625 0.566667 0.9625 0.56875 0.964063 0.570833 0.964063 0.572917 0.967188 0.577083 0.967188 0.58125 0.96875 0.583333 0.96875 0.589583 0.970312 0.591667 0.970312 0.59375 0.973437 0.597917 0.973437 0.6 0.976562 0.604167 0.976562 0.60625 0.978125 0.608333 0.979688 0.608333 0.982813 0.6125 0.982813 0.61875 0.984375 0.61875 0.984375 0.6125 0.9875 0.608333 0.990625 0.608333 0.992188 0.60625 0.99375 0.60625 0.995313 0.604167 0.998438 0.604167 0.998438 0.514583 0.996875 0.514583 0.99375 0.510417 0.989062 0.510417 0.9875 0.508333 0.985937 0.508333 0.982813 0.504167 0.98125 0.504167 0.979688 0.502083 0.976562 0.502083 0.975 0.5 0.973437 0.5 0.970312 0.495833 0.96875 0.495833 0.967188 0.49375 0.965625 0.49375 0.964063 0.491667 0.9625 0.491667 0.960938 0.489583 0.959375 0.489583 0.95625 0.485417 0.95625 0.479167 0.806233
0 0.953125 0.4625 0.953125 0.4875 0.960938 0.4875 0.9625 0.489583 0.964063 0.489583 0.965625 0.491667 0.967188 0.491667 0.96875 0.49375 0.970312 0.49375 0.971875 0.495833 0.973437 0.495833 0.975 0.497917 0.976562 0.497917 0.978125 0.5 0.979688 0.5 0.98125 0.502083 0.982813 0.502083 0.984375 0.504167 0.985937 0.504167 0.9875 0.50625 0.989062 0.50625 0.990625 0.508333 0.99375 0.508333 0.996875 0.5125 0.996875 0.51875 0.998438 0.51875 0.998438 0.4625 0.798068
0 0.564063 0.570833 0.564063 0.58125 0.560937 0.585417 0.560937 0.589583 0.55625 0.595833 0.557813 0.595833 0.5625 0.602083 0.559375 0.60625 0.559375 0.608333 0.557813 0.610417 0.557813 0.6125 0.55625 0.614583 0.55625 0.616667 0.551562 0.622917 0.548438 0.61875 0.546875 0.61875 0.545312 0.616667 0.540625 0.616667 0.540625 0.6375 0.546875 0.6375 0.548438 0.635417 0.55625 0.635417 0.557813 0.6375 0.559375 0.6375 0.564063 0.64375 0.565625 0.64375 0.56875 0.647917 0.571875 0.647917 0.573438 0.65 0.58125 0.65 0.582812 0.652083 0.5875 0.652083 0.589063 0.654167 0.589063 0.660417 0.589063 0.654167 0.592187 0.65 0.59375 0.65 0.595313 0.647917 0.596875 0.647917 0.598437 0.645833 0.601562 0.645833 0.603125 0.64375 0.607812 0.64375 0.609375 0.641667 0.6125 0.641667 0.614062 0.639583 0.617188 0.639583 0.61875 0.6375 0.625 0.6375 0.626563 0.635417 0.632812 0.635417 0.635937 0.63125 0.6375 0.63125 0.639062 0.629167 0.64375 0.629167 0.645312 0.627083 0.653125 0.627083 0.65625 0.622917 0.659375 0.622917 0.660937 0.620833 0.664062 0.620833 0.667187 0.616667 0.667187 0.614583 0.66875 0.6125 0.676562 0.6125 0.676562 0.608333 0.66875 0.608333 0.665625 0.604167 0.665625 0.602083 0.66875 0.597917 0.670312 0.597917 0.671875 0.595833 0.676562 0.595833 0.66875 0.595833 0.667187 0.59375 0.621875 0.59375 0.620312 0.595833 0.592187 0.595833 0.590625 0.59375 0.585938 0.59375 0.584375 0.591667 0.58125 0.591667 0.578125 0.5875 0.578125 0.585417 0.576562 0.583333 0.576562 0.58125 0.575 0.579167 0.575 0.570833 0.777322
0 0.817187 0.570833 0.817187 0.577083 0.815625 0.579167 0.809375 0.579167 0.807813 0.58125 0.8 0.58125 0.798437 0.583333 0.796875 0.583333 0.795313 0.585417 0.784375 0.585417 0.784375 0.595833 0.792188 0.595833 0.79375 0.597917 0.79375 0.6 0.795313 0.602083 0.795313 0.604167 0.796875 0.604167 0.807813 0.61875 0.809375 0.61875 0.8125 0.622917 0.814062 0.622917 0.815625 0.625 0.826563 0.625 0.828125 0.622917 0.829687 0.622917 0.83125 0.620833 0.834375 0.620833 0.835938 0.61875 0.840625 0.61875 0.842188 0.616667 0.845312 0.616667 0.846875 0.614583 0.848437 0.614583 0.85 0.6125 0.854688 0.6125 0.85625 0.610417 0.864062 0.610417 0.864062 0.570833 0.77157
0 0.359375 0.570833 0.359375 0.627083 0.364062 0.627083 0.36875 0.633333 0.36875 0.635417 0.370313 0.6375 0.371875 0.6375 0.379687 0.647917 0.379687 0.65 0.384375 0.65625 0.385938 0.65625 0.3875 0.658333 0.392188 0.658333 0.39375 0.660417 0.395312 0.660417 0.396875 0.6625 0.398438 0.6625 0.4 0.664583 0.401563 0.664583 0.403125 0.666667 0.404687 0.666667 0.407813 0.670833 0.409375 0.670833 0.410937 0.672917 0.4125 0.672917 0.414062 0.675 0.415625 0.675 0.41875 0.679167 0.41875 0.68125 0.420312 0.683333 0.420312 0.69375 0.423438 0.69375 0.423438 0.685417 0.425 0.683333 0.426562 0.683333 0.426562 0.68125 0.428125 0.679167 0.428125 0.675 0.429688 0.672917 0.429688 0.670833 0.432813 0.666667 0.432813 0.664583 0.434375 0.6625 0.434375 0.660417 0.440625 0.652083 0.440625 0.65 0.45 0.6375 0.457812 0.6375 0.457812 0.6125 0.445312 0.6125 0.44375 0.610417 0.440625 0.610417 0.439063 0.608333 0.434375 0.608333 0.432813 0.60625 0.428125 0.60625 0.426562 0.604167 0.425 0.604167 0.423438 0.602083 0.421875 0.602083 0.420312 0.6 0.415625 0.6 0.414062 0.597917 0.410937 0.597917 0.409375 0.595833 0.407813 0.595833 0.40625 0.59375 0.404687 0.59375 0.403125 0.591667 0.401563 0.591667 0.4 0.589583 0.398438 0.589583 0.395312 0.585417 0.39375 0.585417 0.392188 0.583333 0.390625 0.583333 0.389062 0.58125 0.3875 0.58125 0.384375 0.577083 0.384375 0.570833 0.76823
0 0.4625 0.595833 0.4625 0.604167 0.457812 0.610417 0.453125 0.610417 0.453125 0.6375 0.465625 0.6375 0.467187 0.639583 0.46875 0.639583 0.470313 0.641667 0.471875 0.641667 0.473437 0.64375 0.476562 0.64375 0.478125 0.645833 0.48125 0.645833 0.482812 0.647917 0.484375 0.647917 0.485938 0.65 0.489062 0.65 0.490625 0.652083 0.492188 0.652083 0.49375 0.654167 0.49375 0.660417 0.51875 0.660417 0.51875 0.654167 0.520312 0.652083 0.521875 0.652083 0.525 0.647917 0.526563 0.647917 0.528125 0.645833 0.532813 0.645833 0.534375 0.64375 0.5375 0.64375 0.539062 0.641667 0.542188 0.641667 0.54375 0.639583 0.545312 0.639583 0.546875 0.6375 0.55 0.6375 0.551562 0.635417 0.557813 0.635417 0.557813 0.629167 0.553125 0.629167 0.548438 0.622917 0.548438 0.620833 0.545312 0.616667 0.545312 0.614583 0.542188 0.610417 0.542188 0.608333 0.540625 0.60625 0.540625 0.604167 0.539062 0.602083 0.539062 0.595833 0.761123
0 0.645312 0.620833 0.645312 0.627083 0.64375 0.629167 0.640625 0.629167 0.639062 0.63125 0.6375 0.63125 0.635937 0.633333 0.634375 0.633333 0.632812 0.635417 0.63125 0.635417 0.629687 0.6375 0.626563 0.6375 0.625 0.639583 0.621875 0.639583 0.620312 0.641667 0.617188 0.641667 0.615625 0.64375 0.610938 0.64375 0.609375 0.645833 0.604688 0.645833 0.603125 0.647917 0.601562 0.647917 0.6 0.65 0.598437 0.65 0.596875 0.652083 0.590625 0.652083 0.590625 0.666667 0.595313 0.666667 0.598437 0.670833 0.6 0.670833 0.609375 0.683333 0.610938 0.683333 0.615625 0.689583 0.617188 0.689583 0.61875 0.691667 0.632812 0.691667 0.634375 0.689583 0.6375 0.689583 0.639062 0.6875 0.640625 0.6875 0.642188 0.685417 0.645312 0.685417 0.648438 0.68125 0.65 0.68125 0.65 0.679167 0.653125 0.675 0.653125 0.672917 0.654687 0.670833 0.654687 0.66875 0.65625 0.666667 0.65625 0.664583 0.659375 0.660417 0.659375 0.658333 0.6625 0.654167 0.6625 0.652083 0.66875 0.64375 0.66875 0.641667 0.671875 0.6375 0.675 0.6375 0.676562 0.635417 0.682812 0.635417 0.682812 0.620833 0.744355
0 0.726562 0.620833 0.726562 0.627083 0.723437 0.63125 0.721875 0.63125 0.720312 0.633333 0.715625 0.633333 0.715625 0.6875 0.721875 0.6875 0.728125 0.695833 0.729688 0.695833 0.732813 0.7 0.740625 0.7 0.742188 0.702083 0.745313 0.702083 0.746875 0.704167 0.75 0.704167 0.751562 0.70625 0.75625 0.70625 0.757812 0.708333 0.760938 0.708333 0.764063 0.7125 0.764063 0.71875 0.78125 0.71875 0.78125 0.7125 0.784375 0.708333 0.785937 0.708333 0.789062 0.704167 0.792188 0.704167 0.796875 0.697917 0.801562 0.697917 0.801562 0.679167 0.796875 0.679167 0.795313 0.677083 0.795313 0.672917 0.79375 0.670833 0.79375 0.66875 0.796875 0.664583 0.801562 0.664583 0.801562 0.652083 0.79375 0.652083 0.792188 0.65 0.789062 0.65 0.7875 0.647917 0.785937 0.647917 0.784375 0.645833 0.78125 0.645833 0.779688 0.64375 0.775 0.64375 0.773438 0.641667 0.771875 0.641667 0.770312 0.639583 0.76875 0.639583 0.767187 0.6375 0.765625 0.6375 0.764063 0.635417 0.7625 0.635417 0.759375 0.63125 0.757812 0.63125 0.75625 0.629167 0.75625 0.620833 0.729524
0 0.871875 0.604167 0.871875 0.620833 0.878125 0.620833 0.882812 0.627083 0.882812 0.629167 0.885938 0.633333 0.89375 0.633333 0.895312 0.635417 0.903125 0.635417 0.904688 0.6375 0.904688 0.64375 0.903125 0.645833 0.901563 0.645833 0.898438 0.641667 0.895312 0.641667 0.895312 0.64375 0.89375 0.645833 0.89375 0.65625 0.895312 0.658333 0.895312 0.660417 0.896875 0.6625 0.896875 0.66875 0.896875 0.660417 0.898438 0.658333 0.901563 0.658333 0.903125 0.65625 0.904688 0.65625 0.90625 0.654167 0.909375 0.654167 0.915625 0.645833 0.917188 0.645833 0.91875 0.64375 0.920313 0.64375 0.923437 0.639583 0.925 0.639583 0.926562 0.6375 0.929688 0.6375 0.93125 0.635417 0.932813 0.635417 0.9375 0.629167 0.939062 0.629167 0.940625 0.627083 0.942187 0.627083 0.942187 0.622917 0.94375 0.620833 0.94375 0.61875 0.942187 0.61875 0.940625 0.616667 0.939062 0.616667 0.9375 0.614583 0.935938 0.614583 0.934375 0.6125 0.934375 0.604167 0.718496
0 0.69375 0.579167 0.69375 0.595833 0.690625 0.6 0.685937 0.6 0.684375 0.597917 0.678125 0.597917 0.678125 0.625 0.682812 0.625 0.685937 0.629167 0.6875 0.629167 0.689063 0.63125 0.704688 0.63125 0.70625 0.633333 0.714062 0.633333 0.715625 0.63125 0.717188 0.63125 0.71875 0.629167 0.721875 0.629167 0.723437 0.627083 0.725 0.627083 0.728125 0.622917 0.729688 0.622917 0.7375 0.6125 0.7375 0.610417 0.735937 0.608333 0.735937 0.60625 0.734375 0.604167 0.732813 0.604167 0.729688 0.6 0.728125 0.6 0.726562 0.597917 0.723437 0.597917 0.721875 0.595833 0.720312 0.595833 0.71875 0.59375 0.717188 0.59375 0.710938 0.585417 0.710938 0.579167 0.670624
0 0.532813 0.6375 0.532813 0.645833 0.53125 0.647917 0.528125 0.647917 0.526563 0.65 0.525 0.65 0.523438 0.652083 0.521875 0.652083 0.520312 0.654167 0.509375 0.654167 0.507812 0.65625 0.5 0.65625 0.498437 0.658333 0.490625 0.658333 0.490625 0.679167 0.498437 0.679167 0.50625 0.689583 0.507812 0.689583 0.510938 0.69375 0.5125 0.69375 0.514062 0.695833 0.517188 0.695833 0.51875 0.697917 0.521875 0.697917 0.523438 0.7 0.546875 0.7 0.548438 0.697917 0.553125 0.697917 0.554688 0.695833 0.55625 0.695833 0.557813 0.69375 0.559375 0.69375 0.565625 0.685417 0.565625 0.683333 0.567187 0.68125 0.567187 0.6625 0.565625 0.660417 0.565625 0.652083 0.560937 0.645833 0.560937 0.6375 0.667964
0 0.003125 0.604167 0.003125 0.652083 0.0265625 0.652083 0.0265625 0.64375 0.025 0.64375 0.0234375 0.641667 0.021875 0.641667 0.01875 0.6375 0.021875 0.633333 0.028125 0.633333 0.03125 0.6375 0.0328125 0.6375 0.0328125 0.635417 0.034375 0.633333 0.034375 0.629167 0.0390625 0.622917 0.0453125 0.622917 0.0453125 0.604167 0.653515
0 0.670312 0.6375 0.670312 0.64375 0.664062 0.652083 0.664062 0.654167 0.657813 0.6625 0.653125 0.6625 0.653125 0.69375 0.659375 0.69375 0.660937 0.695833 0.6625 0.695833 0.664062 0.697917 0.665625 0.697917 0.667187 0.7 0.66875 0.7 0.671875 0.704167 0.671875 0.710417 0.701562 0.710417 0.701562 0.702083 0.704688 0.697917 0.704688 0.695833 0.70625 0.69375 0.70625 0.691667 0.709375 0.6875 0.709375 0.685417 0.710938 0.683333 0.710938 0.68125 0.7125 0.679167 0.7125 0.677083 0.715625 0.672917 0.720312 0.672917 0.720312 0.6375 0.641297
0 0.970312 0.520833 0.970312 0.529167 0.964063 0.5375 0.959375 0.5375 0.959375 0.575 0.964063 0.575 0.967188 0.579167 0.967188 0.583333 0.96875 0.585417 0.96875 0.589583 0.970312 0.591667 0.970312 0.59375 0.971875 0.595833 0.971875 0.597917 0.975 0.602083 0.975 0.604167 0.978125 0.608333 0.979688 0.608333 0.982813 0.6125 0.982813 0.61875 0.984375 0.61875 0.984375 0.6125 0.985937 0.610417 0.9875 0.610417 0.989062 0.608333 0.992188 0.608333 0.99375 0.60625 0.998438 0.60625 0.998438 0.520833 0.622746
0 0.165625 0.6625 0.165625 0.689583 0.18125 0.689583 0.182812 0.691667 0.204688 0.691667 0.20625 0.689583 0.207813 0.689583 0.209375 0.6875 0.209375 0.685417 0.214062 0.679167 0.215625 0.679167 0.21875 0.675 0.220313 0.675 0.221875 0.672917 0.232812 0.672917 0.232812 0.6625 0.616624
0 0.217187 0.670833 0.217187 0.677083 0.214062 0.68125 0.2125 0.68125 0.209375 0.685417 0.203125 0.685417 0.203125 0.71875 0.207813 0.71875 0.209375 0.720833 0.2125 0.720833 0.214062 0.722917 0.228125 0.722917 0.229687 0.720833 0.235938 0.720833 0.2375 0.71875 0.240625 0.71875 0.242188 0.716667 0.245312 0.716667 0.246875 0.714583 0.248437 0.714583 0.25 0.7125 0.251563 0.7125 0.253125 0.710417 0.257812 0.710417 0.257812 0.670833 0.616064
0 0.15 0.620833 0.15 0.629167 0.148438 0.63125 0.148438 0.633333 0.145313 0.6375 0.14375 0.6375 0.139063 0.64375 0.1375 0.64375 0.135937 0.641667 0.128125 0.641667 0.128125 0.645833 0.1375 0.645833 0.139063 0.64375 0.140625 0.645833 0.142187 0.645833 0.14375 0.647917 0.146875 0.647917 0.148438 0.65 0.153125 0.65 0.154688 0.652083 0.157812 0.652083 0.159375 0.654167 0.164062 0.654167 0.165625 0.65625 0.170313 0.65625 0.171875 0.658333 0.2 0.658333 0.201562 0.65625 0.203125 0.65625 0.20625 0.652083 0.20625 0.64375 0.207813 0.641667 0.207813 0.639583 0.209375 0.6375 0.214062 0.6375 0.214062 0.635417 0.209375 0.635417 0.20625 0.63125 0.20625 0.629167 0.204688 0.627083 0.204688 0.620833 0.593703
0 0.865625 0.604167 0.865625 0.61875 0.873438 0.61875 0.875 0.620833 0.876562 0.620833 0.878125 0.622917 0.879687 0.622917 0.884375 0.629167 0.884375 0.63125 0.885938 0.63125 0.8875 0.629167 0.889063 0.629167 0.892187 0.633333 0.896875 0.633333 0.898438 0.635417 0.903125 0.635417 0.904688 0.6375 0.904688 0.652083 0.91875 0.652083 0.91875 0.645833 0.921875 0.641667 0.923437 0.641667 0.925 0.639583 0.926562 0.639583 0.928125 0.6375 0.929688 0.6375 0.93125 0.635417 0.932813 0.635417 0.9375 0.629167 0.939062 0.629167 0.940625 0.627083 0.942187 0.627083 0.942187 0.625 0.94375 0.622917 0.94375 0.61875 0.942187 0.616667 0.940625 0.616667 0.939062 0.614583 0.9375 0.614583 0.934375 0.610417 0.934375 0.604167 0.589812
0 0.796875 0.6625 0.796875 0.66875 0.795313 0.670833 0.790625 0.670833 0.790625 0.7125 0.804688 0.7125 0.80625 0.714583 0.8125 0.714583 0.814062 0.716667 0.829687 0.716667 0.83125 0.714583 0.834375 0.714583 0.842188 0.704167 0.84375 0.704167 0.845312 0.702083 0.851562 0.702083 0.851562 0.672917 0.815625 0.672917 0.814062 0.670833 0.8125 0.670833 0.810938 0.66875 0.810938 0.6625 0.560013
0 0.909375 0.629167 0.909375 0.65625 0.914062 0.65625 0.915625 0.658333 0.917188 0.658333 0.91875 0.660417 0.920313 0.660417 0.921875 0.6625 0.926562 0.6625 0.928125 0.664583 0.9375 0.664583 0.939062 0.666667 0.94375 0.666667 0.946875 0.670833 0.946875 0.677083 0.998438 0.677083 0.998438 0.652083 0.995313 0.652083 0.99375 0.65 0.992188 0.65 0.985937 0.641667 0.984375 0.641667 0.982813 0.639583 0.98125 0.639583 0.979688 0.6375 0.979688 0.629167 0.929688 0.629167 0.929688 0.635417 0.926562 0.639583 0.925 0.639583 0.921875 0.64375 0.915625 0.64375 0.914062 0.641667 0.914062 0.629167 0.543055
0 0.571875 0.645833 0.571875 0.704167 0.576562 0.704167 0.58125 0.710417 0.58125 0.7125 0.589063 0.722917 0.590625 0.722917 0.592187 0.725 0.595313 0.725 0.596875 0.727083 0.604688 0.727083 0.60625 0.729167 0.628125 0.729167 0.629687 0.727083 0.632812 0.727083 0.634375 0.725 0.635937 0.725 0.6375 0.722917 0.639062 0.722917 0.640625 0.720833 0.642188 0.720833 0.648438 0.7125 0.648438 0.710417 0.65 0.708333 0.65 0.704167 0.651562 0.702083 0.651562 0.7 0.653125 0.697917 0.657813 0.697917 0.657813 0.6875 0.648438 0.6875 0.646875 0.685417 0.645312 0.6875 0.639062 0.6875 0.6375 0.689583 0.632812 0.689583 0.63125 0.691667 0.625 0.691667 0.623437 0.69375 0.620312 0.69375 0.61875 0.691667 0.615625 0.691667 0.614062 0.689583 0.6125 0.689583 0.609375 0.685417 0.607812 0.685417 0.598437 0.672917 0.598437 0.670833 0.595313 0.666667 0.595313 0.664583 0.59375 0.6625 0.59375 0.658333 0.590625 0.654167 0.5875 0.654167 0.585938 0.652083 0.585938 0.645833 0.539871
0 0.003125 0.454167 0.003125 0.502083 0.03125 0.502083 0.03125 0.495833 0.034375 0.491667 0.0359375 0.491667 0.0390625 0.4875 0.040625 0.4875 0.0421875 0.485417 0.0453125 0.485417 0.046875 0.483333 0.0484375 0.483333 0.05 0.48125 0.053125 0.48125 0.0546875 0.479167 0.059375 0.479167 0.0609375 0.477083 0.0796875 0.477083 0.08125 0.479167 0.0828125 0.479167 0.084375 0.48125 0.0875 0.48125 0.0890625 0.483333 0.0953125 0.483333 0.0953125 0.46875 0.0859375 0.46875 0.084375 0.466667 0.0828125 0.466667 0.08125 0.464583 0.0796875 0.464583 0.078125 0.4625 0.078125 0.454167 0.527945
0 0.798437 0.6375 0.798437 0.64375 0.796875 0.645833 0.790625 0.645833 0.790625 0.664583 0.796875 0.664583 0.798437 0.666667 0.804688 0.666667 0.80625 0.66875 0.80625 0.677083 0.835938 0.677083 0.835938 0.670833 0.8375 0.66875 0.839063 0.66875 0.840625 0.666667 0.842188 0.666667 0.845312 0.6625 0.851562 0.6625 0.851562 0.654167 0.846875 0.654167 0.84375 0.65 0.84375 0.647917 0.842188 0.645833 0.842188 0.6375 0.511241
0 0.985937 0.604167 0.985937 0.610417 0.982813 0.614583 0.978125 0.614583 0.978125 0.639583 0.982813 0.639583 0.984375 0.641667 0.985937 0.641667 0.989062 0.645833 0.989062 0.652083 0.998438 0.652083 0.998438 0.604167 0.5084
0 0.534375 0.6375 0.534375 0.64375 0.53125 0.647917 0.529687 0.647917 0.528125 0.65 0.526563 0.65 0.525 0.652083 0.523438 0.652083 0.521875 0.654167 0.514062 0.654167 0.5125 0.65625 0.504687 0.65625 0.503125 0.658333 0.484375 0.658333 0.484375 0.689583 0.490625 0.689583 0.492188 0.6875 0.49375 0.6875 0.495313 0.685417 0.498437 0.685417 0.5 0.6875 0.501563 0.6875 0.503125 0.689583 0.504687 0.689583 0.507812 0.69375 0.509375 0.69375 0.510938 0.695833 0.514062 0.695833 0.515625 0.697917 0.51875 0.697917 0.520312 0.7 0.525 0.7 0.526563 0.702083 0.542188 0.702083 0.54375 0.7 0.551562 0.7 0.553125 0.697917 0.55625 0.697917 0.557813 0.695833 0.559375 0.695833 0.564063 0.689583 0.570312 0.689583 0.570312 0.65 0.564063 0.65 0.560937 0.645833 0.560937 0.6375 0.452682
0 0.446875 0.6375 0.446875 0.645833 0.439063 0.65625 0.439063 0.658333 0.435937 0.6625 0.435937 0.664583 0.434375 0.666667 0.434375 0.66875 0.432813 0.670833 0.432813 0.675 0.43125 0.677083 0.43125 0.679167 0.428125 0.683333 0.421875 0.683333 0.417188 0.677083 0.414062 0.677083 0.4125 0.675 0.410937 0.675 0.409375 0.672917 0.409375 0.670833 0.40625 0.670833 0.404687 0.66875 0.396875 0.66875 0.396875 0.716667 0.420312 0.716667 0.421875 0.714583 0.426562 0.714583 0.428125 0.7125 0.432813 0.7125 0.4375 0.70625 0.439063 0.70625 0.445312 0.697917 0.446875 0.697917 0.448438 0.695833 0.451562 0.695833 0.454688 0.691667 0.45625 0.691667 0.457812 0.689583 0.460938 0.689583 0.4625 0.6875 0.467187 0.6875 0.46875 0.685417 0.471875 0.685417 0.473437 0.683333 0.479688 0.683333 0.48125 0.68125 0.485938 0.68125 0.4875 0.679167 0.501563 0.679167 0.501563 0.677083 0.496875 0.677083 0.49375 0.672917 0.49375 0.664583 0.492188 0.6625 0.492188 0.660417 0.4875 0.654167 0.485938 0.654167 0.484375 0.652083 0.482812 0.652083 0.48125 0.65 0.479688 0.65 0.478125 0.647917 0.476562 0.647917 0.475 0.645833 0.473437 0.645833 0.471875 0.64375 0.471875 0.6375 0.449328
0 0.11875 0.5375 0.11875 0.545833 0.115625 0.55 0.109375 0.55 0.109375 0.595833 0.115625 0.595833 0.125 0.608333 0.126562 0.608333 0.128125 0.610417 0.132812 0.610417 0.134375 0.608333 0.135937 0.608333 0.1375 0.60625 0.142187 0.60625 0.14375 0.608333 0.145313 0.608333 0.148438 0.6125 0.148438 0.620833 0.15 0.620833 0.151562 0.622917 0.153125 0.622917 0.154688 0.625 0.160937 0.625 0.1625 0.622917 0.167187 0.622917 0.16875 0.620833 0.182812 0.620833 0.190625 0.610417 0.195312 0.610417 0.195312 0.602083 0.190625 0.602083 0.182812 0.591667 0.18125 0.591667 0.179688 0.589583 0.178125 0.589583 0.176562 0.5875 0.175 0.5875 0.170313 0.58125 0.170313 0.579167 0.1625 0.56875 0.160937 0.56875 0.15 0.554167 0.148438 0.554167 0.142187 0.545833 0.142187 0.5375 0.444274
0 0.140625 0.554167 0.140625 0.6125 0.145313 0.6125 0.148438 0.616667 0.148438 0.61875 0.15 0.620833 0.151562 0.620833 0.153125 0.622917 0.167187 0.622917 0.16875 0.620833 0.178125 0.620833 0.179688 0.61875 0.184375 0.61875 0.189063 0.6125 0.195312 0.6125 0.195312 0.6 0.190625 0.6 0.185937 0.59375 0.184375 0.59375 0.182812 0.591667 0.18125 0.591667 0.179688 0.589583 0.178125 0.589583 0.15625 0.560417 0.15625 0.554167 0.429323
0 0.46875 0.679167 0.46875 0.685417 0.464063 0.691667 0.4625 0.691667 0.460938 0.69375 0.457812 0.69375 0.45625 0.695833 0.454688 0.695833 0.453125 0.697917 0.451562 0.697917 0.448438 0.702083 0.445312 0.702083 0.44375 0.704167 0.442187 0.704167 0.439063 0.708333 0.434375 0.708333 0.434375 0.720833 0.440625 0.720833 0.44375 0.725 0.44375 0.727083 0.446875 0.73125 0.446875 0.733333 0.448438 0.735417 0.448438 0.74375 0.490625 0.74375 0.490625 0.7375 0.495313 0.73125 0.496875 0.73125 0.498437 0.729167 0.501563 0.729167 0.503125 0.727083 0.509375 0.727083 0.510938 0.725 0.514062 0.725 0.515625 0.722917 0.517188 0.722917 0.51875 0.720833 0.526563 0.720833 0.526563 0.7 0.51875 0.7 0.515625 0.695833 0.5125 0.695833 0.509375 0.691667 0.507812 0.691667 0.504687 0.6875 0.504687 0.679167 0.419192
0 0.0953125 0.470833 0.0953125 0.479167 0.107813 0.495833 0.107813 0.497917 0.1125 0.504167 0.109375 0.508333 0.109375 0.510417 0.107813 0.5125 0.107813 0.514583 0.10625 0.516667 0.10625 0.51875 0.104687 0.520833 0.104687 0.522917 0.0984375 0.53125 0.096875 0.53125 0.09375 0.535417 0.0921875 0.535417 0.0921875 0.5375 0.0984375 0.5375 0.1 0.539583 0.101562 0.539583 0.104687 0.54375 0.104687 0.552083 0.129688 0.552083 0.129688 0.54375 0.128125 0.541667 0.128125 0.5375 0.126562 0.535417 0.128125 0.533333 0.128125 0.527083 0.126562 0.525 0.126562 0.522917 0.123438 0.51875 0.123438 0.514583 0.121875 0.5125 0.121875 0.502083 0.123438 0.5 0.125 0.5 0.126562 0.497917 0.129688 0.497917 0.13125 0.495833 0.135937 0.495833 0.1375 0.49375 0.142187 0.49375 0.14375 0.491667 0.146875 0.491667 0.148438 0.489583 0.15625 0.489583 0.157812 0.4875 0.16875 0.4875 0.170313 0.485417 0.176562 0.485417 0.178125 0.483333 0.184375 0.483333 0.185937 0.48125 0.189063 0.48125 0.190625 0.479167 0.195312 0.479167 0.195312 0.470833 0.402157
0 0.373437 0.577083 0.373437 0.579167 0.375 0.579167 0.376563 0.58125 0.378125 0.58125 0.379687 0.579167 0.378125 0.577083 0.373437 0.577083 0.367188 0.566667 0.367188 0.5625 0.384375 0.539583 0.385938 0.539583 0.389062 0.535417 0.395312 0.535417 0.395312 0.533333 0.390625 0.533333 0.389062 0.53125 0.389062 0.520833 0.3375 0.520833 0.3375 0.527083 0.335938 0.529167 0.335938 0.53125 0.323437 0.547917 0.321875 0.547917 0.314062 0.558333 0.3125 0.558333 0.303125 0.570833 0.303125 0.572917 0.3 0.577083 0.3 0.579167 0.296875 0.583333 0.296875 0.5875 0.295312 0.589583 0.295312 0.604167 0.292187 0.608333 0.292187 0.610417 0.290625 0.6125 0.284375 0.6125 0.284375 0.652083 0.290625 0.652083 0.292187 0.65 0.296875 0.65 0.3 0.654167 0.301563 0.654167 0.303125 0.65625 0.303125 0.658333 0.304688 0.660417 0.304688 0.677083 0.303125 0.679167 0.303125 0.68125 0.301563 0.683333 0.3 0.683333 0.3 0.685417 0.298438 0.6875 0.298438 0.69375 0.296875 0.695833 0.296875 0.697917 0.295312 0.7 0.295312 0.710417 0.310937 0.710417 0.310937 0.704167 0.3125 0.702083 0.314062 0.702083 0.315625 0.7 0.323437 0.7 0.325 0.697917 0.326562 0.697917 0.328125 0.695833 0.33125 0.695833 0.339062 0.685417 0.340625 0.685417 0.342187 0.683333 0.34375 0.683333 0.345312 0.68125 0.346875 0.68125 0.348438 0.679167 0.357812 0.679167 0.359375 0.68125 0.367188 0.68125 0.36875 0.683333 0.370313 0.683333 0.371875 0.685417 0.375 0.685417 0.376563 0.6875 0.378125 0.6875 0.378125 0.685417 0.379687 0.683333 0.379687 0.68125 0.38125 0.679167 0.38125 0.677083 0.379687 0.675 0.379687 0.6625 0.378125 0.660417 0.378125 0.65625 0.375 0.652083 0.375 0.645833 0.365625 0.633333 0.365625 0.63125 0.364062 0.629167 0.364062 0.622917 0.3625 0.620833 0.3625 0.616667 0.360938 0.614583 0.360938 0.610417 0.359375 0.608333 0.359375 0.60625 0.357812 0.604167 0.357812 0.6 0.35625 0.597917 0.35625 0.591667 0.354687 0.589583 0.354687 0.583333 0.367188 0.566667 0.397639
0 0.05625 0.5375 0.05625 0.545833 0.0546875 0.547917 0.0546875 0.55 0.05 0.55625 0.0484375 0.55625 0.046875 0.558333 0.0453125 0.558333 0.04375 0.560417 0.0421875 0.560417 0.040625 0.5625 0.034375 0.5625 0.034375 0.58125 0.040625 0.58125 0.0453125 0.5875 0.046875 0.5875 0.0484375 0.589583 0.05 0.589583 0.0515625 0.591667 0.0546875 0.591667 0.0578125 0.595833 0.0578125 0.602083 0.078125 0.602083 0.078125 0.59375 0.0828125 0.5875 0.084375 0.5875 0.09375 0.575 0.0953125 0.575 0.0984375 0.570833 0.0984375 0.56875 0.103125 0.5625 0.107813 0.5625 0.107813 0.545833 0.103125 0.545833 0.101562 0.54375 0.101562 0.5375 0.379543
0 0.003125 0.570833 0.003125 0.60625 0.034375 0.60625 0.0359375 0.608333 0.0375 0.608333 0.0390625 0.610417 0.0515625 0.610417 0.0546875 0.60625 0.05625 0.60625 0.0578125 0.604167 0.0625 0.604167 0.0640625 0.602083 0.0703125 0.602083 0.0703125 0.59375 0.053125 0.59375 0.0515625 0.591667 0.0484375 0.591667 0.0453125 0.5875 0.04375 0.5875 0.0375 0.579167 0.0375 0.570833 0.372143
0 0.946875 0.604167 0.946875 0.635417 0.989062 0.635417 0.989062 0.6125 0.984375 0.6125 0.982813 0.610417 0.982813 0.604167 0.369528
0 0.932813 0.635417 0.939062 0.635417 0.939062 0.629167 0.932813 0.629167 0.932813 0.635417 0.928125 0.64375 0.926562 0.641667 0.925 0.64375 0.917188 0.64375 0.915625 0.641667 0.914062 0.641667 0.9125 0.639583 0.910937 0.639583 0.909375 0.6375 0.909375 0.629167 0.884375 0.629167 0.884375 0.658333 0.889063 0.658333 0.890625 0.660417 0.890625 0.664583 0.889063 0.666667 0.884375 0.666667 0.884375 0.677083 0.890625 0.677083 0.890625 0.66875 0.892187 0.666667 0.89375 0.666667 0.895312 0.664583 0.896875 0.664583 0.898438 0.666667 0.901563 0.666667 0.903125 0.664583 0.904688 0.664583 0.90625 0.6625 0.907812 0.6625 0.910937 0.658333 0.9125 0.658333 0.914062 0.65625 0.91875 0.65625 0.920313 0.654167 0.921875 0.654167 0.925 0.65 0.926562 0.65 0.926562 0.647917 0.928125 0.645833 0.928125 0.64375 0.368098
0 0.190625 0.597917 0.190625 0.616667 0.195312 0.616667 0.196875 0.61875 0.198437 0.61875 0.2 0.620833 0.201562 0.620833 0.203125 0.622917 0.204688 0.622917 0.210938 0.63125 0.2125 0.63125 0.214062 0.633333 0.215625 0.633333 0.21875 0.6375 0.215625 0.641667 0.214062 0.641667 0.210938 0.645833 0.215625 0.652083 0.217187 0.652083 0.21875 0.654167 0.223438 0.654167 0.225 0.65625 0.226562 0.65625 0.228125 0.658333 0.23125 0.658333 0.232812 0.660417 0.235938 0.660417 0.2375 0.6625 0.24375 0.6625 0.245312 0.664583 0.246875 0.664583 0.248437 0.666667 0.25 0.666667 0.260937 0.68125 0.260937 0.683333 0.264062 0.6875 0.265625 0.6875 0.267188 0.689583 0.271875 0.689583 0.273438 0.6875 0.275 0.6875 0.278125 0.683333 0.278125 0.68125 0.279687 0.679167 0.279687 0.670833 0.28125 0.66875 0.28125 0.664583 0.282813 0.6625 0.282813 0.660417 0.284375 0.658333 0.284375 0.654167 0.285938 0.652083 0.285938 0.645833 0.2875 0.64375 0.2875 0.639583 0.289062 0.6375 0.289062 0.635417 0.290625 0.633333 0.290625 0.61875 0.282813 0.61875 0.28125 0.620833 0.275 0.620833 0.273438 0.622917 0.270313 0.622917 0.267188 0.61875 0.239063 0.61875 0.2375 0.616667 0.235938 0.616667 0.232812 0.6125 0.23125 0.6125 0.229687 0.610417 0.228125 0.610417 0.226562 0.608333 0.225 0.608333 0.223438 0.60625 0.221875 0.60625 0.220313 0.604167 0.217187 0.604167 0.215625 0.602083 0.210938 0.602083 0.209375 0.6 0.20625 0.6 0.204688 0.597917 0.355601
0 0.446875 0.6375 0.446875 0.645833 0.439063 0.65625 0.439063 0.658333 0.4375 0.660417 0.4375 0.6625 0.434375 0.666667 0.434375 0.66875 0.432813 0.670833 0.432813 0.675 0.426562 0.683333 0.421875 0.683333 0.421875 0.7125 0.428125 0.7125 0.429688 0.710417 0.43125 0.710417 0.434375 0.70625 0.435937 0.70625 0.4375 0.704167 0.439063 0.704167 0.44375 0.697917 0.445312 0.697917 0.446875 0.695833 0.45 0.695833 0.451562 0.69375 0.453125 0.69375 0.454688 0.691667 0.45625 0.691667 0.457812 0.689583 0.460938 0.689583 0.4625 0.6875 0.465625 0.6875 0.467187 0.685417 0.470313 0.685417 0.471875 0.683333 0.476562 0.683333 0.478125 0.68125 0.48125 0.68125 0.482812 0.679167 0.485938 0.679167 0.489062 0.675 0.490625 0.675 0.490625 0.672917 0.492188 0.670833 0.492188 0.660417 0.4875 0.654167 0.485938 0.654167 0.484375 0.652083 0.482812 0.652083 0.48125 0.65 0.479688 0.65 0.476562 0.645833 0.475 0.645833 0.473437 0.64375 0.473437 0.6375 0.354321
0 0.946875 0.604167 0.946875 0.627083 0.951563 0.627083 0.953125 0.629167 0.957812 0.629167 0.959375 0.63125 0.976562 0.63125 0.978125 0.633333 0.979688 0.633333 0.98125 0.635417 0.98125 0.64375 0.998438 0.64375 0.998438 0.604167 0.351207
0 0 0.504167 0 0.564583 0.0046875 0.564583 0.00625 0.566667 0.0109375 0.566667 0.0125 0.56875 0.0140625 0.56875 0.015625 0.570833 0.015625 0.577083 0.015625 0.570833 0.0171875 0.56875 0.01875 0.56875 0.0203125 0.566667 0.0296875 0.566667 0.0328125 0.5625 0.034375 0.5625 0.040625 0.554167 0.0453125 0.554167 0.0453125 0.533333 0.0359375 0.533333 0.034375 0.53125 0.028125 0.53125 0.0265625 0.529167 0.0203125 0.529167 0.01875 0.527083 0.0171875 0.527083 0.015625 0.525 0.0140625 0.525 0.0125 0.522917 0.0125 0.520833 0.0109375 0.51875 0.0109375 0.504167 0.339886
0 0.003125 0.504167 0.003125 0.610417 0.065625 0.610417 0.065625 0.602083 0.0671875 0.6 0.06875 0.6 0.0703125 0.597917 0.071875 0.597917 0.0734375 0.595833 0.075 0.595833 0.0765625 0.59375 0.078125 0.59375 0.078125 0.591667 0.08125 0.5875 0.0828125 0.5875 0.084375 0.585417 0.084375 0.583333 0.09375 0.570833 0.0953125 0.570833 0.096875 0.56875 0.101562 0.56875 0.101562 0.54375 0.0921875 0.54375 0.090625 0.545833 0.090625 0.552083 0.0859375 0.558333 0.0765625 0.558333 0.0734375 0.554167 0.0734375 0.552083 0.0671875 0.54375 0.065625 0.54375 0.0640625 0.541667 0.0625 0.541667 0.059375 0.5375 0.046875 0.5375 0.0453125 0.535417 0.040625 0.535417 0.0390625 0.533333 0.034375 0.533333 0.0328125 0.53125 0.0296875 0.53125 0.028125 0.529167 0.025 0.529167 0.0234375 0.527083 0.0203125 0.527083 0.0140625 0.51875 0.0140625 0.516667 0.0125 0.514583 0.0125 0.5125 0.0109375 0.510417 0.0109375 0.504167 0.333616
0 0.951563 0.604167 0.951563 0.6125 0.946875 0.61875 0.934375 0.61875 0.934375 0.622917 0.939062 0.622917 0.942187 0.627083 0.939062 0.63125 0.934375 0.63125 0.934375 0.666667 0.942187 0.666667 0.94375 0.66875 0.945312 0.66875 0.946875 0.670833 0.951563 0.670833 0.953125 0.672917 0.967188 0.672917 0.96875 0.675 0.985937 0.675 0.9875 0.672917 0.998438 0.672917 0.998438 0.652083 0.996875 0.652083 0.995313 0.65 0.99375 0.65 0.9875 0.641667 0.9875 0.639583 0.984375 0.635417 0.989062 0.629167 0.998438 0.629167 0.998438 0.604167 0.989062 0.604167 0.989062 0.610417 0.982813 0.61875 0.98125 0.61875 0.979688 0.616667 0.976562 0.616667 0.975 0.614583 0.975 0.604167 0.32924
0 0.059375 0.470833 0.059375 0.477083 0.05625 0.48125 0.053125 0.48125 0.0515625 0.483333 0.05 0.483333 0.0484375 0.485417 0.0453125 0.485417 0.04375 0.4875 0.0421875 0.4875 0.040625 0.489583 0.0390625 0.489583 0.0375 0.491667 0.0359375 0.491667 0.034375 0.49375 0.0328125 0.49375 0.03125 0.495833 0.0296875 0.495833 0.028125 0.497917 0.0265625 0.497917 0.025 0.5 0.0171875 0.5 0.015625 0.502083 0.009375 0.502083 0.009375 0.516667 0.0140625 0.516667 0.015625 0.51875 0.0171875 0.51875 0.01875 0.520833 0.0203125 0.520833 0.021875 0.522917 0.0265625 0.522917 0.028125 0.525 0.03125 0.525 0.0328125 0.527083 0.0390625 0.527083 0.040625 0.529167 0.046875 0.529167 0.0484375 0.53125 0.0609375 0.53125 0.0625 0.533333 0.0671875 0.533333 0.06875 0.53125 0.075 0.53125 0.0765625 0.533333 0.08125 0.533333 0.0828125 0.535417 0.0859375 0.535417 0.0875 0.5375 0.09375 0.5375 0.0953125 0.539583 0.0984375 0.539583 0.103125 0.545833 0.103125 0.552083 0.115625 0.552083 0.115625 0.545833 0.117188 0.54375 0.117188 0.541667 0.120312 0.5375 0.120312 0.535417 0.121875 0.533333 0.121875 0.53125 0.123438 0.529167 0.123438 0.5125 0.121875 0.510417 0.121875 0.504167 0.120312 0.502083 0.120312 0.495833 0.11875 0.49375 0.11875 0.4875 0.121875 0.483333 0.121875 0.48125 0.123438 0.479167 0.123438 0.470833 0.329089
0 0.109375 0.654167 0.109375 0.660417 0.10625 0.664583 0.10625 0.672917 0.104687 0.675 0.104687 0.679167 0.10625 0.68125 0.10625 0.685417 0.107813 0.6875 0.107813 0.689583 0.109375 0.691667 0.110937 0.691667 0.1125 0.69375 0.1125 0.702083 0.135937 0.702083 0.135937 0.695833 0.1375 0.69375 0.140625 0.69375 0.142187 0.691667 0.148438 0.691667 0.15 0.689583 0.153125 0.689583 0.154688 0.6875 0.157812 0.6875 0.1625 0.68125 0.1625 0.677083 0.165625 0.672917 0.170313 0.672917 0.170313 0.654167 0.323814
0 0.896875 0.479167 0.896875 0.495833 0.903125 0.495833 0.904688 0.497917 0.90625 0.497917 0.907812 0.5 0.909375 0.5 0.910937 0.502083 0.9125 0.502083 0.914062 0.504167 0.917188 0.504167 0.91875 0.50625 0.921875 0.50625 0.923437 0.508333 0.925 0.508333 0.928125 0.5125 0.929688 0.5125 0.945312 0.533333 0.945312 0.535417 0.957812 0.552083 0.957812 0.554167 0.959375 0.55625 0.959375 0.558333 0.960938 0.560417 0.960938 0.56875 0.998438 0.56875 0.998438 0.5125 0.995313 0.5125 0.99375 0.510417 0.989062 0.510417 0.9875 0.508333 0.985937 0.508333 0.982813 0.504167 0.98125 0.504167 0.979688 0.502083 0.976562 0.502083 0.975 0.5 0.973437 0.5 0.970312 0.495833 0.96875 0.495833 0.967188 0.49375 0.965625 0.49375 0.964063 0.491667 0.9625 0.491667 0.957812 0.485417 0.957812 0.479167 0.323203
0 0.18125 0.49375 0.18125 0.5 0.182812 0.502083 0.189063 0.502083 0.189063 0.489583 0.182812 0.489583 0.182812 0.491667 0.18125 0.49375 0.15625 0.483333 0.15625 0.470833 0.0640625 0.470833 0.0640625 0.477083 0.0625 0.479167 0.0609375 0.479167 0.059375 0.48125 0.0546875 0.48125 0.053125 0.483333 0.05 0.483333 0.0484375 0.485417 0.046875 0.485417 0.0453125 0.4875 0.0421875 0.4875 0.040625 0.489583 0.0390625 0.489583 0.0375 0.491667 0.0359375 0.491667 0.034375 0.49375 0.0328125 0.49375 0.0296875 0.497917 0.025 0.497917 0.0234375 0.5 0.015625 0.5 0.015625 0.520833 0.025 0.520833 0.0265625 0.522917 0.028125 0.522917 0.0296875 0.525 0.03125 0.525 0.0328125 0.527083 0.046875 0.527083 0.0484375 0.529167 0.053125 0.529167 0.0546875 0.53125 0.071875 0.53125 0.0734375 0.533333 0.078125 0.533333 0.0796875 0.535417 0.08125 0.535417 0.0828125 0.5375 0.0875 0.5375 0.0890625 0.539583 0.096875 0.539583 0.0984375 0.541667 0.1 0.541667 0.103125 0.545833 0.103125 0.552083 0.117188 0.552083 0.117188 0.545833 0.11875 0.54375 0.11875 0.541667 0.121875 0.5375 0.121875 0.535417 0.123438 0.533333 0.123438 0.53125 0.125 0.529167 0.125 0.516667 0.123438 0.514583 0.123438 0.508333 0.121875 0.50625 0.121875 0.502083 0.125 0.497917 0.125 0.495833 0.128125 0.491667 0.129688 0.491667 0.134375 0.485417 0.135937 0.485417 0.1375 0.483333 0.140625 0.483333 0.142187 0.485417 0.14375 0.485417 0.145313 0.4875 0.146875 0.4875 0.148438 0.485417 0.15 0.485417 0.151562 0.483333 0.15625 0.483333 0.318945
0 0.140625 0.4625 0.140625 0.46875 0.139063 0.470833 0.1375 0.470833 0.135937 0.472917 0.132812 0.472917 0.13125 0.475 0.109375 0.475 0.109375 0.497917 0.115625 0.497917 0.117188 0.5 0.123438 0.5 0.125 0.497917 0.13125 0.497917 0.132812 0.495833 0.139063 0.495833 0.140625 0.49375 0.142187 0.49375 0.14375 0.491667 0.148438 0.491667 0.15 0.489583 0.15625 0.489583 0.157812 0.4875 0.170313 0.4875 0.171875 0.485417 0.176562 0.485417 0.178125 0.483333 0.185937 0.483333 0.1875 0.48125 0.195312 0.48125 0.195312 0.4625 0.305924
0 0.853125 0.579167 0.853125 0.6125 0.857813 0.6125 0.859375 0.614583 0.860937 0.614583 0.8625 0.616667 0.865625 0.616667 0.867188 0.61875 0.86875 0.61875 0.870313 0.620833 0.870313 0.627083 0.873438 0.627083 0.873438 0.620833 0.875 0.61875 0.876562 0.61875 0.879687 0.614583 0.88125 0.614583 0.882812 0.6125 0.89375 0.6125 0.895312 0.614583 0.901563 0.614583 0.901563 0.608333 0.896875 0.608333 0.892187 0.602083 0.889063 0.602083 0.884375 0.595833 0.882812 0.595833 0.88125 0.59375 0.879687 0.59375 0.878125 0.591667 0.876562 0.591667 0.871875 0.585417 0.871875 0.579167 0.293904
0 0.965625 0.604167 0.965625 0.63125 0.971875 0.63125 0.973437 0.633333 0.975 0.633333 0.976562 0.635417 0.978125 0.635417 0.979688 0.6375 0.98125 0.6375 0.982813 0.639583 0.984375 0.639583 0.989062 0.645833 0.989062 0.652083 0.998438 0.652083 0.998438 0.604167 0.985937 0.604167 0.985937 0.610417 0.982813 0.614583 0.98125 0.6125 0.979688 0.6125 0.978125 0.610417 0.978125 0.604167 0.283837
0 0.853125 0.579167 0.853125 0.6125 0.857813 0.6125 0.859375 0.614583 0.8625 0.614583 0.864062 0.616667 0.867188 0.616667 0.870313 0.620833 0.870313 0.627083 0.88125 0.627083 0.88125 0.620833 0.884375 0.616667 0.889063 0.616667 0.892187 0.620833 0.892187 0.627083 0.920313 0.627083 0.920313 0.60625 0.896875 0.60625 0.895312 0.604167 0.89375 0.604167 0.892187 0.602083 0.890625 0.602083 0.889063 0.6 0.8875 0.6 0.882812 0.59375 0.88125 0.59375 0.879687 0.591667 0.878125 0.591667 0.876562 0.589583 0.875 0.589583 0.871875 0.585417 0.871875 0.579167 0.281917
0 0.128125 0.4375 0.128125 0.45625 0.135937 0.45625 0.1375 0.458333 0.140625 0.458333 0.142187 0.460417 0.142187 0.46875 0.140625 0.470833 0.140625 0.477083 0.148438 0.477083 0.148438 0.46875 0.151562 0.464583 0.154688 0.464583 0.15625 0.466667 0.179688 0.466667 0.18125 0.464583 0.185937 0.464583 0.185937 0.4625 0.1875 0.460417 0.1875 0.45625 0.189063 0.454167 0.189063 0.445833 0.190625 0.44375 0.195312 0.44375 0.195312 0.4375 0.27464
0 0.090625 0.470833 0.090625 0.479167 0.096875 0.479167 0.101562 0.485417 0.103125 0.485417 0.109375 0.49375 0.110937 0.49375 0.114063 0.497917 0.115625 0.497917 0.117188 0.5 0.125 0.5 0.126562 0.497917 0.129688 0.497917 0.13125 0.495833 0.1375 0.495833 0.139063 0.49375 0.142187 0.49375 0.14375 0.491667 0.148438 0.491667 0.15 0.489583 0.15625 0.489583 0.157812 0.4875 0.16875 0.4875 0.170313 0.485417 0.178125 0.485417 0.179688 0.483333 0.185937 0.483333 0.1875 0.48125 0.190625 0.48125 0.192188 0.479167 0.19375 0.479167 0.19375 0.470833 0.262284
0 0.128125 0.429167 0.128125 0.4625 0.132812 0.4625 0.1375 0.46875 0.1375 0.477083 0.14375 0.477083 0.14375 0.470833 0.145313 0.46875 0.145313 0.466667 0.146875 0.464583 0.146875 0.454167 0.148438 0.452083 0.148438 0.45 0.153125 0.44375 0.153125 0.441667 0.157812 0.435417 0.157812 0.429167 0.260082
0 0.003125 0.579167 0.003125 0.652083 0.0234375 0.652083 0.0234375 0.645833 0.0171875 0.6375 0.0203125 0.633333 0.0234375 0.633333 0.025 0.63125 0.028125 0.63125 0.0296875 0.633333 0.03125 0.633333 0.0328125 0.635417 0.0328125 0.63125 0.034375 0.629167 0.034375 0.627083 0.0375 0.622917 0.0390625 0.622917 0.0390625 0.620833 0.040625 0.61875 0.040625 0.616667 0.0453125 0.610417 0.0515625 0.610417 0.0515625 0.589583 0.046875 0.589583 0.04375 0.585417 0.04375 0.579167 0.259218
