0 0.229500 0.512889
0 0.139000 0.473778
0 0.469000 0.233778
0 0.149000 0.509333
0 0.825250 0.461333
0 0.197500 0.531556 0.186750 0.528889
0 0.100500 0.073778
0 0.081500 0.492889 0.084500 0.468444
0 0.949750 0.450667
0 0.232750 0.470222
0 0.146500 0.477333
0 0.170500 0.482667
0 0.109250 0.648000
0 0.703500 0.463111
0 0.088500 0.365333
0 0.584250 0.102222
0 0.144500 0.315556
0 0.068250 0.468444
0 0.048500 0.468444
0 0.140250 0.552444 0.138750 0.543111 0.130250 0.543111
0 0.097250 0.578667
0 0.014500 0.464889
0 0.305750 0.427556
0 0.038750 0.466667
0 0.133500 0.500444
0 0.994250 0.445333
0 0.276000 0.431111
0 0.600500 0.464889 0.596500 0.464889
0 0.227750 0.639111
0 0.426750 0.415111
0 0.323500 0.432889
0 0.188500 0.507556
0 0.850250 0.466667
0 0.281750 0.456000
0 0.110500 0.473778
0 0.160500 0.479111 0.154500 0.479111
0 0.274250 0.649778
0 0.195250 0.502222
0 0.603500 0.702667 0.607250 0.669333
0 0.070250 0.552000
0 0.590500 0.461333
0 0.269500 0.605333
0 0.647500 0.568000 0.651000 0.543111
0 0.440250 0.424000
0 0.022500 0.494667 0.040750 0.489778
0 0.122250 0.479111
0 0.204250 0.614222
0 0.172750 0.576889
0 0.675500 0.443556
0 0.775500 0.463111
0 0.831500 0.466667
0 0.488250 0.475556
0 0.199500 0.486222
0 0.805500 0.461333
0 0.100000 0.490667 0.103500 0.472000 0.097500 0.472000
0 0.295000 0.518222
0 0.540000 0.464889
0 0.210500 0.655111
0 0.053000 0.602667 0.051500 0.578667
0 0.293250 0.624889 0.286500 0.624889
0 0.292750 0.597333 0.296750 0.585778
0 0.072250 0.527111 0.066500 0.527111
0 0.075500 0.466667
0 0.211000 0.434667
0 0.760500 0.472444 0.760500 0.463556 0.763000 0.459556
0 0.216250 0.491111 0.220000 0.466667
0 0.099750 0.581333 0.097500 0.550222
0 0.413000 0.573333
0 0.430500 0.544889
0 0.010250 0.534222
0 0.335500 0.530222 0.351250 0.527111 0.340000 0.508889 0.337000 0.508444 0.340250 0.500444
0 0.255500 0.581333 0.253000 0.543111
0 0.571500 0.651556
0 0.316500 0.658667
0 0.233750 0.614222
0 0.308500 0.481778 0.319250 0.452444
0 0.399500 0.589333
0 0.719000 0.505778
0 0.070250 0.495111
0 0.270750 0.606667 0.263500 0.580444
0 0.616250 0.539556
0 0.208250 0.544000 0.197500 0.541333
0 0.797250 0.471111 0.789500 0.466667
0 0.296750 0.456000
0 0.879250 0.496889
0 0.843000 0.479111
0 0.840500 0.608889
0 0.384000 0.457778
0 0.887750 0.606667 0.890250 0.573333 0.881500 0.573333
0 0.300000 0.539556
0 0.183000 0.596444
0 0.262750 0.632000
0 0.279750 0.543556
0 0.925250 0.514667
0 0.066750 0.594667
0 0.604250 0.534222
0 0.301500 0.464889
0 0.509000 0.473778
0 0.916000 0.715556
0 0.454500 0.660000 0.457000 0.623111
0 0.085000 0.502222
0 0.114000 0.505778
0 0.276750 0.486222
0 0.079000 0.616000
0 0.348000 0.523556
0 0.961250 0.495111
0 0.229250 0.662222
0 0.282250 0.644444
0 0.371500 0.500444
0 0.645750 0.536000
0 0.693500 0.705333 0.693500 0.683556
0 0.360500 0.470222
0 0.024500 0.463111
0 0.791250 0.646222
0 0.123750 0.528889 0.119500 0.528889
0 0.025750 0.546667
0 0.244500 0.472000
0 0.300500 0.488000 0.287750 0.488000
0 0.279000 0.628444
0 0.535000 0.664000
0 0.098250 0.505778
0 0.216000 0.655111
0 0.174500 0.511111
0 0.055250 0.612444
0 0.617250 0.622667 0.621250 0.620889 0.620250 0.619111 0.617000 0.605333 0.627250 0.584444 0.620500 0.578667
0 0.586000 0.516444
0 0.162000 0.517778 0.158500 0.511111
0 0.963250 0.655111
0 0.216500 0.537333 0.219750 0.512889
0 0.208750 0.512889
0 0.406500 0.477333
0 0.742750 0.468444
0 0.662250 0.694222
0 0.160500 0.559111
0 0.148250 0.600000
0 0.802000 0.464889
0 0.953000 0.541778 0.932000 0.532444 0.928500 0.532444
0 0.783250 0.573333
0 0.920000 0.498667
0 0.018250 0.587556
0 0.612500 0.617778
0 0.088500 0.498667
0 0.696000 0.585333 0.678750 0.583556 0.680000 0.560889
0 0.284250 0.445333
0 0.669250 0.482667
0 0.493250 0.452444
0 0.557500 0.542667 0.544250 0.516444
0 0.204250 0.650222 0.204250 0.644444 0.190500 0.621333
0 0.688750 0.596444
0 0.348250 0.461333
0 0.041000 0.548444
0 0.785250 0.682667
0 0.767250 0.569333 0.755500 0.560889
0 0.375500 0.653333
0 0.359500 0.596444
0 0.527250 0.473778
0 0.920250 0.608889
0 0.595750 0.573333 0.596000 0.544889
0 0.153250 0.564444
0 0.244250 0.580444
0 0.608250 0.635556
0 0.585250 0.482667
0 0.423250 0.596444
0 0.563500 0.672889
0 0.681000 0.660444
0 0.246750 0.655111
0 0.689000 0.651556
0 0.257500 0.480889
0 0.184500 0.649778
0 0.276500 0.605333
0 0.793250 0.596444 0.785500 0.596444
0 0.160250 0.582222
0 0.495000 0.486222
0 0.308500 0.543111
0 0.807250 0.584000
0 0.977000 0.674222
0 0.316000 0.505778
0 0.194250 0.578667
0 0.353750 0.560889
0 0.307500 0.585778
0 0.962250 0.552000 0.956500 0.548444
0 0.886500 0.550222
0 0.045500 0.558667 0.049000 0.546667
0 0.512500 0.676444
0 0.286750 0.665778
0 0.210000 0.637333
0 0.334250 0.440000
0 0.514500 0.681333 0.497750 0.633778
0 0.471250 0.502222 0.478500 0.477333
0 0.819750 0.560889
0 0.655500 0.682667
0 0.644500 0.504000
0 0.080000 0.575111
0 0.286250 0.620444 0.287000 0.615556 0.284500 0.608889
0 0.988250 0.493333
0 0.307000 0.669333
0 0.447500 0.457778
0 0.258500 0.431111
0 0.481000 0.665333 0.477500 0.644444
0 0.265500 0.568000
0 0.166250 0.541333
0 0.435500 0.447111
0 0.398500 0.456000
0 0.552750 0.468444
0 0.448500 0.588000 0.450250 0.562667
0 0.384500 0.635556
0 0.682250 0.565333 0.680250 0.534222
0 0.450750 0.658667
0 0.930000 0.544889 0.921000 0.544889
0 0.085500 0.550222
0 0.110500 0.553778
0 0.767750 0.561778 0.750250 0.544889
0 0.445500 0.615111 0.444500 0.576889
0 0.451750 0.527111 0.441500 0.527111
0 0.833250 0.689778 0.832000 0.651556
0 0.429000 0.682667
0 0.441000 0.619556
0 0.919500 0.637333
0 0.074000 0.640889
0 0.184500 0.486222
0 0.484500 0.624000 0.488250 0.600000 0.484500 0.600000
0 0.440500 0.546667
0 0.468500 0.591111
0 0.115000 0.532444
0 0.823000 0.683556
0 0.972500 0.713778
0 0.635000 0.459556
0 0.387500 0.566222 0.390500 0.539556
0 0.220750 0.601778
0 0.499000 0.580444
0 0.825250 0.502222
0 0.914000 0.678222
0 0.256250 0.644444
0 0.292750 0.479111
0 0.565250 0.497333 0.572750 0.480889
0 0.595750 0.611111 0.607000 0.590667 0.595250 0.587556
0 0.578750 0.594667
0 0.141000 0.507556
0 0.179500 0.539556
0 0.300000 0.642667
0 0.758250 0.456000
0 0.259500 0.563111 0.267750 0.548444
0 0.392000 0.514667
0 0.771250 0.701778 0.778250 0.678222 0.768500 0.678222
0 0.327000 0.480889 0.313750 0.480889
0 0.702000 0.605333
0 0.772250 0.684000 0.768500 0.656889
0 0.887500 0.715556
0 0.804500 0.525333
0 0.408750 0.456000
0 0.018500 0.530667
0 0.031500 0.573333
0 0.199500 0.611556 0.185500 0.580444
0 0.858500 0.605333
0 0.016500 0.493333
0 0.573500 0.623111
0 0.544500 0.565778 0.562250 0.561778 0.546750 0.543111
0 0.100750 0.088444
0 0.214500 0.632000
0 0.351000 0.499556 0.349500 0.493333
0 0.509000 0.612444
0 0.560500 0.624889
0 0.456500 0.528889 0.465000 0.502222
0 0.747500 0.697778
0 0.235500 0.511111
0 0.662000 0.461333
0 0.949000 0.520000 0.948750 0.509333
0 0.091000 0.528889
0 0.081500 0.596444
0 0.271750 0.470222
0 0.021000 0.587556 0.032250 0.568000 0.017500 0.568000
0 0.900250 0.582222
0 0.264750 0.498667 0.257750 0.498667
0 0.945500 0.544444 0.962750 0.530667
0 0.323250 0.616000 0.320250 0.616000
0 0.175500 0.617778
0 0.108500 0.603556 0.090500 0.603556
0 0.410500 0.646667 0.412000 0.629333 0.416000 0.614222
0 0.667250 0.659556 0.671250 0.639111
0 0.411000 0.427556
0 0.234000 0.443556
0 0.146500 0.534222
0 0.044750 0.575111
0 0.474000 0.561778 0.470500 0.532444
0 0.740000 0.505778
0 0.060250 0.552000
0 0.485250 0.502222
0 0.436500 0.598222
0 0.604500 0.619556
0 0.958000 0.459556
0 0.100500 0.528889
0 0.579750 0.678222
0 0.875250 0.456000
0 0.482500 0.482667 0.470250 0.480889 0.467500 0.480889 0.469750 0.461333
0 0.895500 0.502222
0 0.771500 0.703111
0 0.945250 0.707556 0.950250 0.705333 0.931500 0.701333
0 0.653750 0.569778 0.647000 0.569778
0 0.410500 0.507556
0 0.306500 0.646222
0 0.261500 0.518222
0 0.598500 0.680000
0 0.081500 0.528889
0 0.552500 0.682667
0 0.882500 0.682667
0 0.909000 0.662667 0.909000 0.642667
0 0.500250 0.536000 0.490500 0.536000
0 0.869750 0.562667
0 0.947000 0.576889
0 0.311500 0.566222
0 0.739750 0.632000 0.727500 0.632000
0 0.719250 0.493333
0 0.211500 0.489778
0 0.303500 0.680444 0.293500 0.667556
0 0.557500 0.653333
0 0.750000 0.649778
0 0.233500 0.572444 0.224250 0.537778
0 0.678250 0.478667 0.685250 0.468889 0.689250 0.457778
0 0.719500 0.629778 0.711500 0.624889
0 0.105500 0.580444
0 0.669500 0.514667
0 0.654250 0.649778
0 0.517250 0.499111
0 0.069500 0.580444
0 0.945500 0.477333
0 0.354250 0.518222
0 0.974000 0.507556 0.975750 0.493333
0 0.610500 0.472000
0 0.847500 0.584000 0.840500 0.559111
0 0.862500 0.556000 0.881250 0.532889 0.887000 0.530667 0.879000 0.530667 0.862500 0.530667
0 0.328000 0.646222
0 0.065500 0.624889
0 0.701750 0.502222
0 0.663500 0.685333
0 0.374250 0.466667
0 0.980500 0.457778
0 0.690500 0.486222
0 0.588250 0.623111
0 0.695500 0.696000
0 0.546500 0.636889 0.551500 0.612444
0 0.369750 0.662222
0 0.191250 0.631556 0.192500 0.628889 0.185250 0.612444
0 0.344500 0.576000 0.344000 0.552000 0.336250 0.552000
0 0.698000 0.630222 0.691500 0.630222
0 0.278250 0.445333
0 0.140500 0.662222
0 0.216250 0.607111
0 0.741000 0.699111 0.754250 0.672889 0.743250 0.665778
0 0.527250 0.560889
0 0.592000 0.569778
0 0.301500 0.495111
0 0.363000 0.534222
0 0.287500 0.649778
0 0.524750 0.463111
0 0.312000 0.628000 0.305500 0.608889
0 0.566250 0.595556 0.562250 0.595556 0.559500 0.592889 0.561000 0.585778 0.573000 0.568000 0.569000 0.568000 0.559500 0.568000
0 0.135000 0.651556
0 0.754500 0.521778
0 0.229250 0.576889 0.224500 0.576889
0 0.327000 0.568000
0 0.647500 0.592889 0.637250 0.580889 0.647750 0.578667
0 0.435250 0.466222 0.421250 0.456000
0 0.616500 0.662222
0 0.331500 0.644000 0.336250 0.612444
0 0.356000 0.453333 0.353000 0.440000
0 0.537250 0.579556 0.536250 0.560889
0 0.256500 0.628444
0 0.657250 0.528889
0 0.844250 0.580444
0 0.832500 0.621333
0 0.260500 0.456000
0 0.856500 0.505778
0 0.923000 0.580444
0 0.895000 0.545778 0.907250 0.527111 0.891500 0.527111
0 0.468500 0.456000
0 0.754250 0.708444
0 0.840500 0.530667
0 0.408000 0.640889
0 0.669000 0.642222 0.656500 0.641778 0.661750 0.613333
0 0.425500 0.479111
0 0.734500 0.551556 0.740750 0.539556
0 0.769250 0.918667
0 0.442250 0.658667
0 0.383750 0.544000 0.373500 0.541333
0 0.806500 0.516000 0.812000 0.509333
0 0.525250 0.530667
0 0.587500 0.696000
0 0.512500 0.534222
0 0.407750 0.610667
0 0.714500 0.692444
0 0.884500 0.648000 0.886500 0.624889
0 0.473500 0.598222
0 0.488500 0.623111
0 0.830500 0.596889 0.837500 0.588889 0.830500 0.571111 0.844500 0.566222 0.833750 0.566222
0 0.388500 0.596444
0 0.732250 0.683556
0 0.241500 0.544000 0.236750 0.523556
0 0.574000 0.476889 0.575750 0.461333
0 0.775250 0.564444 0.773500 0.552000
0 0.316500 0.645778 0.300500 0.619556
0 0.221000 0.537778 0.216250 0.530667
0 0.363250 0.511111
0 0.950500 0.715556
0 0.396250 0.637333
0 0.366500 0.443556
0 0.423500 0.600000 0.427000 0.568000
0 0.526500 0.493333
0 0.720500 0.544889
0 0.720500 0.504000
0 0.595500 0.646222
0 0.625500 0.468444
0 0.157250 0.610667 0.153500 0.610667
0 0.644500 0.682667
0 0.536500 0.672000 0.539250 0.670667 0.532250 0.649778
0 0.220250 0.575111
0 0.251250 0.642667 0.239500 0.642667
0 0.779000 0.508444 0.768000 0.489778
0 0.579500 0.596889 0.581500 0.576889
0 0.108000 0.502222
0 0.793250 0.712000
0 0.655500 0.495111
0 0.340500 0.434667
0 0.937250 0.620000 0.926000 0.613778 0.922000 0.585333 0.923000 0.580444
0 0.140500 0.505778
0 0.772250 0.584000
0 0.930250 0.496889
0 0.353750 0.543111
0 0.256000 0.452444
0 0.899000 0.616444
0 0.090500 0.644444
0 0.460500 0.570667 0.460500 0.559111
0 0.902250 0.452444
0 0.905250 0.672000 0.892500 0.635556
0 0.322250 0.541333
0 0.926500 0.457778
0 0.051500 0.520444 0.051500 0.493333
0 0.622750 0.448889
0 0.546750 0.493333
0 0.666000 0.608889 0.669000 0.596444
0 0.838000 0.672000
0 0.345750 0.571556 0.338500 0.571556
0 0.066500 0.618222 0.064250 0.616889 0.056750 0.600000
0 0.819000 0.708444
0 0.150500 0.656889
0 0.387250 0.596000 0.403000 0.572889 0.391250 0.567556 0.402750 0.562667
0 0.539500 0.630222
0 0.609750 0.456000
0 0.212250 0.591111
0 0.937000 0.456000
0 0.751750 0.614222
0 0.998250 0.525333
0 0.389500 0.616000 0.384500 0.616000
0 0.907000 0.596444
0 0.496500 0.625778 0.497750 0.604444
0 0.716250 0.015556
0 0.832500 0.715556
0 0.970250 0.584000
0 0.768000 0.692444
0 0.717000 0.684444 0.731500 0.678222 0.716250 0.672000 0.718750 0.667556
0 0.400500 0.550222
0 0.550500 0.624000 0.545250 0.613778 0.542500 0.598222
0 0.972250 0.623111
0 0.384500 0.517333 0.384500 0.495111
0 0.458250 0.452444
0 0.572250 0.620444 0.562250 0.598222
0 0.372000 0.596889 0.367500 0.592889
0 0.057750 0.549778 0.054500 0.528889
0 0.049500 0.523556
0 0.980750 0.557333 0.972250 0.557333
0 0.983500 0.682667
0 0.430750 0.633778
0 0.410500 0.600000
0 0.010500 0.504444 0.014750 0.502222 0.012000 0.502222
0 0.805500 0.715556
0 0.730500 0.581778 0.737000 0.557333
0 0.256000 0.530667
0 0.259500 0.568000
0 0.726250 0.514667 0.723500 0.514667
0 0.872750 0.480889
0 0.719500 0.629778 0.729250 0.621333
0 0.602250 0.628444
0 0.855000 0.496889
0 0.452750 0.600000
0 0.150500 0.660000 0.153000 0.639111
0 0.968750 0.512889
0 0.973250 0.456000
0 0.643750 0.619556
0 0.540500 0.664000
0 0.518250 0.614222
0 0.384500 0.585778
0 0.284500 0.495111
0 0.798500 0.701333
0 0.684750 0.495111
0 0.956250 0.498667
0 0.926250 0.457778 0.912500 0.457778
0 0.239250 0.617333 0.229500 0.598222
0 0.530500 0.534222
0 0.764500 0.715556
0 0.551500 0.553778
0 0.574000 0.642667
0 0.242750 0.614222
0 0.904750 0.548000 0.902500 0.521778
0 0.637500 0.682667
0 0.598250 0.610667
0 0.669500 0.596444 0.664750 0.564444
0 0.303250 0.590667 0.297000 0.567556 0.300000 0.567111 0.295250 0.564444
0 0.981750 0.617778
0 0.178000 0.564444
0 0.955500 0.584000
0 0.131500 0.527111
0 0.898750 0.690667
0 0.840500 0.646222
0 0.630750 0.655111
0 0.537500 0.657333 0.529000 0.637333
0 0.334500 0.640889
0 0.582750 0.656889
0 0.885500 0.653333
0 0.214500 0.623111
0 0.950500 0.628444
0 0.329250 0.547111 0.327500 0.518222
0 0.542250 0.507556
0 0.527500 0.594667
0 0.137500 0.622222 0.134500 0.603556
0 0.034500 0.632000
0 0.581750 0.120000
0 0.304500 0.518222
0 0.576500 0.555556
0 0.930500 0.603111 0.930500 0.585778
0 0.148500 0.602222 0.151500 0.587556
0 0.035750 0.528889 0.031500 0.520000
0 0.739000 0.697778
0 0.006500 0.521778
0 0.992750 0.594667
0 0.936500 0.682667
0 0.411000 0.559111
0 0.506500 0.512889
0 0.590500 0.498667
0 0.768500 0.514667
0 0.128500 0.632000
0 0.526250 0.552000 0.514000 0.552000
0 0.174750 0.630222 0.164750 0.630222
0 0.193000 0.562667 0.185500 0.562667
0 0.847500 0.715556
0 0.603000 0.667556
0 0.220000 0.560889 0.215000 0.560889
0 0.516750 0.656889
0 0.800250 0.521778
0 0.857750 0.639111
0 0.748750 0.457778
0 0.698500 0.584000
