0 0.180750 0.720000
0 0.389250 0.530667
0 0.421250 0.530667
0 0.191250 0.833778
0 0.294000 0.841778
0 0.343000 0.828889 0.372250 0.814222 0.374500 0.812000 0.373250 0.809333 0.361000 0.806222
0 0.271250 0.834667
0 0.411500 0.815111 0.398500 0.815111
0 0.322250 0.881778
0 0.911250 0.543111
0 0.990750 0.671111
0 0.378500 0.827556
0 0.031750 0.781778 0.036750 0.747556
0 0.542000 0.880889
0 0.650750 0.880889
0 0.307500 0.866222 0.324250 0.840000
0 0.194000 0.516444
0 0.315500 0.885333
0 0.401500 0.731556
0 0.404500 0.844444
0 0.295750 0.871111
0 0.395000 0.844444
0 0.733000 0.541333
0 0.410000 0.699556
0 0.209500 0.680000
0 0.569000 0.902222 0.563250 0.896000
0 0.878500 0.835556
0 0.611500 0.893333
0 0.166000 0.736000
0 0.429500 0.552000
0 0.212750 0.689333
0 0.340250 0.775111
0 0.278000 0.539556
0 0.595750 0.896000
0 0.262250 0.509333
0 0.162500 0.829333
0 0.538000 0.782222
0 0.979250 0.754667
0 0.712500 0.563556 0.721000 0.534222
0 0.637250 0.537778
0 0.244500 0.823111 0.244500 0.812000 0.254000 0.787556 0.244500 0.787556
0 0.466500 0.882667 0.443500 0.876889 0.442250 0.871556 0.445000 0.867556 0.440500 0.867556
0 0.213250 0.512889
0 0.405250 0.676444
0 0.185500 0.516444
0 0.414000 0.624889
0 0.700750 0.640889
0 0.113500 0.518222
0 0.474000 0.530667
0 0.414500 0.521778
0 0.754500 0.843111 0.756500 0.813333
0 0.534500 0.798222
0 0.401250 0.534222
0 0.969500 0.623111
0 0.402750 0.718222
0 0.662750 0.931556
0 0.805500 0.559111 0.811000 0.546667
0 0.714250 0.960000
0 0.876000 0.541778
0 0.233500 0.884444 0.225000 0.860444
0 0.489250 0.534222
0 0.797250 0.811556
0 0.535500 0.810667
0 0.574500 0.536444 0.582000 0.535556
0 0.237500 0.614222
0 0.518500 0.897778
0 0.562000 0.703556 0.537500 0.680000
0 0.538000 0.580444
0 0.117250 0.580444 0.101250 0.580444
0 0.347500 0.847111 0.312500 0.824000 0.329250 0.813333
0 0.705000 0.758222 0.709250 0.748444 0.698500 0.748444
0 0.639000 0.905778
0 0.988500 0.741333
0 0.117750 0.873778
0 0.617500 0.857333 0.617500 0.824889
0 0.978500 0.690667
0 0.128750 0.536000
0 0.704250 0.715556
0 0.230500 0.888889 0.234000 0.878222
0 0.772500 0.548444
0 0.454750 0.525333
0 0.202250 0.668444 0.211500 0.653333
0 0.592500 0.926222 0.613000 0.924444 0.589500 0.921778
0 0.702250 0.585778
0 0.149500 0.928889
0 0.637500 0.536000 0.623000 0.536000
0 0.358500 0.889778
0 0.539250 0.642667
0 0.980500 0.938667
0 0.343000 0.520000
0 0.919750 0.560889
0 0.270000 0.516444
0 0.057750 0.664000
0 0.787500 0.546667
0 0.207500 0.868889 0.216250 0.865778
0 0.559000 0.667556 0.553250 0.664889 0.547500 0.651556
0 0.742000 0.544889
0 0.376000 0.901778 0.390500 0.872000
0 0.353750 0.521778
0 0.606250 0.544000 0.603500 0.534222
0 0.062000 0.936000
0 0.286500 0.869333 0.276250 0.869333
0 0.107000 0.720889
0 0.709250 0.773778 0.717250 0.770667
0 0.696000 0.683556
0 0.768000 0.548444
0 0.682750 0.544889
0 0.695250 0.568444
0 0.914500 0.872889
0 0.397750 0.789333
0 0.545250 0.562667
0 0.187000 0.974222
0 0.532000 0.716444
0 0.191750 0.706667
0 0.729500 0.854667 0.743500 0.852444
0 0.038250 0.855556 0.021000 0.827556
0 0.039750 0.795556
0 0.389250 0.815111
0 0.719250 0.787556
0 0.121500 0.567111 0.113500 0.564444 0.120500 0.548444
0 0.025500 0.848889 0.045500 0.846222
0 0.715500 0.759111 0.709250 0.737333
0 0.156250 0.516444
0 0.991750 0.704889
0 0.233750 0.632000
0 0.528500 0.771556
0 0.161500 0.949333 0.198250 0.895556 0.165750 0.881778 0.179250 0.879111
0 0.567250 0.616444 0.567500 0.613333 0.544000 0.608444 0.551250 0.600000
0 0.408750 0.664000
0 0.394750 0.777778
0 0.043250 0.720000 0.030750 0.703111
0 0.967500 0.646222 0.972250 0.644000 0.969000 0.640000 0.977750 0.633778
0 0.374000 0.812444
0 0.522000 0.533778 0.515500 0.528889
0 0.533500 0.664000
0 0.413500 0.849778
0 0.490250 0.886222 0.488000 0.867556 0.489000 0.860444
0 0.400000 0.713778 0.397000 0.710222
0 0.395000 0.532889
0 0.354250 0.868444
0 0.414250 0.594667
0 0.292500 0.820444
0 0.578500 0.897778 0.611500 0.877778 0.578500 0.873778
0 0.987000 0.718222
0 0.227000 0.511111 0.222250 0.511111 0.215500 0.511111
0 0.512500 0.870222
0 0.775000 0.902667 0.783000 0.901778 0.768000 0.888889 0.800000 0.865778 0.779500 0.853778 0.814000 0.851556
0 0.595000 0.896889 0.574500 0.896889
0 0.348000 0.876000 0.348500 0.828444
0 0.684500 0.963111 0.714750 0.927111 0.684500 0.927111
0 0.570750 0.831111
0 0.101500 0.582222 0.115000 0.569778
0 0.359250 0.875556 0.361250 0.848889
0 0.062000 0.644889 0.068000 0.639111 0.061000 0.635556
0 0.392000 0.765333
0 0.968500 0.651556
0 0.583250 0.472000
0 0.317000 0.516444
0 0.459250 0.840000
0 0.155500 0.752889
0 0.530500 0.532889 0.530500 0.528889
0 0.725750 0.832000
0 0.432500 0.553778
0 0.153250 0.861333
0 0.014000 0.736889
0 0.405500 0.628444 0.409250 0.616000
0 0.399250 0.758222 0.391500 0.756889 0.393500 0.747556
0 0.223500 0.642667
0 0.860500 0.541333
0 0.702250 0.841778
0 0.788250 0.966222 0.778000 0.958667 0.772500 0.953333 0.817250 0.951556 0.787250 0.904000
0 0.173250 0.516444
0 0.528250 0.758222 0.529250 0.743111
0 0.353500 0.838222
0 0.056250 0.732444 0.032000 0.715556
0 0.228000 0.527111 0.231500 0.520000
0 0.541500 0.633778
0 0.347000 0.876444 0.343000 0.876444 0.329500 0.876444
0 0.204250 0.904000
0 0.557250 0.473778
0 0.149000 0.747556
0 0.130500 0.560000 0.121500 0.557333
0 0.001750 0.838222
0 0.010250 0.806222
0 0.994250 0.781333
0 0.168500 0.505778
0 0.869000 0.868444
0 0.529750 0.544889
0 0.413000 0.639111
0 0.447500 0.537778
0 0.700750 0.726222
0 0.145500 0.512889
0 0.741500 0.938667 0.740500 0.911111
0 0.477000 0.910222
0 0.000000 0.764444
0 0.412500 0.585778
0 0.905500 0.948444
0 0.763500 0.896889
0 0.153500 0.782222
0 0.637750 0.880000
0 0.891000 0.949333
0 0.038750 0.834667
0 0.088250 0.592889
0 0.412250 0.656889
0 0.203000 0.889333 0.198250 0.883111 0.210000 0.876444 0.194500 0.874222 0.197250 0.869333
0 0.358750 0.523556
0 0.313000 0.528889
0 0.877500 0.537778
0 0.206500 0.828444 0.206500 0.812444
0 0.541250 0.936000 0.530750 0.936000
0 0.983000 0.729778
0 0.052000 0.525333
0 0.171500 0.832889 0.159750 0.804444 0.150500 0.804444
0 0.699000 0.549778 0.696500 0.541333
0 0.432500 0.564444
0 0.542500 0.519556 0.542500 0.466667
0 0.433500 0.575111
0 0.157750 0.759111
0 0.403250 0.692444
0 0.084750 0.617333 0.076500 0.610222 0.078500 0.603556
0 0.641000 0.853333
0 0.688000 0.530667
0 0.589250 0.514667
0 0.967750 0.616000 0.958000 0.606667 0.968750 0.603556 0.959750 0.603556
0 0.697500 0.601778
0 0.409000 0.699556
0 0.762000 0.850222 0.759750 0.841778 0.733500 0.841778
0 0.419500 0.543111
0 0.428500 0.543556 0.435750 0.521778
0 0.568750 0.553778 0.571250 0.553333 0.562500 0.553333 0.566250 0.532444
0 0.202500 0.832000
0 0.222750 0.820444
0 0.061250 0.644444
0 0.763750 0.864000 0.753500 0.864000
0 0.541000 0.708000 0.536000 0.696000
0 0.561250 0.864000
0 0.107000 0.790222
0 0.379000 0.530667
0 0.000500 0.822222
0 0.282250 0.886667 0.264000 0.881778
0 0.324500 0.875111 0.331500 0.874222 0.352250 0.866222 0.333250 0.863111
0 0.615250 0.930667 0.605500 0.930667
0 0.825250 0.552444
0 0.416000 0.605333
0 0.531750 0.736444 0.535000 0.725333
0 0.002500 0.725333
0 0.720750 0.806222
0 0.666250 0.852444 0.661250 0.852444
0 0.544250 0.589333
0 0.001000 0.810222 0.004500 0.780889
0 0.385750 0.744889
0 0.144500 0.535111 0.152000 0.532444 0.154250 0.518222
0 0.557000 0.544889
0 0.082000 0.941333 0.042500 0.921333 0.062000 0.917333 0.046500 0.917333
0 0.256000 0.872889
0 0.071750 0.777778
0 0.042000 0.683556
0 0.890500 0.550222 0.885000 0.550222 0.881250 0.550222
0 0.458250 0.542222 0.457500 0.537778
0 0.527250 0.757333
0 0.897500 0.983111
0 0.166250 0.505333 0.160500 0.495111
0 0.733000 0.831111
0 0.728250 0.842222 0.731500 0.825333 0.732250 0.819556 0.705500 0.819556
0 0.563250 0.436444
0 0.404500 0.885778 0.420250 0.861333
0 0.628500 0.941333
0 0.144500 0.788444
0 0.807750 0.842667
0 0.862500 0.899111 0.863500 0.872889
0 0.932500 0.571556
0 0.568000 0.584000
0 0.533000 0.911111
0 0.764000 0.837333
0 0.483500 0.895111
0 0.400750 0.802667
0 0.507250 0.860000 0.507250 0.847111 0.464750 0.839556 0.492750 0.820444 0.472250 0.820444
0 0.165000 0.765333 0.155500 0.765333
0 0.200000 0.808889
0 0.381500 0.525333
0 0.583000 0.864889
0 0.371000 0.865778
0 0.640000 0.947556
0 0.574500 0.860889 0.573750 0.859111 0.567500 0.847111
0 0.628500 0.470222
0 0.156500 0.514667
0 0.841000 0.847111 0.838500 0.844444
0 0.052750 0.905778
0 0.662750 0.550222 0.656500 0.536000
0 0.241000 0.862222
0 0.018500 0.552000
0 0.690500 0.564889 0.701750 0.560889 0.700250 0.560889 0.697250 0.560889 0.693500 0.557333
0 0.918750 0.543111
0 0.660750 0.865778
0 0.875000 0.829778 0.857500 0.825778 0.863750 0.820444
0 0.391500 0.755556 0.388500 0.755556
0 0.198250 0.718667 0.194500 0.697778
0 0.260750 0.845333
0 0.571000 0.884444
0 0.165500 0.525333
0 0.096500 0.898667 0.093250 0.896889 0.094000 0.886222 0.077500 0.886222
0 0.686000 0.845333
0 0.048500 0.853333 0.051750 0.843556
0 0.285000 0.528889
0 0.167250 0.530667 0.166750 0.521778
0 0.840000 0.555556
0 0.534500 0.525333
0 0.547250 0.974222 0.534500 0.972889 0.553750 0.917333
0 0.134000 0.509333
0 0.377500 0.543111 0.371250 0.527111
0 0.069000 0.624444 0.092250 0.621778 0.091500 0.617778 0.075750 0.617778
0 0.653250 0.537778
0 0.656500 0.878222
0 0.000500 0.594667 0.000500 0.582222
0 0.371500 0.523556
0 0.538000 0.706667
0 0.947000 0.922667 0.953000 0.921778 0.930500 0.908889 0.967500 0.894667 0.933250 0.874667
0 0.137500 0.827556
0 0.035000 0.516444
0 0.503000 0.853778 0.500000 0.852889 0.493500 0.847111
0 0.534000 0.873778
0 0.442500 0.463111
0 0.052250 0.796000 0.060000 0.786667
0 0.232250 0.868444 0.254250 0.867111 0.229500 0.861333 0.241750 0.835556
0 0.088750 0.505778
0 0.384000 0.830222
0 0.725500 0.992000
0 0.501250 0.534222
0 0.602500 0.891111 0.618250 0.877333 0.602500 0.855111
0 0.077500 0.511111
0 0.005250 0.596444
0 0.281000 0.520000
0 0.433250 0.836444
0 0.209000 0.818222 0.222250 0.812889 0.183250 0.772444
0 0.647500 0.870222
0 0.435000 0.830222
0 0.415250 0.663111 0.413250 0.649778
0 0.121000 0.794667 0.099250 0.781333
0 0.855750 0.534222
0 0.817250 0.997778 0.817000 0.974222
0 0.285500 0.872889
0 0.672500 0.459556
0 0.141250 0.507556
0 0.593500 0.552889 0.596750 0.540000 0.608250 0.536000 0.593500 0.536000
0 0.523250 0.851111 0.555500 0.850222 0.520500 0.848000 0.530750 0.825778
0 0.945500 0.585778
0 0.529500 0.735111
0 0.783000 0.969778 0.774500 0.958222 0.742500 0.951111 0.758500 0.928000
0 0.826500 0.541778
0 0.184000 0.505778
0 0.948500 0.599556 0.961000 0.591111
0 0.186750 0.835556
0 0.026250 0.512889
0 0.530250 0.913778 0.530250 0.896889
0 0.853500 0.943111 0.859250 0.920000
0 0.080000 0.518222
0 0.252500 0.512889
0 0.951500 0.944444 0.957250 0.939111 0.955500 0.935556 0.966500 0.920000
0 0.687000 0.894222 0.680500 0.881333 0.708250 0.864889
0 0.101500 0.516444
0 0.914250 0.925333
0 0.539500 0.624889
0 0.194500 0.683556
0 0.504000 0.901333 0.508500 0.885333
0 0.520750 0.892444 0.508250 0.870222
0 0.990500 0.455111
0 0.919000 0.582222
0 0.053250 0.505778
0 0.449500 0.903111
0 0.065250 0.523556
0 0.142750 0.864889
0 0.133500 0.875556
0 0.128000 0.569778
0 0.145500 0.884444
0 0.387500 0.527111
0 0.098250 0.736889
0 0.759000 0.902667 0.767500 0.902222 0.759250 0.891111 0.768000 0.877333
0 0.138250 0.806667 0.142000 0.806222 0.128000 0.784000
0 0.693500 0.610667
0 0.741250 0.816000 0.737250 0.816000
0 0.974500 0.455111
0 0.037250 0.914667
0 0.924000 0.557778 0.949250 0.555111 0.945250 0.548444 0.922500 0.548444
0 0.130500 0.507556
0 0.854750 0.557333
0 0.619500 0.919556 0.624000 0.906667 0.621500 0.906222 0.628500 0.892444
0 0.977750 0.877333
0 0.242000 0.520000
0 0.543250 0.534667 0.551000 0.530667
0 0.839750 0.864000
0 0.017500 0.548444
0 0.066500 0.511111
0 0.820750 0.975111 0.795250 0.967111
0 0.320750 0.530667
0 0.538000 0.724444
0 0.588750 0.459556
0 0.716000 0.624889 0.691500 0.624889
0 0.087500 0.626667 0.067250 0.626667
0 0.308500 0.520000
0 0.172500 0.942667
0 0.551500 0.771556
0 0.116000 0.838667 0.097250 0.838667
0 0.948750 0.560889 0.934500 0.560889
0 0.930500 0.544889
0 0.545250 0.575111
0 0.414500 0.571556
0 0.058000 0.882667
0 0.019500 0.780444
0 0.000500 0.511111
0 0.668500 0.532444
0 0.847750 0.904889 0.847000 0.899556 0.859000 0.861333 0.843000 0.861333
0 0.607750 0.908444
0 0.721250 0.944889
0 0.534500 0.918667 0.534500 0.906667
0 0.879000 0.927111 0.880500 0.914222 0.870500 0.911111
0 0.645000 0.469778 0.644000 0.463556 0.644250 0.456000
0 0.472750 0.888889
0 0.542000 0.864000
0 0.279250 0.828444
0 0.503500 0.532444
0 0.230750 0.805333
0 0.329000 0.512889
0 0.049500 0.818667
0 0.543500 0.555556
0 0.022000 0.521333 0.009000 0.514667 0.004500 0.514667
0 0.116750 0.811556
0 0.687500 0.911111 0.676500 0.911111
0 0.903250 0.920000
0 0.056500 0.845333 0.089250 0.838667 0.058000 0.808000
0 0.840000 0.911111
0 0.082500 0.818222 0.103750 0.816000 0.082500 0.806667 0.085500 0.800000 0.086750 0.793778
0 0.289500 0.518222
0 0.865000 0.534222
0 0.696000 0.671111
0 0.419250 0.762667 0.403750 0.762667
0 0.591500 0.456000
0 0.587500 0.849778
0 0.568500 0.456000
0 0.123750 0.511111
0 0.553500 0.555111 0.545750 0.553333 0.544250 0.548444 0.541500 0.544889 0.549250 0.541333
0 0.423000 0.463111
0 0.487500 0.528889
0 0.460500 0.472000
0 0.428750 0.664000
0 0.101500 0.505778
0 0.239750 0.807111
0 0.541250 0.918667 0.533500 0.912000
0 0.208500 0.832889 0.175250 0.813333
0 0.000500 0.813778
0 0.913500 0.909333
0 0.557250 0.860889 0.559000 0.854222 0.561000 0.849778
0 0.540500 0.520000
0 0.637000 0.950222 0.631500 0.950222
0 0.000500 0.719111
0 0.446500 0.527111
0 0.671500 0.532444
0 0.141750 0.505778
0 0.768000 0.564444
0 0.092250 0.891111 0.087750 0.882222 0.092500 0.880444 0.069500 0.874222 0.066500 0.870222 0.060500 0.870222
0 0.900000 0.919111 0.887500 0.905778 0.889250 0.901778 0.887500 0.875556 0.910750 0.873778 0.895000 0.870222
0 0.050000 0.512889
0 0.246000 0.755111
0 0.844000 0.959111 0.843250 0.928889
0 0.076500 0.612444
0 0.073500 0.523556
0 0.128000 0.532444
0 0.205750 0.511111
0 0.609500 0.456000
0 0.524500 0.464889
0 0.452500 0.853333
0 0.056500 0.509333
0 0.714000 0.880889
0 0.371750 0.876444
0 0.181000 0.882667 0.176250 0.866667
