0 0.148000 0.537778
0 0.864500 0.660444 0.842250 0.660444
0 0.866250 0.863111
0 0.871000 0.922667
0 0.565250 0.738667 0.585000 0.687111 0.565500 0.687111
0 0.868500 0.613778 0.875750 0.580444
0 0.048000 0.769778 0.042500 0.769778 0.007250 0.769778
0 0.485000 0.566222
0 0.073500 0.704889
0 0.939500 0.592889
0 0.853250 0.568000
0 0.142000 0.576889
0 0.382500 0.619556
0 0.428000 0.552000
0 0.840750 0.630222
0 0.385500 0.600000
0 0.384000 0.560889
0 0.272750 0.546667
0 0.307750 0.972444
0 0.829750 0.692444
0 0.579250 0.620000
0 0.340250 0.560889
0 0.596250 0.473778
0 0.521250 0.559111
0 0.613000 0.658667
0 0.847500 0.805333
0 0.321500 0.560889 0.304500 0.560889
0 0.603250 0.688889 0.574500 0.667556
0 0.640000 0.578667
0 0.379750 0.600000
0 0.985500 0.587556
0 0.329500 0.773778 0.346500 0.735111
0 0.416250 0.571556
0 0.280250 0.548444
0 0.531750 0.562667
0 0.457250 0.559111
0 0.554000 0.998667 0.571500 0.961778
0 0.216250 0.534222
0 0.871000 0.780000 0.855250 0.741333 0.840000 0.738667
0 0.557250 0.580444
0 0.840000 0.713778
0 0.041250 0.556889 0.053750 0.535556
0 0.863000 0.773333 0.850750 0.773333
0 0.608500 0.827556 0.604250 0.823556 0.588750 0.822667 0.556500 0.820444
0 0.037250 0.540444 0.040750 0.537778
0 0.709500 0.600444 0.745500 0.577333 0.721000 0.576889
0 0.392250 0.580444 0.384000 0.580444
0 0.912000 0.968889
0 0.302500 0.944889 0.290500 0.944889
0 0.768000 0.578667
0 0.348250 0.678222
0 0.223250 0.562667 0.255750 0.544889
0 0.822750 0.682667
0 0.381250 0.587556 0.371250 0.549333 0.365500 0.546667
0 0.865250 0.834667
0 0.603000 0.775556 0.601000 0.774667 0.599250 0.771556 0.563500 0.760000 0.567750 0.759556 0.572250 0.752889 0.574000 0.751556 0.565000 0.746667
0 0.580000 0.768889
0 0.326250 0.840889
0 0.347250 0.722667
0 0.565250 0.601778
0 0.026250 0.536000
0 0.840000 0.612444
0 0.005500 0.537778
0 0.793500 0.587556
0 0.353750 0.696000
0 0.358750 0.797333 0.327000 0.793778 0.340250 0.766222
0 0.366750 0.816000
0 0.598250 0.966222 0.604250 0.964444 0.584250 0.938222 0.606250 0.935111
0 0.317250 0.877333
0 0.315500 0.552000
0 0.299250 0.555556
0 0.003750 0.521778
0 0.384000 0.660444
0 0.130000 0.541333
0 0.385500 0.635556
0 0.416000 0.555556
0 0.798000 0.564444
0 0.913250 0.620889 0.934750 0.593333 0.888500 0.590222
0 0.031250 0.802667 0.020500 0.802667 0.000000 0.791111
0 0.581250 0.603556 0.577250 0.599111 0.593000 0.584000
0 0.355500 0.656889
0 0.310500 0.560889
0 0.347000 0.925333 0.325750 0.896889
0 0.589500 0.792889
0 0.050000 0.772889 0.051000 0.761333 0.065250 0.745778 0.024250 0.745778
0 0.427500 0.574667 0.436250 0.572889 0.452500 0.569778
0 0.349500 0.924444 0.331000 0.920000
0 0.331000 0.819556
0 0.556000 0.902667 0.595250 0.894222
0 0.601750 0.905333 0.553500 0.891111 0.592000 0.879111 0.557500 0.864000 0.591500 0.861778 0.596500 0.855556 0.593500 0.853778 0.606750 0.848889 0.584750 0.848889 0.561500 0.848889
0 0.576250 0.585333 0.562000 0.574667 0.560500 0.562667
0 0.605000 0.569778
0 0.776000 0.569778
0 0.181500 0.553778
0 0.000000 0.552000
0 0.076500 0.540000 0.084500 0.536889 0.074500 0.534222
0 0.405750 0.541333
0 0.239500 0.544000 0.239000 0.530667
0 0.147250 0.564444
0 0.331500 0.815556 0.311500 0.814667 0.320500 0.808444 0.339750 0.787556 0.320750 0.787556 0.318250 0.787556
0 0.383250 0.578667
0 0.007750 0.825778
0 0.319500 0.801778
0 0.037750 0.527111
0 0.648250 0.447111
0 0.000000 0.546667
0 0.614500 0.953778
0 0.657250 0.571111 0.655000 0.571111 0.665000 0.566222
0 0.302750 0.548444
0 0.675500 0.571556
0 0.570000 0.917333
0 0.479500 0.557333
0 0.823250 0.571556
0 0.029250 0.520000
0 0.643250 0.472889 0.640500 0.470222
0 0.085750 0.543111
0 0.580250 0.763556 0.594000 0.761778 0.606250 0.752889 0.567500 0.733333
0 0.000000 0.850667
0 0.840000 0.585778
0 0.494000 0.566222
0 0.674500 0.461333
0 0.577750 0.578667
0 0.328500 0.553778
0 0.622500 0.455111
0 0.577750 0.639111
0 0.921250 0.601778 0.926500 0.600889 0.881500 0.580444
0 0.118250 0.528889
0 0.678750 0.584000
0 0.526500 0.473778
0 0.826750 0.598222
0 0.683500 0.600889 0.715500 0.596444 0.691250 0.580000 0.695500 0.569778 0.683500 0.569778
0 0.768000 0.569778
0 0.642750 0.537778
0 0.207750 0.546667
0 0.212750 0.539556
0 0.000000 0.516444
0 0.438500 0.463111
0 0.384000 0.640889
0 0.558500 0.682667
0 0.640000 0.443556
0 0.399500 0.470222
0 0.885000 0.942667
0 0.193000 0.544889
0 0.387250 0.546667
0 0.640000 0.569778
0 0.459500 0.473778
0 0.333750 0.715556
0 0.596250 0.475556
0 0.785250 0.576889
0 0.737500 0.606667 0.737500 0.582222
0 0.445500 0.472000
0 0.554000 0.550222
0 0.978500 0.455111
0 0.640000 0.532444
0 0.467500 0.472000
0 0.626250 0.468444
0 0.512000 0.464889
0 0.105750 0.543111
0 0.537500 0.473778
