0 0.159000 0.926222
0 0.670750 0.884889 0.697500 0.881333 0.707250 0.879111 0.719250 0.876889 0.665250 0.876000 0.728000 0.862667 0.682500 0.794667 0.654500 0.794667
0 0.000000 0.800000 0.000000 0.716444
0 0.918750 0.883556
0 0.596500 0.876444
0 0.637250 0.960000
0 0.642500 0.951111 0.615500 0.924000 0.649750 0.865778
0 0.667250 0.938667 0.665000 0.932444 0.668250 0.924000
0 0.267500 0.794667 0.338250 0.766222 0.335250 0.766667 0.310250 0.749333
0 0.882000 0.755111
0 0.425000 0.706667 0.427500 0.695111 0.433000 0.660444 0.427000 0.660444
0 0.267750 0.494667
0 0.171500 0.425333 0.212000 0.417333 0.187500 0.379556 0.195000 0.324444
0 0.707000 0.802667 0.707500 0.708000 0.649000 0.704889 0.640750 0.704889
0 0.384000 0.682667
0 0.071500 0.603556 0.049500 0.574667 0.064750 0.513333 0.099000 0.486222 0.095000 0.486222 0.036750 0.486222
0 0.391000 0.696000
0 0.772500 0.502222
0 0.813000 0.692889
0 0.402000 0.557333
0 0.238250 0.897333 0.223750 0.820444
0 0.256000 0.621333
0 0.585250 0.546667
0 0.590000 0.920889
0 0.000000 0.651556
0 0.149250 0.900889
0 0.896500 0.513778 0.904500 0.496000 0.924250 0.481778 0.937500 0.466222
0 0.627250 0.515556
0 0.692500 0.972444
0 0.167500 0.820889 0.139250 0.815556 0.133000 0.760889
0 0.398500 0.456000
0 0.516000 0.601778 0.531250 0.598222 0.523000 0.598222
0 0.260000 0.807111
0 0.294250 0.993778 0.292500 0.988000 0.294250 0.926667 0.304000 0.900889 0.345000 0.881778 0.341500 0.881778 0.338250 0.881778 0.301000 0.881778
0 0.958750 0.456000
0 0.232000 0.710667 0.235500 0.702222 0.257250 0.682667
0 0.777500 0.850667 0.780000 0.843556
0 0.194750 0.564444
0 0.184250 0.764000 0.128000 0.715556
0 0.229500 0.757333 0.229250 0.715556 0.176500 0.715556
0 0.965250 0.719556 0.895500 0.716444
0 0.207750 0.919556 0.191000 0.898222 0.210250 0.888000 0.198500 0.864000 0.205000 0.861333 0.195000 0.859556 0.170500 0.859556 0.159500 0.859556
0 0.449250 0.937778
0 0.854750 0.493333
0 0.715500 0.685333
0 0.253750 0.512889 0.236500 0.369778
0 0.522500 0.597333 0.471250 0.526667 0.497500 0.505778
0 0.062750 0.758222
0 0.983250 0.696000
0 0.321250 0.739556 0.328250 0.716889 0.317500 0.715556
0 0.654000 0.862222
0 0.541750 0.869333
0 0.534500 0.998667 0.536500 0.967111
0 0.928750 0.776000
0 0.519000 0.597778 0.535000 0.592889
0 0.270250 0.763111 0.313250 0.761333 0.267500 0.682667
0 0.391500 0.680000
0 0.570750 0.518222
0 0.414250 0.801778
0 0.465250 0.468444
0 0.263500 0.935111 0.286250 0.932444 0.264250 0.932444
0 0.129500 0.888889 0.130500 0.848000
0 0.868250 0.893778 0.845500 0.803556
0 0.776000 0.825333 0.725500 0.824889 0.783500 0.813778 0.783250 0.744889 0.724500 0.740000 0.777500 0.728889 0.773000 0.728889 0.715250 0.728889
0 0.963500 0.813778 0.983000 0.772444 0.970750 0.772444
0 0.967000 0.736889
0 0.619500 0.705778 0.627000 0.692000 0.607500 0.688889
0 0.051750 0.732889 0.053000 0.729333 0.091250 0.706667 0.053250 0.706667
0 0.953500 0.786667
0 0.546750 0.758222 0.570000 0.733333 0.557250 0.733333 0.545500 0.733333
0 0.594500 0.539111 0.599000 0.509333
0 0.415250 0.880000
0 0.635250 0.746222 0.640500 0.732444
0 0.410500 0.509333
0 0.897000 0.959111 0.861000 0.940889 0.861250 0.898667
0 0.197750 0.880000
0 0.843000 0.685778 0.840500 0.682667
0 0.000000 0.782222
0 0.795250 0.988444
0 0.203250 0.709778 0.202750 0.706222 0.191250 0.656889
0 0.135250 0.380000
0 0.115000 0.468444
0 0.519500 0.602222 0.519250 0.599556 0.531500 0.552444 0.539750 0.550222 0.525750 0.550222
0 0.530500 0.944889 0.566250 0.915556
0 0.924500 0.967111
0 0.512000 0.940444
0 0.116000 0.764000 0.145250 0.691556 0.122500 0.690222 0.154250 0.685333 0.147250 0.685333 0.135000 0.685333
0 0.596000 0.860889 0.597500 0.856444 0.580000 0.832889 0.522250 0.816000 0.521250 0.795556 0.545250 0.789778 0.523500 0.784889 0.522250 0.757333 0.529750 0.756000 0.597750 0.745778 0.542750 0.745778
0 0.158250 0.808000
0 0.941000 0.526222
0 0.553500 0.559111
0 0.990500 0.948000 0.951750 0.939111 0.950500 0.934222
0 0.693500 0.941333
0 0.653000 0.651111 0.647250 0.636889 0.645500 0.632444 0.661250 0.628444 0.641500 0.627111 0.681750 0.614222
0 0.024500 0.699556
0 0.516000 0.706222 0.519250 0.700000 0.521000 0.698667 0.535000 0.678222 0.512000 0.678222
0 0.665750 0.965333
0 0.015500 0.575111 0.007000 0.530222
0 0.130750 0.491556
0 0.403250 0.628000 0.408750 0.624889 0.371000 0.588444 0.384250 0.587111 0.386500 0.575111 0.414250 0.565778 0.373500 0.565778 0.380250 0.561778 0.366250 0.554222 0.390250 0.552444 0.392500 0.539556 0.376000 0.539556 0.371250 0.539556 0.363500 0.539556
0 0.776000 0.850222 0.771500 0.796000 0.792500 0.791111
0 0.203250 0.979556
0 0.911750 0.539556
0 0.392750 0.892444 0.384000 0.892444
0 0.797000 0.749333
0 0.789500 0.728889 0.780750 0.715556 0.768500 0.715556
0 0.877000 0.868444
0 0.969000 0.918667 0.954500 0.914222 0.994750 0.874667 0.962000 0.874667 0.952500 0.874667
0 0.041250 0.993333 0.076250 0.990667 0.072500 0.987111 0.130500 0.953778 0.115750 0.909778 0.105250 0.902667 0.092750 0.888889 0.082750 0.888889 0.081000 0.888889 0.057250 0.888889
0 0.941500 0.964889 0.901000 0.906667
0 0.016250 0.940444 0.013000 0.917778 0.013000 0.915111 0.039250 0.893333 0.045250 0.885778 0.020250 0.884889 0.025250 0.867111 0.009750 0.860444
0 0.484250 0.900000 0.463250 0.897778 0.515000 0.886222 0.522000 0.859111 0.489250 0.803556 0.522250 0.802222 0.506750 0.801333 0.470500 0.798667 0.497750 0.797778 0.467000 0.796889 0.525250 0.777778 0.498250 0.777778 0.457750 0.777778
0 0.904750 0.703111 0.908250 0.701333 0.896500 0.696000
0 0.710000 0.828000
0 0.971000 0.620889 0.967250 0.613778 0.905000 0.611556 0.902500 0.609778 0.971250 0.606222 0.926250 0.593778 0.938500 0.583556 0.917000 0.579556 0.929000 0.573333 0.909750 0.573333 0.902500 0.573333
0 0.789750 0.721333 0.755250 0.578222
0 0.016000 0.950222
0 0.888000 0.504000
0 0.772250 0.988000 0.710500 0.975556 0.772500 0.961333 0.770250 0.942667 0.768250 0.942222 0.769500 0.937333 0.724500 0.916444 0.764750 0.903111 0.737000 0.903111
0 0.043750 0.571111
0 0.413500 0.920000
0 0.226500 0.708889 0.225750 0.690667 0.204000 0.690667 0.197250 0.690667
0 0.729000 0.630667 0.724000 0.611556 0.679500 0.604889 0.743500 0.552889 0.684000 0.548000 0.740250 0.523111
0 0.177000 0.491556
0 0.993500 0.525333
0 0.607000 0.957333 0.631000 0.948889 0.622750 0.935111
0 0.384500 0.715556
0 0.391250 0.505778
0 0.795250 0.937778
0 0.449000 0.992000 0.465500 0.976889 0.430750 0.968889
0 0.542250 0.658667
0 0.316750 0.682667
0 0.157000 0.667556 0.153500 0.666667 0.129250 0.665333 0.165000 0.656889 0.137250 0.534222
0 0.331500 0.828444
0 0.000000 0.453333
0 0.132250 0.706667 0.085500 0.682667
0 0.220250 0.592889
0 0.343500 0.459111
0 0.467500 0.473778 0.447750 0.461333
0 0.950500 0.507556 0.950500 0.486222
0 0.265500 0.683556 0.265500 0.662222
0 0.263250 0.932889 0.264250 0.913778
0 0.347500 0.793333 0.370250 0.789778 0.369500 0.783556 0.375500 0.732444
0 0.105250 0.997778 0.142250 0.990667 0.115500 0.974222 0.132000 0.933333
0 0.435000 0.557333
0 0.000000 0.463556 0.000000 0.441778
0 0.869500 0.510667 0.871250 0.504000
0 0.512000 0.498667
0 0.155250 0.556444 0.172000 0.540889
0 0.150250 0.459556
0 0.422500 0.856444 0.455000 0.823556 0.454250 0.809778
0 0.859000 0.613333 0.858000 0.612000 0.856500 0.611556 0.857250 0.607556 0.855250 0.604444 0.904250 0.600000 0.853500 0.594667
0 0.658000 0.728889 0.655750 0.728889 0.650000 0.676444
0 0.447000 0.566667 0.421500 0.516444
0 0.384000 0.990222
0 0.469500 0.588444
0 0.141250 0.988444 0.141000 0.896889 0.136750 0.896444 0.130500 0.887111
0 0.203500 0.831556 0.199500 0.827556 0.236000 0.814667 0.244000 0.789778 0.197500 0.777333 0.232000 0.763111 0.227000 0.760000 0.197500 0.760000
0 0.164250 0.627556 0.171000 0.621333
0 0.965250 0.491556 0.953500 0.491556
0 0.925750 0.530667
0 0.465250 0.833778 0.462250 0.833778 0.417500 0.833778 0.417500 0.828444 0.425250 0.817778 0.458250 0.807556 0.468250 0.793778 0.473500 0.780444 0.472750 0.764000 0.480250 0.750667 0.417500 0.699556
0 0.999000 0.653333
0 0.376000 0.507556
0 0.720000 0.518222
0 0.156250 0.463111 0.135000 0.463111
0 0.660000 0.680889 0.593500 0.679111 0.656000 0.672889 0.607500 0.634667 0.658250 0.631556 0.605000 0.624889 0.590000 0.624889
0 0.000000 0.846222
0 0.190000 0.786222 0.213250 0.761778
0 0.589250 0.507556
0 0.998500 0.724444
0 0.702750 0.682667
0 0.550000 0.557333
