0 0.238500 0.740444
0 0.791750 0.525333
0 0.380000 0.781333
0 0.369750 0.699556
0 0.506250 0.322667
0 0.836250 0.619556
0 0.476000 0.319111
0 0.648250 0.799111
0 0.840000 0.759111
0 0.636250 0.723556
0 0.373500 0.623111
0 0.382000 0.324444
0 0.924500 0.552444
0 0.794500 0.559111
0 0.495000 0.760889
0 0.363750 0.741333
0 0.844250 0.635556
0 0.504250 0.787556
0 0.759500 0.452444
0 0.657000 0.824889
0 0.125500 0.720000
0 0.351750 0.835556
0 0.524250 0.431111
0 0.821250 0.578667
0 0.297250 0.336889
0 0.515500 0.329778
0 0.634250 0.655111
0 0.215500 0.840444 0.230000 0.832000 0.211000 0.832000
0 0.359750 0.317333
0 0.277750 0.413333
0 0.117750 0.803556 0.096750 0.803556
0 0.384750 0.664000
0 0.363000 0.869778 0.337000 0.866667
0 0.267000 0.559111
0 0.279750 0.452444
0 0.931250 0.605333
0 0.110250 0.748444
0 0.489500 0.914222 0.523000 0.905333 0.493250 0.882667
0 0.157000 0.607111
0 0.143000 0.884444
0 0.101250 0.777778
0 0.688000 0.898667 0.659500 0.898667
0 0.512500 0.374222
0 0.784500 0.344000
0 0.596000 0.338667 0.597250 0.317333
0 0.634500 0.450667
0 0.677500 0.331556
0 0.985000 0.719111
0 0.134250 0.680000
0 0.986500 0.402667
0 0.539500 0.329778
0 0.256000 0.720000
0 0.493500 0.815111
0 0.642500 0.550222
0 0.756750 0.420444
0 0.884250 0.800889 0.855500 0.800889
0 0.526250 0.853333 0.502500 0.845333
0 0.755500 0.315556
0 0.109250 0.388444
0 0.403000 0.338667
0 0.894750 0.388444
0 0.175000 0.445333
0 0.285750 0.392000
0 0.376500 0.397333
0 0.508250 0.393778
0 0.640500 0.408000
0 0.959250 0.682667
0 0.848000 0.682667
0 0.551500 0.326222
0 0.218250 0.807556
0 0.036750 0.664000
0 0.144250 0.342222
0 0.253250 0.699556
0 0.706750 0.329778
0 0.082500 0.303111
0 0.777250 0.505778
0 0.660500 0.861333
0 0.782500 0.367111
0 0.258250 0.664000
0 0.797500 0.920889
0 0.923500 0.498667
0 0.272750 0.491556
0 0.263250 0.683556
0 0.467750 0.344000
0 0.536250 0.345778
0 0.617500 0.326222
0 0.264000 0.616000
0 0.310500 0.352889
0 0.494000 0.326222
0 0.385000 0.576889
0 0.359500 0.762667
0 0.846500 0.777778
0 0.848500 0.665778
0 0.266750 0.505778
0 0.920250 0.518222
0 0.374500 0.450667
0 0.380250 0.811556 0.348750 0.808889
0 0.180500 0.399111
0 0.156250 0.591111
0 0.914000 0.488000
0 0.805500 0.543111
0 0.887750 0.424000
0 0.286750 0.578667
0 0.871250 0.315556
0 0.090500 0.438222
0 0.072000 0.559111
0 0.374000 0.373778 0.376250 0.356444 0.365500 0.356444
0 0.262500 0.474667 0.272250 0.472000
0 0.087250 0.828444
0 0.154000 0.571556
0 0.119000 0.700889 0.143000 0.697778
0 0.849500 0.736889 0.847750 0.720889
0 0.770750 0.488000
0 0.524750 0.326222
0 0.791500 0.335111
0 0.394500 0.543111
0 0.689500 0.331556
0 0.166750 0.543111
0 0.776000 0.331556
0 0.255000 0.335111
0 0.237000 0.768000 0.225250 0.768000
0 0.000000 0.455111
0 0.636250 0.747556
0 0.076750 0.523556
0 0.624750 0.523556
0 0.468750 0.306667
0 0.171250 0.477333
0 0.380000 0.536000
0 0.384000 0.484444
0 0.925500 0.585778
0 0.835500 0.341333 0.838000 0.340000 0.860000 0.336889 0.859500 0.322222 0.841500 0.319111
0 0.388250 0.376000
0 0.904000 0.848000 0.888250 0.821333 0.863500 0.821333
0 0.504500 0.672889
0 0.647000 0.775111
0 0.367000 0.722667
0 0.512750 0.552000
0 0.337500 0.900444
0 0.487000 0.739556
0 0.105750 0.418667
0 0.088250 0.488000
0 0.640500 0.489778
0 0.513250 0.500444
0 0.920750 0.317333
0 0.506000 0.913778
0 0.384000 0.594667
0 0.011750 0.730667 0.002500 0.727111 0.019500 0.701333
0 0.393500 0.409778
0 0.640500 0.390222
0 0.829000 0.351111
0 0.640500 0.473778
0 0.146750 0.646222
0 0.349000 0.329778
0 0.768500 0.438222
0 0.384750 0.724444
0 0.652750 0.352889
0 0.717500 0.331556
0 0.963500 0.701333
0 0.503000 0.716444
0 0.840000 0.701333
0 0.122500 0.354222 0.132000 0.345778
0 0.437750 0.308444
0 0.068750 0.541333
0 0.628750 0.345778
0 0.909000 0.472000
0 0.639500 0.326222
0 0.393250 0.464889
0 0.133000 0.859556
0 0.146750 0.632000
0 0.270250 0.432889
0 0.512500 0.477333
0 0.749500 0.384889
0 0.904750 0.440000
0 0.512000 0.566222
0 0.090500 0.406222
0 0.002750 0.884444 0.017750 0.848000
0 0.991000 0.752000
0 0.042000 0.649778
0 0.907000 0.456000
0 0.814500 0.603556
0 0.435250 0.349333
0 0.669250 0.931556
0 0.926250 0.588000 0.935250 0.571556
0 0.995500 0.735111
0 0.200000 0.388000 0.194750 0.387556 0.185000 0.381333
0 0.755500 0.404444
0 0.629000 0.377778
0 0.390250 0.564000 0.373250 0.562222 0.368500 0.559111
0 0.271500 0.368889 0.262500 0.368889
0 0.137750 0.664000
0 0.182250 0.507556
0 0.088000 0.455111
0 0.641750 0.504000
0 0.856750 0.356444
0 0.629500 0.682667
0 0.633000 0.328000
0 0.257250 0.637333
0 0.412500 0.354667
0 0.239000 0.719111
0 0.593500 0.347556
0 0.273750 0.381333
0 0.914500 0.534222
0 0.329500 0.345778
0 0.898000 0.855111 0.885250 0.855111
0 0.717750 0.940444
0 0.794500 0.367111
0 0.886000 0.411556
0 0.792750 0.924444
0 0.795500 0.329778
0 0.627500 0.573333
0 0.904500 0.319111
0 0.485500 0.696000
0 0.381750 0.681778 0.368500 0.681778
0 0.044250 0.637333
0 0.371000 0.434667
0 0.265500 0.546667
0 0.196000 0.457778
0 0.054500 0.607111
0 0.384000 0.502222
0 0.166500 0.244444
0 0.085250 0.591556
0 0.161500 0.557333
0 0.103000 0.376000
0 0.931500 0.626667
0 0.807250 0.375556 0.805500 0.367111
0 0.047000 0.619556
0 0.508000 0.512889
0 0.290250 0.518222 0.266500 0.518222
0 0.631000 0.964889 0.628500 0.938667
0 0.860500 0.739111
0 0.309500 0.352000
0 0.947750 0.333333
0 0.822750 0.320889
0 0.453000 0.342222
0 0.000000 0.464889
0 0.963750 0.936889
0 0.177000 0.415111
0 0.506000 0.356444
0 0.626750 0.633778
0 0.988000 0.383556 0.978750 0.379556
0 0.261000 0.649778
0 0.483250 0.331556
0 0.089750 0.470222 0.072500 0.470222
0 0.006750 0.731556
0 0.458500 0.350667
0 0.369750 0.648000
0 0.631500 0.703111
0 0.578500 0.338667 0.585500 0.322667
0 0.000000 0.752000
0 0.214000 0.341778 0.214000 0.336889
0 0.279500 0.374222 0.266500 0.351111
0 0.452250 0.329778 0.441750 0.329778
0 0.163000 0.523556
0 0.922500 0.338667
0 0.979250 0.321333 0.974500 0.319556 0.974500 0.310222
0 0.542500 0.937778
0 0.081000 0.507556
0 0.366000 0.361778 0.356500 0.347556
0 0.286500 0.347556
0 0.155000 0.910222 0.149500 0.894222
0 0.257750 0.596444
0 0.768500 0.365333
0 0.185250 0.427556
0 0.005500 0.415111
0 0.014500 0.717333
0 0.574500 0.928889
0 0.217500 0.352889
0 0.776500 0.482222 0.782000 0.470222
0 0.236250 0.929333 0.239000 0.914667 0.231500 0.907556
0 0.459250 0.331556
0 0.028000 0.683556 0.018750 0.683556
0 0.821750 0.356444
0 0.385250 0.607111
0 0.613500 0.352889
0 0.640500 0.365333
0 0.175750 0.344000 0.169750 0.344000
0 0.961000 0.342222
0 0.836250 0.923556
0 0.857250 0.322667
0 0.772500 0.356444
0 0.742000 0.338667
0 0.498000 0.488000
0 0.260750 0.900444
0 0.906250 0.933778 0.902500 0.924444
0 0.749250 0.370667
0 0.145500 0.871111
0 0.397750 0.340444 0.377500 0.340444
0 0.306250 0.935111 0.305750 0.897778 0.295250 0.897778 0.286500 0.897778
0 0.356250 0.350667
0 0.655250 0.345778
0 0.347250 0.938222 0.361000 0.920889 0.344500 0.920889
0 0.384000 0.525333
0 0.486500 0.594667
0 0.490500 0.349333
0 0.032500 0.856889
0 0.492250 0.571556
0 0.893000 0.352889
0 0.464500 0.970667
0 0.516000 0.521778
0 0.755750 0.336889
0 0.873500 0.356444
0 0.512750 0.651556
0 0.020000 0.429333
0 0.841250 0.735111
0 0.182000 0.495111 0.165500 0.495111
0 0.513500 0.648000 0.486500 0.632000
0 0.934500 0.642667
0 0.909500 0.954667
0 0.517000 0.541778
0 0.680500 0.361778
0 0.062750 0.576889
0 0.081750 0.345778
0 0.656250 0.320889
0 0.735500 0.360000
0 0.075250 0.879111
0 0.593500 0.998222 0.607750 0.991111 0.604250 0.984889 0.606500 0.983111 0.593500 0.931556
0 0.384000 0.941333
0 0.958500 0.329778 0.958500 0.317333
0 0.123750 0.866667
0 0.672500 0.354667
0 0.091250 0.363556
0 0.540000 0.961333 0.526500 0.930667
0 0.113000 0.644444 0.135750 0.610667
0 0.181500 0.893778 0.189000 0.877333
0 0.321250 0.335111 0.314250 0.335111
0 0.816250 0.345778
0 0.833000 0.363556
0 0.667500 0.360000
0 0.497000 0.498667
0 0.486500 0.608889
0 0.567250 0.928889
0 0.944750 0.319111
0 0.653750 0.930667
0 0.155000 0.901333 0.153500 0.894667 0.151500 0.888889
0 0.838500 0.338667
0 0.893500 0.320889
0 0.070500 0.344000
0 0.487250 0.619556
0 0.374750 0.500444
0 0.708250 0.964444 0.690250 0.928889
0 0.206000 0.312000 0.210000 0.260444
0 0.947500 0.662222
0 0.488500 0.609778 0.509000 0.604889 0.486500 0.585778
0 0.184500 0.344000 0.171500 0.344000
0 0.657500 0.336889
0 0.867500 0.957778 0.867500 0.954667 0.867500 0.952000 0.867500 0.936000
0 0.346250 0.947556 0.320500 0.938667 0.321250 0.936444 0.322500 0.932444 0.324000 0.927556 0.315500 0.915556
0 0.718750 0.356444
0 0.898250 0.394667 0.888000 0.386222 0.879500 0.376889 0.872500 0.374222
0 0.191250 0.374667 0.190500 0.360000 0.171500 0.360000
0 0.527000 0.347556
0 0.699500 0.356444
0 0.751250 0.343556 0.746500 0.340000
0 0.932500 0.353778 0.934000 0.342222
0 0.839250 0.340000 0.822500 0.335111
0 0.453000 0.319111 0.443500 0.319111
0 0.724500 0.959111 0.724500 0.956444 0.737250 0.935111
0 0.204500 0.906222 0.237500 0.891111 0.214250 0.876444 0.204500 0.876444
0 0.794250 0.945333 0.770500 0.915556
0 0.077500 0.856889
0 0.175750 0.216000
0 0.113500 0.351111
0 0.891000 0.336889
0 0.933000 0.360000
0 0.325000 0.338667 0.315500 0.338667
0 0.178750 0.281778
0 0.575750 0.351111 0.571250 0.350667 0.579500 0.348889 0.573000 0.348889 0.571000 0.347111 0.587500 0.323111 0.572000 0.320889
0 0.632750 0.541333
0 0.523750 0.936000
0 0.280750 0.532444 0.266750 0.532444
0 0.802750 0.345778
0 0.923500 0.351111
0 0.957000 0.360000
0 0.920500 0.360000
0 0.047500 0.852444
0 0.630250 0.640000 0.654500 0.624000 0.633000 0.616000
0 0.644500 0.627111 0.652250 0.621778 0.635000 0.600444 0.631500 0.598222
0 0.192000 0.228444
0 0.969500 0.370667
0 0.917000 0.957333 0.886500 0.947556
0 0.516500 0.657778 0.498750 0.640889
0 0.923500 0.340000 0.914000 0.335111
0 0.214500 0.356444 0.193250 0.331556
0 0.978500 0.358222
0 0.620500 0.349333
0 0.478000 0.944889
0 0.991000 0.347556
0 0.963750 0.333333
0 0.831500 0.682667
0 0.207000 0.387111 0.198000 0.381778 0.187500 0.380889 0.200000 0.370222 0.200250 0.365333 0.184500 0.365333
0 0.616250 0.335111
0 0.996500 0.779556
0 0.689500 0.356444
0 0.596500 0.336889
0 0.491000 0.951556 0.488750 0.944889
0 0.744000 0.943556 0.754500 0.927111
0 0.766750 0.944889
0 0.183250 0.913778 0.187000 0.911556 0.170500 0.889778 0.177000 0.885333
0 0.747500 0.984889 0.747500 0.960000
0 0.410250 0.936889
0 0.442500 0.971556 0.447000 0.954667
0 0.647250 0.838667
0 0.996500 0.333333
0 0.961750 0.354667
0 0.663750 0.352889
0 0.845500 0.364000 0.850500 0.349333
0 0.949000 0.944889 0.919500 0.944889
0 0.905500 0.336889
0 0.869000 0.345778
0 0.256000 0.892444
0 0.000000 0.828000
0 0.846500 0.340444
0 0.627500 0.505778
0 0.190500 0.864444 0.184000 0.834667
0 0.917500 0.872889
0 0.226500 0.356444
0 0.819500 0.367111
0 0.953750 0.347556
0 0.009250 0.778667
0 0.135250 0.790222
0 0.322250 0.964000 0.327500 0.944444 0.310500 0.905778 0.300500 0.905778
0 0.177500 0.308000 0.183250 0.304000 0.196500 0.300000 0.181250 0.284889 0.181500 0.272889 0.184750 0.246222
0 0.893000 0.356889 0.919500 0.355556 0.910750 0.348000 0.891500 0.348000
0 0.466000 0.892444
0 0.844000 0.360000
0 0.675500 0.989778 0.696500 0.969778 0.698250 0.965333 0.695000 0.959556 0.700000 0.955111 0.675000 0.935111 0.669500 0.931556
0 0.393500 0.733333
0 0.934500 0.352889
0 0.896750 0.086222
0 0.921250 0.905778
0 0.946500 0.358222
0 0.517000 0.732444
0 0.640500 0.361778
0 0.486500 0.906667
0 0.019500 0.399111
0 0.000000 0.484444
0 0.000000 0.281778
0 0.227250 0.380000
0 0.960000 0.900889
0 0.976500 0.338667
0 0.922500 0.904000
0 0.670500 0.331556
0 0.669500 0.630222
0 0.792000 0.891556
0 0.512750 0.665778
0 0.840000 0.979556
0 0.461000 0.329778 0.455500 0.315556
0 0.966750 0.361778
0 0.459500 0.947556 0.451500 0.923556
0 0.669500 0.331556
0 0.732750 0.340444
0 0.158250 0.880000
0 0.375750 0.912000
0 0.492500 0.965333 0.505750 0.937778
0 0.644500 0.315556
0 0.816500 0.320889
0 0.942500 0.333333
0 0.945500 0.345778
0 0.939500 0.352889
0 0.369500 0.335111
0 0.993500 0.715556
