0 0.634804 0.419468 0.643908 0.406629
0 0.627976 0.376284
0 0.821604 0.507470 0.812675 0.507236 0.815476 0.507003 0.814601 0.475023 0.814601 0.467320
0 0.902836 0.479458
0 0.555497 0.424136 0.547969 0.408730
0 0.449405 0.610878 0.453081 0.590803 0.456758 0.589169 0.471989 0.574697
0 0.557598 0.372782 0.550070 0.361811
0 0.640056 0.511204
0 0.627451 0.597572
0 0.371324 0.561625
0 0.676821 0.545752 0.676646 0.542484 0.672094 0.512138
0 0.013655 0.456816 0.042717 0.449580 0.018032 0.449580
0 0.598389 0.597572
0 0.909664 0.367414
0 0.627451 0.440009 0.633754 0.427404 0.629377 0.422969 0.639006 0.420635
0 0.898109 0.506069 0.852591 0.474790
0 0.468137 0.370215
0 0.649335 0.408263 0.674545 0.406629 0.667017 0.378618 0.646709 0.378618 0.638305 0.378618
0 0.833508 0.366713 0.811099 0.364613
0 0.926821 0.603408 0.996674 0.557890 0.941001 0.557890
0 0.817402 0.546685 0.814251 0.545518 0.821429 0.539449 0.807073 0.514006
0 0.788866 0.454715 0.811625 0.425303 0.822304 0.423436
0 0.463410 0.355275
0 0.808473 0.471522 0.808473 0.469888 0.829132 0.455182
0 0.308298 0.626517 0.268908 0.597106
0 0.880952 0.445845 0.834209 0.417834
0 0.494748 0.398459 0.486870 0.389589 0.484944 0.385154
0 0.877801 0.547852 0.916667 0.510504 0.880077 0.498133
0 0.900910 0.423436
0 0.359244 0.577498
0 0.429097 0.581232 0.404412 0.581232
0 0.095938 0.626050 0.089636 0.625117 0.142332 0.623249 0.166842 0.622316 0.161064 0.617880 0.154937 0.617880 0.166842 0.612045 0.096289 0.577498 0.106268 0.576331 0.119923 0.574697 0.105217 0.574697
0 0.558824 0.534781 0.540791 0.534080 0.569503 0.533380 0.540441 0.520542 0.576856 0.509337 0.552696 0.509337
0 0.544293 0.703548 0.546394 0.702148 0.549195 0.700747 0.579132 0.677871 0.551120 0.664332
0 0.838235 0.555789 0.877626 0.511204 0.849615 0.511204 0.842087 0.511204
0 0.824405 0.458683 0.829132 0.457283 0.809524 0.446312 0.830007 0.424136 0.817227 0.422502
0 0.368697 0.478058
0 0.496148 0.447712 0.487045 0.443744 0.489671 0.442344 0.483543 0.428805 0.544293 0.413165 0.545693 0.409430 0.547969 0.407096 0.542367 0.405696 0.484594 0.405696
0 0.603817 0.507470 0.562675 0.501634 0.550770 0.495098 0.550595 0.488796 0.557773 0.486461 0.567052 0.457049
0 0.903887 0.469888 0.909664 0.468954 0.859944 0.449346 0.852591 0.445845
0 0.085084 0.520775
0 0.200455 0.540149
0 0.250350 0.598039
0 0.503676 0.373950
0 0.677871 0.398693 0.701506 0.389823
0 0.653711 0.554155
0 0.391807 0.546685 0.389881 0.544585 0.401436 0.542250 0.391106 0.539216 0.391632 0.502801
0 0.997374 0.512138
0 0.771008 0.383053 0.722339 0.372782 0.729342 0.347806
0 0.276085 0.578431 0.276611 0.575163 0.286239 0.574697 0.277311 0.573529 0.273109 0.557890
0 0.179272 0.545752
0 0.887955 0.597572
0 0.708158 0.505369 0.705182 0.501167 0.715336 0.455182 0.701681 0.455182
0 0.446078 0.610177
0 0.786590 0.415966
0 0.635854 0.367647 0.642507 0.361811
0 0.652311 0.510037 0.627451 0.478525
0 0.497374 0.626751 0.490546 0.626751 0.517157 0.602708
0 0.196429 0.498133
0 0.874300 0.597572
0 0.627451 0.396359
0 0.441176 0.630486 0.403361 0.598039
0 0.594188 0.373016
0 0.489671 0.425537 0.484594 0.397759
0 0.492997 0.587302 0.485994 0.576564 0.512780 0.569561 0.532388 0.567927 0.521884 0.563725 0.525210 0.562092 0.518382 0.562092 0.519783 0.555789 0.528887 0.553922 0.531688 0.550420 0.486169 0.550420 0.481968 0.550420
0 0.911590 0.382353
0 0.039566 0.407096 0.037115 0.381419
0 0.761555 0.674603 0.751225 0.658263 0.720763 0.632353 0.736695 0.628852
0 0.437325 0.403128 0.419118 0.398926 0.421043 0.389122 0.420168 0.379085 0.426296 0.376050 0.419118 0.368347
0 0.555322 0.553688 0.583333 0.552288 0.589286 0.536415 0.554972 0.536415
0 0.026436 0.436508
0 0.627451 0.432773
0 0.653711 0.693044 0.640056 0.628852
0 0.456583 0.408030
0 0.269958 0.709150 0.279587 0.705182 0.268908 0.652894 0.285539 0.652661
0 0.269258 0.709150
0 0.449055 0.685107
0 0.942227 0.482960
0 0.069678 0.494865 0.055497 0.489963 0.052871 0.485528 0.110819 0.470588 0.100665 0.463119 0.097864 0.453081 0.070728 0.450514 0.068277 0.450514
0 0.982143 0.478058
0 0.566001 0.664566 0.567752 0.637255
0 0.464811 0.392624
0 0.373950 0.659664
0 0.798319 0.553922 0.790616 0.546452 0.788340 0.544585 0.791492 0.517507 0.762430 0.514006 0.759804 0.514006
0 0.509279 0.701681 0.452556 0.694444 0.489671 0.620215 0.514356 0.617647 0.450630 0.617647
0 0.887955 0.397292
0 0.200980 0.524276
0 0.811800 0.485528 0.807423 0.479458
0 0.360294 0.662932 0.361695 0.662232 0.362920 0.661064 0.368347 0.659197 0.363971 0.646125 0.387430 0.611111
0 0.736169 0.412698 0.739496 0.408497 0.721639 0.394491 0.755777 0.389823 0.726541 0.386088
0 0.273284 0.546685 0.274335 0.546218 0.275210 0.539216 0.289566 0.531279 0.289741 0.527077 0.272584 0.527077
0 0.537640 0.561391 0.537290 0.560691 0.484419 0.554155 0.481968 0.553455 0.489671 0.548319 0.511555 0.516807 0.506303 0.516807 0.504727 0.516807 0.503676 0.516807
0 0.239321 0.406629
0 0.173669 0.584034
0 0.248249 0.717087
0 0.018032 0.455182
0 0.002801 0.448179 0.000000 0.440476
0 0.476015 0.369281
0 0.530287 0.499767 0.532388 0.498833 0.495273 0.496499 0.521884 0.493697 0.478992 0.493697 0.473039 0.493231 0.512255 0.474790 0.534314 0.463585 0.520483 0.461018 0.479692 0.458917
0 0.773810 0.413399 0.764006 0.413399 0.813200 0.406396 0.783613 0.405696 0.812325 0.402894 0.818978 0.402661 0.759454 0.391923 0.814776 0.388189 0.761730 0.385854 0.796218 0.370215 0.766282 0.366947 0.760329 0.360878
0 0.820203 0.565826 0.818978 0.564426
0 0.117822 0.446779 0.104517 0.446779 0.097339 0.446779
0 0.104867 0.375817
0 0.246849 0.485528 0.246849 0.478058
0 0.747374 0.502334 0.751576 0.501867 0.728641 0.495331 0.745448 0.494164 0.728641 0.484827 0.735469 0.481092 0.736870 0.480626 0.728641 0.475957 0.820903 0.470121 0.809174 0.465453 0.765756 0.465453
0 0.717087 0.506069 0.757353 0.504202 0.751576 0.501867 0.747549 0.499300 0.748249 0.497199 0.720588 0.455182
0 0.012955 0.535481 0.000000 0.535481
0 0.533789 0.719888 0.552696 0.707983 0.556723 0.700514 0.509629 0.696779 0.507003 0.696312 0.529412 0.662465
0 0.309174 0.614846 0.377801 0.608543 0.307773 0.604575 0.362745 0.599206 0.307773 0.599206 0.316176 0.598039
0 0.002276 0.546685
0 0.704832 0.368347
0 0.969888 0.349673
0 0.541141 0.631186 0.537815 0.627918
0 0.051646 0.372082
0 0.332983 0.501867 0.294993 0.490663
0 0.847689 0.379785 0.847689 0.363679
0 0.430147 0.506536 0.420343 0.506303 0.466737 0.506069 0.469538 0.502801 0.426996 0.502568 0.462360 0.458917
0 0.604692 0.514706 0.599440 0.501634 0.588585 0.501634 0.588585 0.488095 0.611870 0.478058 0.588585 0.478058
0 0.837535 0.561391 0.832983 0.558824
0 0.553571 0.413165
0 0.577381 0.360878
0 0.649335 0.688142 0.638480 0.688142 0.637255 0.685107 0.632528 0.683473 0.623424 0.681839 0.622024 0.679972 0.624300 0.677404 0.649510 0.671569 0.568277 0.638422 0.569328 0.631419 0.599440 0.614146
0 0.410189 0.474090 0.375700 0.465219 0.410714 0.458683 0.407913 0.458217 0.406863 0.455182 0.411590 0.454949 0.408789 0.447479 0.403011 0.442577 0.408613 0.440009 0.392332 0.437908 0.396359 0.407563 0.436099 0.404762 0.406162 0.404762 0.375700 0.404762
0 0.281162 0.478058
0 0.905462 0.479925 0.887955 0.464519
0 0.337185 0.478992 0.335084 0.478058
0 0.669118 0.398226 0.669118 0.387488 0.680322 0.380252 0.669118 0.378618
0 0.048319 0.497199 0.040266 0.497199
0 0.269433 0.451447
0 0.172969 0.520075 0.182598 0.518207 0.185749 0.514706 0.141632 0.512838 0.142332 0.503501 0.158263 0.500934 0.136905 0.500934
0 0.721639 0.417367 0.726716 0.409197 0.720238 0.407563
0 0.911590 0.382353
0 0.731968 0.593838 0.731268 0.592204 0.809874 0.587535 0.728641 0.584267 0.735644 0.573763 0.735469 0.560458 0.733718 0.559290 0.803396 0.558824 0.733018 0.552288
0 0.476716 0.616713 0.497549 0.612979 0.448179 0.612979
0 0.653711 0.542017
0 0.267682 0.496265 0.241071 0.467320
0 0.389181 0.374883
0 0.029237 0.438142 0.042892 0.427171 0.039566 0.426937 0.035714 0.422269 0.031513 0.419701 0.016106 0.410364 0.002801 0.409664 0.016807 0.408497 0.000350 0.408497
0 0.008929 0.472923
0 0.105217 0.506303 0.101190 0.485061
0 0.876926 0.410598 0.834034 0.405229 0.845938 0.399860 0.874125 0.396825 0.832283 0.392624
0 0.874125 0.377684
0 0.328782 0.627918
0 0.192927 0.409430 0.192927 0.394491
0 0.214461 0.715219 0.215861 0.708917 0.214986 0.705882 0.241071 0.704482 0.282913 0.661298 0.247374 0.659430 0.259104 0.656629 0.290616 0.654995 0.254377 0.654762 0.214111 0.645425 0.284139 0.637255 0.281513 0.637255 0.280112 0.637255 0.209734 0.637255
0 0.649510 0.499300 0.649510 0.496499 0.649335 0.493697 0.643382 0.482026 0.646534 0.472222 0.644433 0.467787 0.641632 0.466853 0.631828 0.465219 0.605217 0.463585
0 0.559874 0.430205
0 0.384104 0.559757 0.373950 0.558123 0.358543 0.538282
0 0.566877 0.422502
0 0.722689 0.451914 0.765931 0.449113 0.750000 0.446545 0.725140 0.445378 0.751576 0.443044 0.748074 0.440943 0.725490 0.440243 0.742122 0.439076 0.721989 0.438842 0.766632 0.425303 0.729517 0.425303
0 0.917192 0.359944
0 0.733193 0.524743 0.717087 0.516807
0 0.000700 0.401027
0 0.051296 0.437675 0.024860 0.427871 0.038515 0.426004 0.027311 0.426004 0.051296 0.424370 0.034664 0.424370
0 0.254027 0.491363 0.220413 0.489729
0 0.370448 0.380486
0 0.821779 0.549486
0 0.541492 0.390756
0 0.017507 0.442810 0.021008 0.435574
0 0.472339 0.470822 0.492647 0.461485 0.479167 0.450047 0.472339 0.448880 0.485469 0.444211 0.510504 0.439309 0.472339 0.439309
0 0.263655 0.530579 0.288515 0.510271 0.286590 0.504902 0.286590 0.500000 0.266106 0.499066 0.271709 0.494398 0.236345 0.494398
0 0.450980 0.583800 0.454832 0.582400 0.442752 0.580766 0.438901 0.580065 0.461660 0.577965 0.443452 0.573763 0.391632 0.567460 0.401611 0.563492 0.387605 0.555789 0.440826 0.550187 0.414566 0.549253 0.393557 0.544118 0.445028 0.542717 0.416842 0.538749 0.433298 0.535948 0.421043 0.534781 0.432248 0.532213 0.452731 0.531513 0.438725 0.531513 0.425245 0.531513 0.419118 0.531513 0.435224 0.531046 0.460434 0.530579 0.441352 0.530579 0.434349 0.529645 0.446954 0.528011 0.425245 0.525910 0.460259 0.519608 0.429097 0.519608 0.426996 0.519608 0.420518 0.519608 0.418768 0.519608 0.405112 0.519608 0.387605 0.519608
0 0.190826 0.490663 0.166842 0.490663
0 0.031863 0.504202
0 0.000700 0.457049
0 0.603641 0.432073 0.574580 0.430672 0.608718 0.423903 0.574580 0.408964 0.600840 0.404062 0.598739 0.402661 0.574580 0.400560 0.577906 0.398226
0 0.655287 0.429272
0 0.557423 0.407563 0.552171 0.403361 0.562850 0.401027
0 0.315301 0.658730 0.313901 0.654762 0.303746 0.623249
0 0.153536 0.654762 0.195903 0.635387
0 0.070728 0.384220
0 0.178746 0.604575 0.175770 0.603408 0.178221 0.601074 0.179272 0.600840 0.168417 0.599440 0.173144 0.599206 0.171394 0.589636
0 0.954482 0.437442
0 0.908088 0.389823
0 0.710434 0.372082
0 0.905987 0.411298 0.868697 0.409430
0 0.589986 0.555789 0.589986 0.552054 0.620273 0.547386 0.610119 0.546685 0.618522 0.537115 0.613270 0.535481 0.605567 0.511438 0.589986 0.508870 0.597164 0.506536
0 0.195728 0.614846
0 0.128326 0.450047 0.109419 0.440943 0.120273 0.415966 0.089636 0.415966
0 0.211835 0.606443 0.193277 0.606443
0 0.035014 0.709150 0.059524 0.694911 0.033088 0.693511 0.055147 0.674603 0.031863 0.674603
0 0.954832 0.358543
0 0.742297 0.529879 0.721989 0.528245 0.717087 0.516573 0.748074 0.506769 0.743873 0.502101 0.746324 0.493464 0.740721 0.493464 0.737570 0.493464 0.717612 0.493464
0 0.699230 0.358543
0 0.734419 0.382353
0 0.537815 0.492530
0 0.577731 0.362745 0.570378 0.359944
0 0.451856 0.674370 0.448179 0.652194
0 0.276611 0.529412 0.299895 0.513772 0.272759 0.495331 0.271709 0.494398
0 0.888130 0.383287
0 0.926120 0.379552
0 0.096814 0.414799 0.089636 0.386088
0 0.103291 0.504669
0 0.487220 0.146592 0.481443 0.137722
0 0.984944 0.450514
0 0.504727 0.368347
0 0.454657 0.447479 0.434524 0.437442 0.453782 0.433707 0.458158 0.431839
0 0.179272 0.478525
0 0.048494 0.506303 0.039041 0.491597 0.028011 0.491597
0 0.054972 0.590803 0.087535 0.582633 0.080707 0.579132 0.063550 0.577498 0.054972 0.577498
0 0.806723 0.558824
0 0.768557 0.673203 0.768557 0.639122
0 0.448880 0.426237 0.456758 0.403361 0.456758 0.399160 0.448179 0.399160
0 0.540266 0.553455 0.557773 0.552288 0.556022 0.551821 0.552521 0.550420 0.535014 0.550420
0 0.671043 0.440009 0.689076 0.422969 0.668242 0.415033
0 0.351891 0.447246 0.346289 0.446312 0.351716 0.443277 0.346289 0.440243 0.361520 0.429972 0.371849 0.419701 0.361870 0.419701
0 0.349615 0.449346 0.332983 0.431839
0 0.134104 0.478058
0 0.042717 0.603408 0.016457 0.600840
0 0.871849 0.359010
0 0.039916 0.586835 0.031688 0.586368 0.026261 0.586134 0.055672 0.583100 0.026261 0.565826 0.032388 0.559757
0 0.717087 0.409430
0 0.195728 0.498133
0 0.596113 0.509104 0.597514 0.506536 0.582283 0.506536 0.574055 0.506536
0 0.841211 0.563492 0.819328 0.554855 0.816176 0.552288
0 0.537815 0.467320
0 0.358543 0.505602
0 0.579482 0.386555 0.583333 0.384687 0.578957 0.383287
0 0.089636 0.514006 0.103817 0.485761
0 0.789741 0.412465 0.741246 0.412465
0 0.538340 0.531746
0 0.546919 0.628852
0 0.056373 0.683707 0.050245 0.683007 0.107143 0.666200 0.036064 0.662698 0.047794 0.654762 0.055497 0.647526 0.084034 0.639356 0.095063 0.638655 0.073880 0.633287 0.110294 0.630486 0.076331 0.630019 0.077031 0.629318 0.065301 0.624883 0.075805 0.612979 0.100140 0.612045 0.034664 0.608543 0.078606 0.606443 0.045518 0.606443
0 0.851190 0.361111 0.834209 0.358543
0 0.821604 0.398926 0.817577 0.394958 0.831583 0.394491 0.822829 0.392624
0 0.705532 0.554855 0.735294 0.526844 0.729692 0.524043 0.713936 0.509804 0.708859 0.506536
0 0.056022 0.546685 0.057073 0.537348
0 0.158088 0.504669 0.155987 0.504202 0.133578 0.490663 0.108193 0.490663
0 0.211660 0.604575
0 0.709384 0.383287
0 0.718838 0.383287
0 0.727766 0.384220
0 0.147409 0.430672 0.134104 0.428338 0.141807 0.425070 0.130777 0.420401 0.127101 0.416900 0.143732 0.412232 0.131828 0.412232
0 0.250175 0.411064 0.231793 0.403595 0.234769 0.398693 0.241246 0.392624 0.230042 0.392624
0 0.210434 0.443044
0 0.580007 0.403361 0.595413 0.403128 0.593662 0.401961 0.573880 0.400560 0.588936 0.399627 0.580532 0.387488 0.582808 0.386555 0.581057 0.385154 0.573880 0.385154
0 0.386029 0.668067 0.388655 0.640056
0 0.087185 0.437442 0.061800 0.433940 0.061800 0.417600 0.073179 0.414566 0.071779 0.411298
0 0.000000 0.496265
0 0.147934 0.549253 0.143382 0.523343 0.131303 0.523343
0 0.222339 0.478058
0 0.738971 0.676237 0.729692 0.674370 0.696429 0.673669 0.687500 0.656396 0.727941 0.633053 0.737745 0.627918 0.726891 0.627918
0 0.752801 0.691176 0.769783 0.676237 0.749300 0.660598
0 0.954832 0.425070 0.908613 0.422269 0.911590 0.421335 0.960609 0.407330 0.941176 0.406162 0.939251 0.399393 0.964286 0.398693 0.941176 0.397292 0.908613 0.397292
0 0.250175 0.382120 0.245973 0.380719 0.245623 0.379552
0 0.675595 0.368347
0 0.114146 0.413866 0.115546 0.410831 0.139706 0.398693 0.127801 0.390756
0 0.218487 0.478058
0 0.258403 0.385154 0.271534 0.374183
0 0.683824 0.479458
0 0.193627 0.478058
0 0.093487 0.517740 0.089636 0.517740
0 0.320378 0.418768
0 0.185049 0.637488
0 0.716387 0.418768
0 0.200805 0.585901
