0 0.721974 0.548942 0.756944 0.507937 0.733879 0.504630
0 0.704613 0.575397 0.709821 0.574735 0.689484 0.524471
0 0.690724 0.549272 0.693452 0.521825 0.697669 0.511243
0 0.799603 0.542659 0.803075 0.542328 0.796627 0.541336 0.797619 0.539021 0.761905 0.529101 0.767609 0.494048
0 0.863839 0.458333
0 0.636905 0.716931 0.633185 0.715608 0.637153 0.714616 0.561012 0.707011 0.652282 0.676257 0.608135 0.667328 0.652282 0.666997 0.575645 0.665013 0.624008 0.664021 0.611111 0.663360 0.588790 0.661376 0.590526 0.657077 0.599950 0.656415 0.616815 0.656085 0.622024 0.652778 0.599702 0.651455 0.564980 0.651455
0 0.517857 0.403770 0.517857 0.384259
0 0.584573 0.616402 0.611359 0.615079 0.601438 0.572090
0 0.611359 0.337963
0 0.774306 0.318122
0 0.928075 0.307540
0 0.996528 0.319444
0 0.810020 0.474206
0 0.742312 0.322421
0 0.419147 0.441138 0.441716 0.429233 0.423611 0.429233
0 0.768601 0.319444
0 0.478423 0.402778
0 0.535714 0.324735
0 0.379464 0.380291
0 0.580605 0.361111 0.577877 0.358796 0.601687 0.352183 0.600198 0.350860 0.600198 0.348214 0.588046 0.345899
0 0.523065 0.814153 0.558780 0.801587 0.527034 0.788360
0 0.532242 0.375000
0 0.448909 0.385251 0.448661 0.377646 0.434772 0.377646
0 0.579861 0.589286
0 0.757192 0.320767 0.743552 0.320767
0 0.460069 0.729167
0 0.428075 0.444114 0.428075 0.425265
0 0.851687 0.324735
0 0.710317 0.315476
0 0.552083 0.367394 0.559028 0.359127
0 0.941468 0.471892 0.856647 0.446429 0.876488 0.443783
0 0.625992 0.327381
0 0.554812 0.369709 0.562500 0.367063 0.551587 0.367063
0 0.898065 0.306878
0 0.664931 0.533730
0 0.388393 0.376323
0 0.509921 0.388228
0 0.680804 0.331349 0.672867 0.310185
0 0.611607 0.791336 0.579861 0.747354 0.576141 0.735780 0.575397 0.734458 0.573661 0.732474 0.572669 0.729167 0.571429 0.727844 0.645585 0.692460 0.599950 0.692460 0.562252 0.692460
0 0.441964 0.386905 0.441964 0.382937 0.457093 0.373677 0.445437 0.373677
0 0.398810 0.394841
0 0.841270 0.330026
0 0.453869 0.378307 0.456597 0.367063
0 0.634921 0.584325 0.634921 0.568122
0 0.761905 0.507937
0 0.458829 0.410714
0 0.880952 0.303571
0 0.383433 0.356481
0 0.538938 0.330026 0.527282 0.330026
0 0.502232 0.740741 0.421131 0.728836 0.495536 0.723545 0.512897 0.713955 0.513889 0.709656 0.514385 0.707672 0.433532 0.687500 0.441220 0.677910
0 0.385417 0.680556
0 0.625992 0.606812 0.624504 0.604828 0.610615 0.590278 0.660962 0.576058 0.660962 0.567791 0.659474 0.562831 0.634921 0.562831 0.622768 0.562831
0 0.577629 0.351190
0 0.536954 0.314815 0.526290 0.312831
0 0.380456 0.404101
0 0.489335 0.333995 0.490823 0.332672 0.480159 0.324735
0 0.426091 0.556878 0.435516 0.532738 0.425595 0.527778 0.425843 0.525794
0 0.652282 0.326720 0.652282 0.320767
0 0.702877 0.311508
0 0.427083 0.716931 0.515377 0.705688 0.514137 0.703704 0.490575 0.651455
0 0.519841 0.315476
0 0.259673 0.625000
0 0.353671 0.392196
0 0.413194 0.363095
0 0.432292 0.494048
0 0.401538 0.324735
0 0.447421 0.345899
0 0.354663 0.419643 0.358135 0.416005
0 0.644841 0.670635 0.642361 0.670304 0.628224 0.660384 0.592014 0.645833 0.591270 0.644511 0.590030 0.643188 0.588294 0.640542 0.622272 0.634259 0.620288 0.624669 0.653274 0.617063 0.590526 0.617063
0 0.284970 0.434524
0 0.263393 0.875992 0.263393 0.869709 0.277034 0.809854 0.296131 0.796958 0.295883 0.790344 0.275546 0.790344
0 0.240823 0.642196 0.222966 0.642196
0 0.813988 0.319444
0 0.560764 0.318122
0 0.215526 0.875000
0 0.442460 0.419974
0 0.962798 0.290344
0 0.412698 0.445106 0.414187 0.437169
0 0.381944 0.788360
0 0.912450 0.323413
0 0.470238 0.332672
0 0.464782 0.361772
0 0.363591 0.412037
0 0.491567 0.351190
0 0.990079 0.368386 0.972718 0.368386
0 0.505208 0.392196
0 0.275298 0.439484 0.283730 0.425265
0 0.409226 0.369709
0 0.380208 0.357804
0 0.341766 0.400132
0 0.498016 0.345899
0 0.642361 0.323413
0 0.719494 0.318122
0 0.385417 0.398810
0 0.424107 0.745701
0 0.339782 0.779101
0 0.495536 0.327712 0.496776 0.322090
0 0.507937 0.339286
0 0.283482 0.528439
0 0.159970 0.970899 0.178075 0.946429
0 0.407242 0.390873
0 0.611607 0.581019 0.611607 0.576058 0.627232 0.564815 0.639137 0.549603
0 0.359127 0.386905
0 0.254464 0.593915
0 0.254960 0.716931 0.225198 0.687169
0 0.421131 0.359127
0 0.522321 0.714947
0 0.407242 0.677910 0.414931 0.638889 0.434772 0.626984 0.416419 0.623016 0.449157 0.621032 0.407242 0.621032
0 0.522073 0.335648 0.517113 0.332672
0 0.419891 0.637897 0.387401 0.627976 0.388145 0.625661 0.401042 0.622354 0.386905 0.622354
0 0.998512 0.353505 0.989831 0.351190
0 0.456845 0.340608
0 0.368552 0.417328 0.369544 0.408069
0 0.401042 0.371032
0 0.431052 0.389550 0.414683 0.389550
0 0.429067 0.356481
0 0.389633 0.339286
0 0.910962 0.311508
0 0.201637 0.852513 0.199653 0.852513 0.185268 0.852513
0 0.359623 0.463624
0 0.993800 0.356481
0 0.451885 0.413360
0 0.289931 0.480820
0 0.372024 0.348545
0 0.952629 0.452050 0.920635 0.443122 0.898065 0.434524 0.983383 0.433532 0.988591 0.416005 0.898810 0.401455
0 0.925595 0.449074 0.915179 0.444775 0.965526 0.436177 0.910714 0.430556
0 0.544395 0.709656
0 0.330853 0.363095
0 0.314484 0.530754 0.297867 0.510582 0.303571 0.496693
0 0.298115 0.677249
0 0.572173 0.819444 0.558284 0.792989 0.604415 0.790675 0.557044 0.789021
0 0.449901 0.344577
0 0.463790 0.335317
0 0.277778 0.782077 0.278522 0.779431 0.279762 0.776786 0.280754 0.773810 0.283234 0.749339
0 0.425099 0.384259
0 0.507937 0.710979
0 0.323909 0.482143
0 0.396081 0.335317 0.396577 0.330026
0 0.284226 0.815476
0 0.474454 0.356481
0 0.431052 0.318122
0 0.404018 0.547619 0.370288 0.541336 0.372024 0.525794
0 0.403274 0.753968
0 0.359623 0.450397
0 0.357639 0.789021
0 0.442956 0.822090
0 0.252976 0.742394 0.281250 0.713624 0.278274 0.713624 0.265873 0.713624 0.252232 0.713624
0 0.409474 0.320767
0 0.427331 0.500661
0 0.364831 0.352513
0 0.516121 0.319444 0.507937 0.319444
0 0.645585 0.610450
0 0.414435 0.712302
0 0.391121 0.375000
0 0.410962 0.328704
0 0.539187 0.320767 0.539187 0.314153
0 0.298115 0.788360
0 0.485367 0.358796 0.484127 0.357474 0.495536 0.352513 0.486111 0.352513
0 0.418899 0.502646 0.388641 0.501984 0.387153 0.499339 0.407738 0.485119 0.404018 0.484458 0.420883 0.453373 0.383929 0.451720
0 0.575397 0.316799 0.577133 0.316468 0.568948 0.314153
0 0.300347 0.382937
0 0.265873 0.678241 0.257440 0.677249
0 0.364583 0.386905
0 0.464782 0.319444
0 0.334325 0.373677
0 0.403274 0.332672
0 0.516369 0.320767
0 0.409226 0.368386
0 0.300347 0.451720
0 0.419147 0.324735
0 0.965526 0.396495
0 0.393353 0.458995 0.401538 0.442460
0 0.288194 0.392196
0 0.260913 0.845899
0 0.347718 0.419974
0 0.321925 0.541667
0 0.158234 0.984458 0.126488 0.932209 0.126488 0.918320 0.138641 0.892526 0.155258 0.890873
0 0.372272 0.389220 0.371280 0.387235 0.371032 0.382937
0 0.394097 0.349868
0 0.437500 0.351190
0 0.536954 0.326720 0.536458 0.322090 0.534226 0.322090
0 0.509425 0.677249
0 0.280754 0.582672 0.273313 0.557540 0.258433 0.557540
0 0.384673 0.333995
0 0.381448 0.343254
0 0.366319 0.362103
0 0.494544 0.327381
0 0.388889 0.570106 0.393849 0.569444 0.415923 0.554563 0.381448 0.527116
0 0.358383 0.348545
0 0.364335 0.365741 0.357391 0.365741
0 0.154266 0.971561
0 0.468502 0.496362 0.461806 0.490741 0.461310 0.482143
0 0.405010 0.350860 0.417163 0.340608
0 0.917659 0.376323
0 0.483631 0.319444
0 0.269345 0.476852
0 0.370536 0.360450
0 0.400546 0.347222
0 0.307044 0.390873
0 0.415923 0.488757
0 0.258681 0.463624
0 0.989335 0.347222
0 0.354415 0.349868
0 0.416171 0.328704
0 0.655506 0.312831
0 0.507937 0.343254
0 0.492312 0.319444
0 0.313988 0.438492
0 0.286706 0.418651
0 0.366319 0.344577
0 0.301091 0.764550 0.299603 0.733466
