0 0.591518 0.670966 0.590526 0.649140 0.589286 0.647817 0.586558 0.639220 0.601687 0.623677
0 0.789187 0.514220 0.751984 0.512566
0 0.515625 0.667328
0 0.761905 0.517857
0 0.762401 0.580688
0 0.659722 0.475529
0 0.724206 0.462302
0 0.620784 0.562500 0.569940 0.509921
0 0.664435 0.528439
0 0.693700 0.673280 0.692460 0.671296 0.664435 0.636905
0 0.406498 0.557540 0.466518 0.549272 0.422619 0.533730
0 0.396081 0.597884 0.380952 0.562831
0 0.520833 0.544312
0 0.848958 0.562831
0 0.805308 0.507275 0.794643 0.507275 0.782242 0.507275
0 0.729167 0.530093 0.715774 0.528439
0 0.140129 0.507937
0 0.398562 0.677249
0 0.345238 0.677249
0 0.037946 0.607143 0.054563 0.599537 0.055308 0.592923 0.053571 0.589616 0.050843 0.577381 0.000000 0.554894
0 0.847718 0.543320 0.853175 0.507937
0 0.733383 0.460979
0 0.841270 0.646164
0 0.701637 0.558862 0.663194 0.558862
0 0.423859 0.629299
0 0.460813 0.538360 0.475198 0.531085
0 0.834573 0.459656
0 0.631696 0.631944 0.627232 0.623347 0.628472 0.561508
0 0.619792 0.466270
0 0.636161 0.636905 0.641121 0.623347 0.634921 0.562831
0 0.803075 0.502646 0.769097 0.478175
0 0.801587 0.487434 0.777282 0.487434
0 0.285962 0.533069 0.263393 0.531085
0 0.258433 0.495370
0 0.761905 0.628968
0 0.507937 0.500661
0 0.000000 0.507275
0 0.560516 0.479497
0 0.406498 0.658069 0.401042 0.658069
0 0.857639 0.607804 0.871032 0.545635
0 0.583829 0.594246 0.578869 0.569444
0 0.157490 0.601190
0 0.522321 0.468915
0 0.270337 0.498016
0 0.920139 0.476852 0.935764 0.467593
0 0.253472 0.693783 0.249504 0.690146 0.251240 0.682870 0.266369 0.673611 0.255208 0.659392 0.205605 0.644511 0.262153 0.640542 0.156002 0.640542 0.255456 0.635251 0.191716 0.631614 0.152282 0.631614
0 0.126984 0.528439
0 0.521329 0.475529
0 0.842510 0.495370
0 0.578869 0.474206
0 0.841270 0.460979
0 0.293403 0.499008 0.293651 0.496693
0 0.626488 0.474537 0.639137 0.472884
0 0.375000 0.472884 0.363095 0.472884
0 0.586310 0.594246 0.526786 0.588294 0.580605 0.576720 0.527034 0.576058 0.526786 0.553571
0 0.413690 0.472884
0 0.020585 0.507937
0 0.509673 0.659392
0 0.787698 0.472884
0 0.251488 0.479497
0 0.823909 0.677249
0 0.471974 0.681217 0.468750 0.677249
0 0.043403 0.711971 0.074653 0.708003 0.087302 0.689153 0.088542 0.680556 0.025298 0.677249
0 0.274306 0.479497
0 0.981151 0.678902 0.947669 0.672950 0.968006 0.670966 0.962798 0.665013 0.996280 0.663360 0.935516 0.627315 0.937748 0.626323 0.901786 0.626653 0.996280 0.622024 0.975694 0.601190 0.932292 0.601190 0.899554 0.601190
0 0.918651 0.468915
0 0.791915 0.556217
0 0.388145 0.544643 0.409970 0.539021 0.396081 0.539021 0.390625 0.539021
0 0.309524 0.701058 0.331845 0.678241
0 0.261161 0.484788
0 0.343750 0.466270
0 0.295635 0.476852
0 0.252232 0.503638 0.226438 0.498016
0 0.527034 0.677249
0 0.542907 0.472884
0 0.338790 0.628638 0.277034 0.582341 0.285714 0.562500 0.294395 0.557540 0.263889 0.556217 0.267361 0.555886 0.336806 0.549272 0.329365 0.546958 0.281746 0.544312
0 0.509177 0.580357
0 0.700893 0.677249
0 0.400298 0.535714 0.380952 0.525794
0 0.449901 0.616402 0.454861 0.603505
0 0.866319 0.470238
0 0.358383 0.630291
0 0.267857 0.677249
0 0.961806 0.455357 0.968502 0.454696 0.986111 0.453042
0 0.877480 0.495370
0 0.944444 0.597222 0.938740 0.594246 0.953869 0.586310 0.952381 0.584987 0.942956 0.557540 0.931548 0.555886 0.937996 0.554563 0.924107 0.539021
0 0.532738 0.476852
0 0.350694 0.663360 0.312004 0.630291
0 0.603175 0.671296
0 0.285218 0.620370 0.281994 0.613426 0.256944 0.557209
0 0.874752 0.469577
0 0.552083 0.507937
0 0.826637 0.697090 0.822421 0.693783
0 0.629960 0.479497
0 0.903770 0.667328 0.863343 0.665675 0.854415 0.662037 0.957589 0.644511 0.941716 0.643188 0.951389 0.640542 0.857391 0.637566 0.932540 0.631614 0.860615 0.618386
0 0.906498 0.451720
0 0.062252 0.503307
0 0.099702 0.534061 0.076389 0.528439
0 0.210813 0.506944 0.208581 0.505291 0.186756 0.504630 0.170635 0.504630 0.198661 0.504299 0.167907 0.501984
0 0.198661 0.546627 0.233135 0.543320 0.225446 0.540013 0.211558 0.537698
0 0.639881 0.666997 0.638393 0.662037 0.634921 0.610450
0 0.044147 0.507937
0 0.422123 0.484788
0 0.634921 0.467593
0 0.771825 0.461971 0.776290 0.453042
0 0.380952 0.623677
0 0.721230 0.457341
0 0.475694 0.479497 0.477183 0.472884
0 0.155258 0.677910
0 0.554067 0.473876 0.562996 0.470238
0 0.397569 0.533730
0 0.304812 0.499669 0.304812 0.494048 0.311508 0.493056 0.302579 0.491402
0 0.613343 0.478175
0 0.687996 0.458333 0.675347 0.458333
0 0.763889 0.458333
0 0.331845 0.540344 0.336558 0.521825
0 0.438740 0.478175
0 0.185764 0.533730
0 0.410962 0.476852
0 0.388145 0.470238
0 0.536210 0.476852
0 0.309772 0.501653 0.306052 0.497024 0.306052 0.492725 0.323661 0.487103 0.317708 0.486772 0.313740 0.482143
0 0.234127 0.544312
0 0.269345 0.501653 0.273810 0.494048
0 0.078373 0.507275 0.079861 0.496693
0 0.509177 0.483466
0 0.533234 0.617063
0 0.358135 0.680556
0 0.509425 0.482804 0.512897 0.471561
0 0.899554 0.457011 0.878472 0.457011
0 0.685516 0.486111 0.663194 0.472884
0 0.512401 0.572090
0 0.142113 0.235450 0.128472 0.169974
0 0.790675 0.459656
0 0.610367 0.471561
0 0.942708 0.466601 0.940228 0.454365
0 0.745536 0.677249
0 0.529266 0.547288 0.529018 0.543981 0.497024 0.506614 0.507440 0.504960 0.520833 0.501653 0.479663 0.498016
0 0.105159 0.554233
0 0.857143 0.467593
0 0.962798 0.466931 0.970486 0.460317 0.963046 0.453042
0 0.648562 0.466270
0 0.591518 0.467593
0 0.559276 0.536376 0.554067 0.536376
0 0.556300 0.467593
0 0.902282 0.467593
0 0.229167 0.535053
0 0.771577 0.473876 0.770833 0.471561
0 0.785218 0.615741
0 0.267857 0.486111
0 0.380952 0.474206
0 0.054067 0.713624
