0 0.896329 0.280754 0.866567 0.277116 0.897073 0.272817 0.882937 0.270503
0 0.127976 0.224206
0 0.844246 0.329696 0.862847 0.317460
0 0.878472 0.299603
0 0.614831 0.445767
0 0.904514 0.338624
0 0.001240 0.146825
0 0.404266 0.507937
0 0.694444 0.562500
0 0.090774 0.299272 0.034226 0.281415 0.040675 0.271825 0.034226 0.271825
0 0.657986 0.678902 0.638145 0.677249
0 0.035466 0.535384 0.080853 0.526124 0.078621 0.516204 0.002480 0.502646 0.081349 0.502315 0.050843 0.479497
0 0.730407 0.522156 0.688244 0.507937 0.682044 0.507937
0 0.563988 0.685847
0 0.130952 0.206680 0.128968 0.205357 0.133185 0.169974
0 0.565724 0.342593 0.520585 0.307540
0 0.027778 0.241402
0 0.484127 0.518849 0.489335 0.487103 0.515377 0.484788
0 0.287450 0.195106
0 0.789931 0.413360 0.773313 0.388558 0.801091 0.378968
0 0.555308 0.163360
0 0.628224 0.412698 0.615823 0.383929 0.614087 0.382937 0.639881 0.378968 0.588542 0.378968
0 0.578869 0.570767
0 0.979663 0.267196 0.918651 0.263889 0.913194 0.263889
0 0.762401 0.340608
0 0.900546 0.487434
0 0.478671 0.677910
0 0.282242 0.244378 0.306796 0.243386 0.285962 0.213624
0 0.806300 0.289021
0 0.012649 0.242725 0.000000 0.242725
0 0.855407 0.486111
0 0.308780 0.791336 0.328621 0.789352 0.337550 0.788690 0.290923 0.769511 0.309276 0.754299 0.333333 0.711971 0.329365 0.704696 0.300843 0.677249
0 0.785962 0.247354 0.773065 0.244048
0 0.868056 0.288029 0.868304 0.286376 0.869048 0.283399 0.808036 0.269180
0 0.918155 0.369378 0.821925 0.361442 0.835317 0.356481 0.821925 0.356481
0 0.541171 0.485119 0.523065 0.477844 0.507937 0.477844 0.534970 0.476190 0.507937 0.472222 0.594494 0.471230 0.525050 0.469246 0.542907 0.465278 0.507937 0.459987 0.512401 0.448413 0.559524 0.444444 0.546131 0.422619 0.525794 0.409061 0.528274 0.402778 0.595238 0.391865 0.532738 0.390212 0.606647 0.389881 0.595982 0.385582 0.588046 0.385582 0.578869 0.385582
0 0.841270 0.225529
0 0.647569 0.729167
0 0.407986 0.818452 0.397817 0.796958 0.357143 0.796958
0 0.510913 0.177910
0 0.409970 0.293320
0 0.839534 0.420966 0.783234 0.420966
0 0.401042 0.480820
0 0.661706 0.606481
0 0.374008 0.654101
0 0.174603 0.260913 0.197421 0.244048 0.157242 0.244048
0 0.169395 0.445767 0.128720 0.445767
0 0.381696 0.388228
0 0.960317 0.535714 0.967510 0.532407 0.978919 0.476852 0.952877 0.476852
0 0.772817 0.505952 0.735615 0.505952
0 0.273313 0.841601 0.268849 0.788360
0 0.146329 0.706349 0.126984 0.677249
0 0.253968 0.677249
0 0.668899 0.522156 0.678819 0.519180 0.664931 0.513228 0.659226 0.502976 0.674603 0.491071 0.675843 0.486111 0.654266 0.474868 0.646329 0.471892 0.671379 0.469577 0.634921 0.464947 0.694196 0.423611 0.645089 0.423280 0.649554 0.417989 0.658730 0.404762 0.690724 0.401455 0.655010 0.401455
0 0.646329 0.311177 0.659722 0.303571 0.646329 0.303571
0 0.758185 0.375992 0.758681 0.375000 0.681052 0.373016 0.718750 0.370370 0.679563 0.365079 0.677579 0.361772 0.715526 0.360450 0.669147 0.348214 0.687748 0.339616 0.669147 0.330357 0.672867 0.329696 0.680804 0.328373 0.682788 0.326389 0.755704 0.322090 0.703621 0.322090 0.689980 0.322090 0.669147 0.322090
0 0.492560 0.677249
0 0.841270 0.845238
0 0.895337 0.643519 0.878472 0.629299
0 0.991319 0.529101
0 0.000992 0.298280 0.000000 0.267857
0 0.262401 0.203042
0 0.283730 0.688492
0 0.380952 0.241402
0 0.947917 0.355820 0.959325 0.310847 0.985615 0.304894 0.971230 0.304894 0.947917 0.304894
0 0.742063 0.324074 0.784474 0.321759 0.736111 0.321759 0.779762 0.315807 0.745536 0.283730 0.730655 0.283730
0 0.255952 0.368386
0 0.382440 0.239749 0.424603 0.230489 0.417907 0.229497 0.421875 0.229167 0.398810 0.212302 0.420139 0.204696 0.430308 0.191138 0.402778 0.191138
0 0.652282 0.238757
0 0.152282 0.209656
0 0.847718 0.197751
0 0.017361 0.378307 0.104415 0.372024 0.047619 0.340939 0.047123 0.334325 0.055308 0.332672 0.089534 0.322090
0 0.524058 0.677910
0 0.459573 0.539683 0.471726 0.509921
0 0.068948 0.220238 0.034226 0.220238
0 0.580109 0.400132 0.571677 0.393519 0.549603 0.375000 0.553571 0.373677 0.563492 0.373016 0.574653 0.372354 0.510169 0.370701 0.579117 0.369378 0.543651 0.361772 0.576389 0.356481 0.534970 0.356481
0 0.062252 0.200397 0.037946 0.200397
0 0.648810 0.625000
0 0.411954 0.404101 0.405506 0.385251 0.410714 0.380291
0 0.518849 0.622354 0.529018 0.608135 0.513889 0.574735
0 0.509921 0.560185 0.508929 0.558862 0.535714 0.557209 0.529514 0.552249
0 0.518105 0.261243 0.512401 0.237434
0 0.137153 0.310185 0.154514 0.278439 0.122520 0.278439
0 0.557788 0.689153 0.554315 0.686839 0.519345 0.684524 0.515377 0.657738 0.513889 0.655423 0.509425 0.646164
0 0.634921 0.218915
0 0.436012 0.204365 0.443700 0.200728 0.448413 0.194775 0.440476 0.193783 0.425099 0.169312
0 0.280010 0.341601 0.281498 0.339286
0 0.001240 0.430225
0 0.903522 0.680556 0.888145 0.670966 0.978423 0.652447 0.970982 0.648810 0.890377 0.643519 0.959821 0.643188 0.957589 0.643188 0.890625 0.625992 0.888889 0.624669 0.971726 0.598876 0.972966 0.595899 0.935764 0.595899 0.892609 0.595899
0 0.648313 0.761243 0.646329 0.735780 0.642361 0.733466 0.662202 0.723545 0.635417 0.710979
0 0.296131 0.352513 0.296131 0.338624
0 0.955605 0.573082 0.948165 0.569114 0.943948 0.569114 0.969494 0.563161 0.967510 0.555556 0.973462 0.553241 0.928571 0.534722 0.972222 0.532407 0.970238 0.528108 0.892361 0.516865 0.924603 0.510582 0.952133 0.509590 0.923611 0.509590 0.969246 0.507937 0.964286 0.507937 0.892361 0.507937
0 0.570933 0.276124 0.588046 0.273148 0.572173 0.273148
0 0.527778 0.282077 0.511905 0.274140 0.514137 0.270172 0.510665 0.267857
0 0.155010 0.552579
0 0.634177 0.205688
0 0.118304 0.844577 0.139137 0.769511 0.140873 0.767526 0.125496 0.762897 0.145089 0.761243 0.146825 0.759259 0.148810 0.756614 0.150794 0.753968 0.138889 0.733135 0.091766 0.729497
0 0.573661 0.843254 0.555804 0.839947 0.553075 0.837632 0.540427 0.788360
0 0.426835 0.824405 0.411954 0.822090 0.424355 0.814153 0.412698 0.813823 0.425099 0.806548 0.424355 0.804894 0.390377 0.791005 0.442708 0.790013 0.447917 0.788029 0.459573 0.771495 0.433532 0.737434 0.420883 0.730489 0.458581 0.729828 0.406498 0.718915 0.390377 0.718915
0 0.138393 0.365741
0 0.516121 0.365410 0.514385 0.361442 0.452877 0.357804 0.453621 0.355489 0.489335 0.345899 0.450893 0.345899
0 0.494544 0.203042
0 0.962302 0.362765 0.957589 0.359127 0.936012 0.359127
0 0.000000 0.193783
0 0.138393 0.710317 0.036706 0.704365 0.040179 0.698082 0.040923 0.695767 0.049603 0.691799 0.043403 0.691799 0.083829 0.688823 0.043651 0.679233 0.033234 0.677249
0 0.122024 0.196429 0.133433 0.169974
0 0.117063 0.490741 0.157490 0.475529
0 0.797123 0.207011 0.836806 0.174934
0 0.541667 0.590608 0.563740 0.575066 0.563988 0.572421 0.565476 0.541667 0.534226 0.508598
0 0.456101 0.547950 0.448413 0.541997 0.417659 0.525794
0 0.770089 0.269180
0 0.603671 0.433862 0.607887 0.427910
0 0.304563 0.356481
0 0.770337 0.192460
0 0.634177 0.300926 0.633929 0.290013 0.598710 0.270503
0 0.649554 0.273148
0 0.338542 0.274140 0.343750 0.225529 0.338294 0.225529 0.332837 0.225529 0.306052 0.225529
0 0.098214 0.302910 0.080605 0.294643 0.105159 0.292989
0 0.769593 0.704034
0 0.802827 0.556548 0.805804 0.551257 0.767361 0.520503 0.768105 0.519841 0.766369 0.508598
0 0.862599 0.927910 0.841270 0.912368
0 0.191220 0.338624 0.176091 0.338624
0 0.388145 0.718915 0.304563 0.718585 0.330357 0.717923 0.351190 0.690807 0.349702 0.656746 0.406250 0.638228 0.411706 0.637566 0.311012 0.616071 0.325893 0.615079 0.321925 0.608796 0.314732 0.605159 0.317708 0.595899 0.408234 0.593254 0.355407 0.593254
0 0.409970 0.229497
0 0.164683 0.454365 0.160714 0.450066 0.128224 0.421296
0 0.761905 0.241402
0 0.273313 0.540013 0.265129 0.532077 0.269097 0.531415 0.261905 0.522487 0.262897 0.503307 0.275050 0.494048
0 0.170883 0.223545 0.210069 0.190807 0.227431 0.187169 0.173363 0.187169
0 0.341022 0.788360
0 0.386409 0.312831
0 0.126984 0.300926
0 0.133433 0.291667 0.139881 0.286045 0.121280 0.277116 0.141369 0.265542 0.140129 0.255622 0.144841 0.249339 0.124008 0.249339
0 0.566964 0.512897 0.566964 0.507937
0 0.410714 0.344577 0.405258 0.344577
0 0.406250 0.483466
0 0.210317 0.608796 0.213294 0.607804 0.215774 0.602513 0.187004 0.576058
0 0.410962 0.367063
0 0.675843 0.405754 0.661210 0.403439 0.675843 0.359127
0 0.695685 0.285053 0.701637 0.257275 0.714286 0.250661 0.692956 0.250661
0 0.681052 0.579365 0.682292 0.550926
0 0.511905 0.657738 0.550843 0.627976 0.509177 0.625000
0 0.525298 0.634259 0.517857 0.627315 0.501736 0.625000
0 0.917411 0.913029 0.901290 0.889550
0 0.558036 0.677249
0 0.491567 0.359127
0 0.644841 0.797950 0.591766 0.788360
0 0.279266 0.818122 0.334325 0.813823 0.315476 0.810847 0.279266 0.788360
0 0.274554 0.463294 0.266865 0.438492 0.262649 0.435847 0.259425 0.434193 0.254960 0.430225 0.229167 0.424934 0.257440 0.422950 0.281002 0.416997 0.240823 0.396164 0.221726 0.396164
0 0.608383 0.263889
0 0.081845 0.205688
0 0.457837 0.677249
0 0.261161 0.555225 0.250496 0.539021
0 0.777282 0.348876 0.816716 0.348214 0.807540 0.341601 0.813740 0.339616 0.771329 0.338624 0.764385 0.338624
0 0.253968 0.293651 0.261657 0.260251
0 0.151786 0.533399 0.151042 0.531085 0.143105 0.522487 0.154018 0.519841 0.152034 0.518849 0.147569 0.508598 0.126984 0.508598
0 0.801091 0.359127
0 0.632937 0.362434 0.628472 0.334656
0 0.477183 0.687169
0 0.508681 0.568122
0 0.031746 0.372024 0.027530 0.360450
0 0.234623 0.709656
0 0.383185 0.573743 0.383929 0.554894
0 0.148313 0.356481 0.143601 0.352513
0 0.898065 0.183201
0 0.517113 0.308862 0.496032 0.308862 0.491567 0.308862
0 0.914683 0.377646 0.903026 0.375661 0.912946 0.374339 0.901290 0.369709 0.927827 0.352513 0.901290 0.352513
0 0.070933 0.694775 0.062004 0.687831 0.015873 0.679894 0.007440 0.660053 0.146329 0.623347 0.018353 0.599868 0.095734 0.567130 0.146825 0.565476 0.071429 0.565476
0 0.636409 0.234788
0 0.865079 0.208333 0.860367 0.200728 0.852431 0.185847
0 0.034970 0.762566
0 0.917659 0.869378 0.870288 0.853836 0.868056 0.852183 0.866071 0.850860 0.837798 0.818122 0.875248 0.807870 0.837798 0.798942 0.841518 0.794974 0.842262 0.791005 0.909970 0.789021 0.872024 0.789021 0.837798 0.789021
