0 0.630952 0.430906
0 0.523459 0.499300 0.535364 0.473856
0 0.442927 0.486928
0 0.556373 0.402661 0.558473 0.390756
0 0.514006 0.455182 0.506303 0.455182
0 0.452031 0.481326
0 0.597164 0.395425
0 0.498599 0.459851
0 0.394608 0.459851
0 0.514531 0.406629
0 0.567052 0.386088
0 0.720763 0.476891
0 0.647234 0.535948 0.614321 0.509337
0 0.469713 0.570962
0 0.425420 0.498133
0 0.616772 0.408497
0 0.304972 0.577498
0 0.710084 0.478058
0 0.506478 0.433707
0 0.450980 0.514939
0 0.666842 0.424370
0 0.416317 0.542484 0.438725 0.526144 0.431548 0.526144 0.425245 0.526144
0 0.464286 0.438375
0 0.918417 0.506303 0.897934 0.476657
0 0.476541 0.478058 0.481092 0.467320
0 0.464461 0.504669
0 0.298845 0.576564
0 0.783263 0.490896 0.743347 0.478058
0 0.589286 0.431839 0.595238 0.420635
0 0.494398 0.569795 0.496324 0.562558
0 0.603116 0.520542 0.573880 0.520542
0 0.949055 0.597572
0 0.627976 0.509337
0 0.463060 0.478525
0 0.679272 0.411298
0 0.346289 0.620448
0 0.377451 0.514939
0 0.432073 0.597572
0 0.495973 0.501401 0.500525 0.491597
0 0.657038 0.400093
0 0.550595 0.433707
0 0.405637 0.553922 0.400910 0.547852 0.419293 0.530812 0.407738 0.530812
0 0.533964 0.411531 0.541667 0.403828 0.551120 0.401961 0.542717 0.401961
0 0.448529 0.459851
0 0.572479 0.419701
0 0.181548 0.725023
0 0.540266 0.478758 0.542892 0.478058
0 0.764181 0.361345
0 0.411940 0.506536 0.415266 0.500000
0 0.437675 0.463585
0 0.608543 0.457516 0.607143 0.454482 0.615371 0.437442
0 0.314076 0.665733 0.304272 0.645658 0.312325 0.645658 0.309699 0.644958 0.306723 0.641223 0.346989 0.634687 0.345238 0.629785 0.315476 0.629785
0 0.913165 0.535247 0.899160 0.534314 0.897759 0.534314 0.902136 0.532446 0.906338 0.529412 0.916667 0.525677 0.880602 0.489729
0 0.277136 0.578431
0 0.914566 0.525210
0 0.507353 0.422736 0.509979 0.415033
0 0.713936 0.518908 0.688725 0.482260
0 0.806723 0.478058
0 0.320553 0.543884 0.311275 0.543884
0 0.195028 0.710084 0.195728 0.706116 0.227241 0.704715 0.222689 0.672736 0.209909 0.672736
0 0.599790 0.426237 0.602241 0.414099
0 0.553746 0.390756
0 0.480917 0.497199
0 0.468662 0.448646
0 0.140406 0.626984
0 0.557598 0.532680
0 0.593137 0.464286 0.608543 0.447712 0.606618 0.447712 0.594188 0.447712
0 0.467962 0.604342 0.466211 0.571895
0 0.511555 0.453315
0 0.317577 0.486928
0 0.541667 0.397292 0.537815 0.397292
0 0.285714 0.582166 0.273459 0.582166
0 0.548494 0.466387
0 0.520308 0.459384 0.519083 0.457750 0.521008 0.456816 0.519608 0.454715 0.519783 0.452848 0.533438 0.440243
0 0.512080 0.488796
0 0.324405 0.484127
0 0.806723 0.498133
0 0.629727 0.391690
0 0.675945 0.412232
0 0.452031 0.434407 0.454482 0.431839
0 0.273459 0.597572
0 0.499475 0.576797 0.499300 0.566060 0.520658 0.545752
0 0.556898 0.458917
0 0.421919 0.457049
0 0.179272 0.612979
0 0.671043 0.393557
0 0.541667 0.404528 0.545168 0.396359
0 0.588235 0.410364
0 0.263480 0.563492
0 0.095238 0.692344
0 0.336310 0.580766 0.309174 0.570261 0.323880 0.562558 0.309174 0.562558
0 0.827906 0.493464
0 0.383228 0.518674 0.365021 0.518674
0 0.546043 0.386088
0 0.520658 0.412232 0.520658 0.405696
0 0.393382 0.493231 0.395133 0.492297 0.377626 0.481326
0 0.617297 0.398926 0.618347 0.386088
0 0.538690 0.440243
0 0.268908 0.597572
0 0.131127 0.626984
0 0.385329 0.626050 0.416492 0.610644 0.417367 0.600607 0.412465 0.600373 0.419118 0.594304
0 0.200805 0.611111 0.197654 0.611111
0 0.460959 0.423436
0 0.618522 0.395892 0.617647 0.391457 0.615546 0.389823 0.604342 0.389823
0 0.289041 0.555089
0 0.629902 0.408497
0 0.301296 0.647526 0.275735 0.647526
0 0.396534 0.507470
0 0.445728 0.439309
0 0.181197 0.592437
0 0.244048 0.697712 0.245798 0.681606 0.278536 0.661298 0.258228 0.654762 0.257878 0.653128
0 0.517157 0.419701 0.521008 0.411298
0 0.233894 0.547619
0 0.425770 0.468021 0.415791 0.466387
0 0.359069 0.504902 0.358543 0.502801
0 0.351541 0.523343
0 0.286415 0.511204
0 0.388305 0.477591
0 0.222339 0.674136 0.248424 0.659664 0.242822 0.659664
0 0.336485 0.525210
0 0.362045 0.568161 0.373775 0.549486
0 0.426821 0.466387
0 0.571078 0.363679
0 0.501926 0.418768
0 0.538165 0.394491
0 0.530112 0.386088
0 0.983894 0.515173 0.977591 0.514706 0.983368 0.511905 0.927871 0.495331 0.930497 0.494865 0.923319 0.489729
0 0.913165 0.464986 0.875525 0.457983
0 0.301296 0.515173 0.310399 0.504669
0 0.351190 0.536881 0.331408 0.533613
0 0.200105 0.648459 0.192927 0.648459
0 0.321429 0.557423 0.316527 0.543417 0.317227 0.538282
0 0.839636 0.510271
0 0.269258 0.545752 0.266982 0.540149
0 0.317227 0.512138
0 0.047094 0.670868
0 0.448529 0.455649 0.452206 0.444911
0 0.391106 0.539216
0 0.693978 0.426237
0 0.179272 0.644725
0 0.371674 0.485061
0 0.000000 0.897759
0 0.641106 0.381419
0 0.637605 0.375817
0 0.738445 0.462652
0 0.468838 0.475724
0 0.647409 0.384220
0 0.030462 0.694911 0.066527 0.686741 0.042017 0.686741 0.030462 0.686741
0 0.104867 0.653128
0 0.183473 0.638889 0.193803 0.627918
0 0.170168 0.608310
0 0.308999 0.664799 0.297969 0.654295 0.292717 0.650327 0.301821 0.639356 0.300595 0.635387
0 0.413515 0.510504 0.413340 0.509104 0.404762 0.508870 0.414216 0.507470 0.403186 0.504669
0 0.991071 0.602241 0.997374 0.599673 0.903011 0.598039 0.903011 0.585201 0.905637 0.584967 0.913165 0.548319 0.974265 0.545051 0.969888 0.544351 0.918592 0.543884 0.958333 0.543651 0.955357 0.543417 0.949230 0.541783 0.929272 0.541083 0.974790 0.537115 0.973389 0.535481 0.971989 0.535247 0.958158 0.521008 0.960784 0.519374 0.957808 0.519141 0.953431 0.514006 0.939251 0.514006
0 0.656338 0.368347
0 0.441702 0.448646
0 0.288515 0.568161 0.273810 0.552288
0 0.415616 0.471055 0.409839 0.471055
0 0.576681 0.457049
0 0.137430 0.664332
0 0.502801 0.415266 0.503326 0.409430
0 0.583508 0.378618 0.577381 0.378618
0 0.234594 0.612979
0 0.331933 0.573529 0.333683 0.570028 0.353466 0.556022
0 0.322129 0.503735
0 0.923144 0.505602
0 0.379027 0.604575
0 0.911765 0.464286 0.888305 0.461718
0 0.660714 0.386088
0 0.412465 0.484827 0.405462 0.478058
0 0.684699 0.399160
0 0.264181 0.580532 0.249650 0.569795 0.257703 0.564426
0 0.572479 0.372082
0 0.435574 0.524276
0 0.523459 0.391690
0 0.561625 0.440243
0 0.359419 0.565359
0 0.119223 0.819561 0.119923 0.815593 0.101716 0.814192 0.117822 0.793184 0.095588 0.756769
0 0.250175 0.566760 0.257178 0.549486
0 0.627451 0.373016
0 0.681373 0.419701
0 0.566001 0.363679
0 0.777836 0.377218 0.785889 0.375817 0.782038 0.359244
0 0.105042 0.666200 0.103291 0.663399
0 0.604692 0.386088 0.594713 0.386088
0 0.468662 0.454248 0.449930 0.454248
0 0.364496 0.526844 0.359944 0.521475 0.355917 0.521475
0 0.157563 0.746499 0.154412 0.746499 0.108193 0.731559 0.134979 0.724090 0.105742 0.724090
0 0.483018 0.428105
0 0.327731 0.528945
0 0.269258 0.547619
0 0.060399 0.725957 0.053396 0.725023 0.050245 0.724790 0.061625 0.724323 0.043067 0.720822 0.064601 0.718487 0.065126 0.717087 0.039566 0.715453 0.038866 0.702848 0.064076 0.700747 0.080707 0.697012 0.042542 0.697012
0 0.382003 0.445845
0 0.115196 0.675303 0.120798 0.670868
0 0.628676 0.363679
0 0.498249 0.414099
0 0.090511 0.662465
0 0.399160 0.415966
0 0.495273 0.423436
0 0.657738 0.378618
0 0.287115 0.539216
0 0.474790 0.376751
0 0.358543 0.570962
0 0.137605 0.704482
0 0.106618 0.666200 0.103291 0.665033 0.134454 0.655929
0 0.583683 0.394258 0.582283 0.386088
0 0.197479 0.663165 0.174370 0.659664
0 0.540441 0.364613
0 0.166317 0.688375 0.158613 0.687208 0.157038 0.685574 0.155812 0.682540 0.167192 0.661531
0 0.466737 0.434641
0 0.311975 0.558824
0 0.738270 0.450514
0 0.034664 0.749300 0.037290 0.741363 0.067227 0.739729 0.048319 0.737395 0.094188 0.731793 0.058824 0.727591 0.052871 0.727358 0.034664 0.725724 0.065826 0.717087
0 0.576681 0.457983
0 0.850665 0.469655 0.845938 0.464519 0.870973 0.456116 0.849965 0.447712
0 0.367297 0.490663
0 0.538165 0.372082
0 0.052171 0.818627 0.108718 0.778478 0.078081 0.774276 0.080532 0.773109 0.047969 0.767740 0.073529 0.766807 0.071604 0.766807 0.104342 0.753501 0.058824 0.739963 0.051996 0.739963
0 0.002276 0.895658 0.006478 0.854108 0.013480 0.852007
0 0.538165 0.374883
0 0.391457 0.443978
0 0.544993 0.352474
0 0.442577 0.432773
0 0.497549 0.403828
0 0.716387 0.440243 0.736169 0.426937 0.735294 0.425303 0.732668 0.422502 0.718137 0.422502
0 0.358543 0.536415
0 0.064601 0.886321 0.066877 0.885387 0.066702 0.872316 0.044118 0.850607
0 0.195728 0.601774
0 0.433123 0.457049 0.423319 0.444911
0 0.576506 0.383053 0.570728 0.376751
0 0.662815 0.378618
0 0.272059 0.577498
0 0.503326 0.382353
0 0.438025 0.452381
0 0.186625 0.717087
0 0.487920 0.442110
0 0.504552 0.386788 0.509629 0.385387
0 0.358543 0.494398
0 0.293592 0.510271
0 0.478116 0.445845
0 0.239146 0.610177
0 0.293242 0.551354
0 0.545168 0.362745
0 0.376751 0.495331 0.364321 0.495331
0 0.448179 0.360177
0 0.429272 0.438375
0 0.429622 0.466153 0.429622 0.457983
0 0.570378 0.367414
0 0.452031 0.349673
0 0.616597 0.380486
0 0.294468 0.538282
0 0.473039 0.418534 0.468487 0.406629
0 0.580182 0.385154
0 0.671394 0.381419 0.670343 0.381419
0 0.360994 0.239496
0 0.567402 0.385154
0 0.022059 0.803688 0.000875 0.796919 0.011029 0.789449 0.001050 0.789449
0 0.460784 0.367414
0 0.448179 0.380486
0 0.401436 0.463585
0 0.295168 0.527077
0 0.572654 0.452381
0 0.463585 0.353408
0 0.278536 0.667834 0.275560 0.647526
0 0.199755 0.630719
0 0.330532 0.529645 0.327731 0.528945 0.345413 0.525210 0.329832 0.520075 0.326681 0.518674 0.329482 0.516807
0 0.537465 0.374883
0 0.586485 0.373016
0 0.551821 0.361811
0 0.811625 0.437442 0.806723 0.434641
0 0.507878 0.363679
0 0.417367 0.459851
0 0.355567 0.493464
0 0.104342 0.683940 0.101891 0.683940
0 0.544993 0.383287 0.537465 0.383287
0 0.792367 0.428805 0.797444 0.427171
0 0.221464 0.591503 0.228992 0.574697 0.220238 0.574697
0 0.334034 0.496265 0.327731 0.496265
0 0.506127 0.349673
0 0.482493 0.386555 0.475140 0.385154
0 0.468838 0.350607
0 0.362395 0.478525
0 0.524335 0.401961
0 0.461134 0.375817
0 0.354517 0.468721
0 0.647409 0.384220
0 0.769258 0.494398
0 0.265056 0.582633 0.259804 0.576331 0.260504 0.575397 0.258754 0.571895
0 0.695028 0.413165
0 0.179272 0.697479 0.179272 0.695145
0 0.554272 0.369281
0 0.523810 0.376751
0 0.468662 0.416900
0 0.091737 0.722222
0 0.358894 0.477358 0.361695 0.468954 0.373950 0.450514
0 0.559349 0.429972
0 0.297969 0.522409
0 0.516457 0.394491
0 0.464636 0.380486
0 0.099790 0.732960 0.120098 0.725957 0.104517 0.721055 0.107668 0.718254 0.099790 0.717087
0 0.785364 0.455182 0.787640 0.443277 0.787115 0.442110 0.786239 0.440243
0 0.554272 0.355275
0 0.563375 0.373950
0 0.285189 0.544818
0 0.176120 0.638655 0.179972 0.620448 0.170518 0.620448
0 0.448179 0.345938
0 0.435399 0.444911
0 0.045868 0.805322 0.054272 0.779412 0.039566 0.776144 0.058298 0.773576 0.045868 0.773576
0 0.592962 0.368347
0 0.038340 0.718021 0.016457 0.717087
0 0.478466 0.432306 0.474440 0.427171
0 0.465861 0.373950
0 0.277661 0.516807
0 0.532038 0.385154
0 0.690651 0.404762
0 0.190651 0.622316
0 0.282213 0.532213 0.277136 0.524276
0 0.447129 0.406162 0.440301 0.401027
0 0.467962 0.364613
0 0.386380 0.474556 0.382703 0.468721 0.388130 0.466153 0.387430 0.463585
0 0.922969 0.504669
0 0.628501 0.385154
0 0.553571 0.366480
0 0.489321 0.382353
0 0.513130 0.396359
0 0.503676 0.386088
0 0.381478 0.553688 0.379552 0.546685
0 0.534489 0.393791 0.535889 0.387021
0 0.478992 0.345005
0 0.279762 0.576564
0 0.776261 0.409197 0.777486 0.408030 0.778887 0.402428 0.779762 0.391223 0.771884 0.380719
0 0.542367 0.361811
0 0.220938 0.603408 0.220063 0.602474 0.206933 0.597572
0 0.030287 0.731559 0.024860 0.724090
0 0.448179 0.351541
0 0.448179 0.375817
0 0.476366 0.400093
0 0.563375 0.377684
0 0.397934 0.459150 0.391632 0.452381
0 0.482493 0.386555 0.481443 0.385154
0 0.553221 0.365546 0.550770 0.365546
0 0.550070 0.355275
0 0.171919 0.651261
0 0.484419 0.357143
0 0.094538 0.692344
0 0.490896 0.419701
0 0.024860 0.836601
0 0.194503 0.638189 0.192052 0.638189
0 0.411415 0.453315
