0 0.505777 0.361111
0 0.526611 0.337535
0 0.560224 0.374883
0 0.609594 0.324463
0 0.572129 0.366480
0 0.537815 0.393557
0 0.577731 0.358543
0 0.548144 0.345005 0.509104 0.345005
0 0.408964 0.431139 0.416141 0.430906 0.424895 0.426004 0.435749 0.404762
0 0.553221 0.377684 0.551471 0.374883
0 0.511905 0.398459 0.511905 0.386088
0 0.563725 0.341270 0.562850 0.338469
0 0.516457 0.402894
0 0.645308 0.359010
0 0.561975 0.351541
0 0.545168 0.385154
0 0.358543 0.478058
0 0.562150 0.363679
0 0.587535 0.361811
0 0.768557 0.322129 0.771709 0.310458
0 0.319153 0.528011 0.321254 0.520308 0.334734 0.496265
0 0.568803 0.412698 0.547969 0.391690
0 0.585784 0.375817
0 0.600490 0.342204
0 0.331057 0.438375
0 0.433298 0.480859 0.435749 0.474790
0 0.566877 0.362745 0.571078 0.350607
0 0.407213 0.481092 0.404062 0.460784
0 0.397584 0.427171
0 0.627451 0.358543
0 0.204132 0.481326
0 0.619573 0.336601
0 0.368873 0.486928 0.358543 0.486928
0 0.587885 0.366480 0.585784 0.366480
0 0.595588 0.342204
0 0.268908 0.458450 0.290441 0.436508
0 0.268908 0.454248
0 0.358543 0.417834
0 0.592087 0.353408
0 0.287290 0.489729
0 0.365196 0.445612 0.391106 0.439542
0 0.546569 0.366480
0 0.454657 0.452381
0 0.568978 0.402894
0 0.613796 0.336601
0 0.184524 0.605742 0.185749 0.597572
0 0.713761 0.302988
0 0.583859 0.345005
0 0.580882 0.351541
0 0.448179 0.415733 0.449930 0.403828 0.449055 0.391690
0 0.179272 0.507470
0 0.515581 0.396359
0 0.185924 0.518674
0 0.204832 0.478058
0 0.087360 0.597572
0 0.094188 0.597572
0 0.492647 0.450514
0 0.710259 0.314659 0.709034 0.313259
0 0.576681 0.326331
0 0.676646 0.325397
0 0.561975 0.380952 0.564076 0.371148
0 0.709559 0.301120
0 0.636905 0.318394 0.635154 0.317694 0.613095 0.313259
0 0.761204 0.308590
0 0.473389 0.373016
0 0.577206 0.374883
0 0.787115 0.316060 0.778887 0.316060
0 0.573354 0.342204
0 0.410889 0.438375 0.402311 0.438375
0 0.643207 0.356443 0.644783 0.345005
0 0.600490 0.415966
0 0.179272 0.576564
0 0.661415 0.312325
0 0.641282 0.324463
0 0.739496 0.288049
0 0.477766 0.444911
0 0.300070 0.478058
0 0.540966 0.375817
0 0.707108 0.327965 0.705532 0.323529
0 0.460434 0.408730 0.471464 0.384687 0.509279 0.381419
0 0.344713 0.486228 0.312675 0.478058
0 0.303221 0.489729
0 0.179272 0.603641
0 0.401961 0.911765
0 0.797444 0.307656
0 0.612395 0.358543
0 0.251050 0.577731 0.270833 0.539216 0.252276 0.539216
0 0.290441 0.471055
0 0.156338 0.483193
0 0.574580 0.335901 0.574580 0.329132
0 0.551996 0.365546
0 0.279762 0.522876 0.276611 0.501401
0 0.637780 0.331933
0 0.425770 0.480392
0 0.681723 0.311391
0 0.583158 0.343137 0.560049 0.340803 0.587710 0.334267 0.565476 0.330999
0 0.649335 0.329132
0 0.106092 0.603641
0 0.259804 0.516807
0 0.607493 0.358543
0 0.691527 0.319795
0 0.599090 0.358543
0 0.664916 0.318861
0 0.596989 0.371148
0 0.605392 0.358077
0 0.684349 0.331933
0 0.681022 0.316993
0 0.695203 0.323529
0 0.648459 0.316060
0 0.619923 0.345938
0 0.508578 0.401027
0 0.717787 0.311391 0.717087 0.308590
0 0.633929 0.342670 0.634104 0.328198
0 0.702031 0.304855
0 0.608894 0.371148
0 0.635329 0.340336
0 0.069503 0.610411
0 0.709034 0.330999
0 0.537815 0.384220
0 0.303746 0.540149 0.307598 0.513072
0 0.735294 0.293651
0 0.749650 0.298319
0 0.411064 0.476424 0.409664 0.472923 0.425420 0.460784
0 0.627801 0.321662
0 0.297094 0.501867
0 0.970938 0.281513
0 0.427871 0.454248
0 0.632353 0.344071
0 0.590686 0.368347
0 0.707808 0.323529 0.700630 0.323529
0 0.715161 0.319795
0 0.647934 0.872549
0 0.424720 0.450047 0.456758 0.441176 0.430147 0.441176
0 0.296919 0.435107 0.322829 0.421569
0 0.839986 0.296452
0 0.918067 0.292717
0 0.594888 0.317927
0 0.619048 0.359010
0 0.684524 0.306723
0 0.708508 0.310458
0 0.451681 0.389823
0 0.729167 0.292717
0 0.725490 0.300187
0 0.346989 0.509337
0 0.500175 0.428105 0.495273 0.428105
0 0.492822 0.386788 0.500000 0.365546
0 0.194853 0.586134 0.225665 0.585901 0.197479 0.585668 0.233543 0.584734 0.193452 0.577498 0.228641 0.572596 0.232143 0.568394 0.228466 0.543884 0.200280 0.543884
0 0.378326 0.404762
0 0.317052 0.532680
0 0.585084 0.333333 0.597514 0.327965 0.601541 0.327731 0.608718 0.319795 0.598389 0.319795
0 0.768908 0.297386
0 0.629902 0.351541
0 0.646183 0.318627 0.644433 0.307656
0 0.897059 0.280579
0 0.675595 0.986461
0 0.645308 0.331699 0.643908 0.330532 0.643908 0.324463
0 0.631653 0.329132 0.627801 0.329132
0 0.086835 0.616713 0.102066 0.603641
0 0.631127 0.338469
0 0.737045 0.289916
0 0.720238 0.311391
0 0.383929 0.513072 0.389706 0.501867
0 0.559349 0.387021
0 0.912815 0.288982
0 0.759454 0.293651
0 0.795868 0.287115
0 0.916317 0.300187
0 0.995098 0.747432
0 0.664216 0.336601
0 0.649510 0.347106 0.644258 0.344771 0.647934 0.342904 0.648985 0.336601 0.644608 0.336601
0 0.715336 0.288049
0 0.111695 0.560224 0.109944 0.518674
0 0.201155 0.464519
0 0.715161 0.313259
0 0.724790 0.308590
0 0.635329 0.324230 0.643732 0.323996 0.639006 0.321429 0.646534 0.316993 0.641982 0.314659 0.628501 0.313259
0 0.737570 0.298319
0 0.670343 0.336368 0.666842 0.329132
0 0.697654 0.305789 0.690476 0.305556 0.682598 0.301587 0.693452 0.299253 0.691702 0.298319 0.682248 0.296452
0 0.794468 0.306723 0.779062 0.306723
0 0.657213 0.326331
0 0.230917 0.740896
0 0.766632 0.286181 0.774510 0.284314
0 0.770483 0.314192 0.767682 0.314192 0.755952 0.314192
0 0.145833 0.597572
0 0.685924 0.318861
0 0.236169 0.555322 0.231268 0.548319 0.235644 0.540850 0.198179 0.529412 0.196429 0.522409
0 0.125525 0.501167 0.133053 0.497199 0.148109 0.469188
0 0.396709 0.478058
0 0.697129 0.323529
0 0.588936 0.379552
0 0.611695 0.345938
0 0.717087 0.302054
0 0.392507 0.447712
0 0.682248 0.318861 0.680322 0.312325 0.678046 0.312325
0 0.071429 0.597572
0 0.775560 0.295985 0.777836 0.292484 0.781162 0.289916
0 0.973915 0.286181
0 0.698179 0.330999 0.692227 0.330999
0 0.622199 0.331933
0 0.760679 0.290383 0.759804 0.289683 0.748249 0.288049
0 0.717087 0.301587 0.719888 0.295518
0 0.302521 0.031279
0 0.691877 0.305089 0.692052 0.301821 0.697304 0.301120 0.703957 0.294818 0.685224 0.293651
0 0.806548 0.310458
0 0.649160 0.337535
0 0.558824 0.333800
0 0.915441 0.285247
0 0.660364 0.911064
0 0.910714 0.297386
0 0.598389 0.342437 0.598389 0.334734
0 0.520658 0.417367 0.520658 0.411531 0.520658 0.410131 0.522234 0.403828
0 0.697129 0.318861
0 0.622199 0.358543
0 0.359944 0.552288
0 0.641282 0.349440 0.640406 0.347806
0 0.813725 0.290616 0.799020 0.285247
0 0.179272 0.597572
0 0.998074 0.384220
0 0.490896 0.449580
0 0.605917 0.371148
0 0.702731 0.318861
0 0.667892 0.310924 0.662290 0.304855 0.655112 0.304855
0 0.719538 0.302054 0.719538 0.289916
0 0.602941 0.328898 0.619048 0.321429 0.609419 0.319795 0.598214 0.319795
0 0.605042 0.342904 0.601891 0.338469
0 0.973389 0.281513 0.965336 0.281513
0 0.279937 0.053688
0 0.981092 0.798086 0.976541 0.764239
0 0.605392 0.337535
0 0.675595 0.321662
0 0.710434 0.308590
0 0.911239 0.282446
0 0.236345 0.568161 0.241772 0.540850 0.232843 0.540616 0.247549 0.538749 0.250175 0.536648 0.237220 0.532680 0.232843 0.532680
0 0.792017 0.304855
0 0.816352 0.292717
0 0.278186 0.518674 0.269433 0.518674
0 0.654937 0.317927
0 0.859944 0.293651
0 0.731968 0.316060
0 0.640231 0.337535
0 0.366422 0.507236 0.347514 0.498599 0.343312 0.496032 0.362220 0.490663 0.342087 0.490663
0 0.833859 0.276844
0 0.744573 0.316527 0.750700 0.307656
0 0.700455 0.300887 0.703431 0.299020 0.699230 0.295985 0.699230 0.290850
0 0.108368 0.996732
0 0.732668 0.289916
0 0.845763 0.292717
0 0.668242 0.309290 0.665616 0.302054
0 0.550070 0.364613 0.550070 0.358543
0 0.909314 0.299253
0 0.896008 0.285247
0 0.616597 0.330999
0 0.298319 0.478992
0 0.916317 0.288982
0 0.718662 0.298319 0.714636 0.298319
0 0.162115 0.614846
0 0.252801 0.541317 0.250875 0.539916 0.253852 0.534080 0.260154 0.526611 0.260154 0.523810 0.226541 0.497199
0 0.452381 0.990196
0 0.223039 0.578431
0 0.719888 0.302054
0 0.772584 0.305556 0.772409 0.304855 0.775210 0.297386 0.769958 0.297386
0 0.523810 0.414099 0.516632 0.414099
0 0.661415 0.342204
0 0.964811 0.287115
