0 0.587885 0.504902 0.630602 0.490663 0.578081 0.478525
0 0.459559 0.478525
0 0.897409 0.422502
0 0.566527 0.478525
0 0.174895 0.534781 0.197654 0.534080 0.178046 0.532446 0.157738 0.515640 0.166141 0.505602
0 0.909139 0.626517 0.859594 0.623950 0.859594 0.609010 0.862395 0.600840 0.908438 0.587768 0.872549 0.587768 0.859594 0.587768
0 0.521709 0.488562 0.519083 0.481092 0.516982 0.480159 0.468838 0.478058
0 0.944853 0.612979
0 0.151436 0.610878 0.108718 0.610411 0.136380 0.563492 0.098389 0.563492
0 0.996148 0.414099
0 0.795868 0.478058
0 0.106092 0.500000
0 0.363971 0.478058
0 0.740546 0.484127
0 0.204482 0.641457 0.218838 0.634921 0.239146 0.633520 0.182423 0.608077 0.180497 0.598039
0 0.689426 0.459851
0 0.388480 0.490896 0.382703 0.457049
0 0.895833 0.528945
0 0.951681 0.556723 0.938550 0.549953 0.936800 0.550187 0.934699 0.550187 0.920518 0.512605 0.931898 0.511204
0 0.904062 0.478058
0 0.379202 0.506536
0 0.269258 0.572829
0 0.338235 0.564893 0.348039 0.562325 0.346289 0.560458 0.341036 0.555089
0 0.806723 0.502568 0.806723 0.489963 0.806723 0.478058
0 0.451155 0.517274
0 0.669118 0.604108 0.686450 0.603175 0.678922 0.600607 0.709209 0.567227 0.674195 0.567227
0 0.831933 0.536181 0.818102 0.499066
0 0.822304 0.585901
0 0.435399 0.507003 0.468312 0.477591 0.464286 0.477591
0 0.154937 0.505602 0.132703 0.502801 0.199405 0.487628 0.134804 0.478058
0 0.450280 0.543884
0 0.390581 0.535481
0 0.551646 0.435574
0 0.195903 0.626751 0.179272 0.622549 0.179272 0.619981 0.181548 0.595938 0.194853 0.583100
0 0.160539 0.611111
0 0.116772 0.532680
0 0.136204 0.568861 0.175070 0.543884 0.153536 0.543884
0 0.789391 0.589169 0.778711 0.585668 0.804622 0.545752
0 0.362220 0.478525
0 0.728291 0.552988 0.735469 0.549020 0.715336 0.523343
0 0.530812 0.483894 0.503151 0.483427 0.554797 0.482260
0 0.543592 0.578431 0.498950 0.565826 0.498249 0.564192 0.498775 0.560458 0.496849 0.560224 0.498074 0.557190 0.501401 0.556723 0.496849 0.555789 0.502801 0.554622 0.496849 0.552988 0.502101 0.547619
0 0.000000 0.492530
0 0.685224 0.581232 0.701155 0.550420
0 0.085784 0.485994
0 0.627101 0.505836 0.634104 0.483193
0 0.546569 0.524276
0 0.010854 0.554388 0.029937 0.550420 0.009454 0.550420
0 0.322829 0.489729 0.310224 0.489729 0.290791 0.489729
0 0.731443 0.598973 0.712010 0.598973
0 0.090336 0.518674
0 0.544118 0.558824
0 0.338060 0.549253 0.346814 0.507470
0 0.824405 0.531746 0.795693 0.510271
0 0.752801 0.468954 0.749475 0.449580 0.746674 0.428105
0 0.202556 0.489496 0.204657 0.478058
0 0.097164 0.432773
0 0.466737 0.439309
0 0.717087 0.506536
0 0.035364 0.513072
0 0.280987 0.598039
0 0.542717 0.577498 0.537815 0.577498
0 0.356968 0.619048 0.286064 0.610644 0.329832 0.599206 0.326681 0.578431
0 0.739846 0.478058
0 0.627451 0.615780
0 0.200280 0.579365 0.233193 0.555089
0 0.283438 0.597572
0 0.064426 0.617180 0.012255 0.616713 0.071779 0.616246 0.065301 0.614379 0.008578 0.614379 0.008228 0.609244 0.071604 0.609010 0.012955 0.608077 0.013831 0.603875 0.015056 0.602241 0.022409 0.597339 0.025210 0.594071 0.023284 0.588235 0.025560 0.584734 0.064426 0.575630
0 0.571254 0.482960 0.551646 0.435574
0 0.115021 0.569094 0.089636 0.569094
0 0.380427 0.625584 0.392332 0.618581 0.387255 0.603408 0.383053 0.603408 0.369223 0.589636
0 0.361870 0.536415
0 0.090686 0.485061
0 0.612395 0.556022
0 0.553746 0.551354
0 0.517332 0.539916 0.497549 0.499066
0 0.145133 0.513305 0.153011 0.511204 0.115021 0.487162 0.130252 0.482260
0 0.267857 0.526144 0.269083 0.525910 0.262255 0.521475
0 0.544818 0.523343 0.509454 0.523343 0.501050 0.523343
0 0.641106 0.622782 0.650735 0.604809 0.649510 0.604342 0.632703 0.584034 0.694153 0.581232 0.666317 0.581232
0 0.941352 0.546685 0.999475 0.494164 0.997899 0.494164 0.962885 0.492530
0 0.917017 0.516807
0 0.957633 0.584967
0 0.150735 0.597572
0 0.384104 0.576564 0.383228 0.576564 0.448529 0.571662 0.400910 0.541083
0 0.808123 0.552988 0.832283 0.542017 0.806723 0.542017
0 0.651085 0.556956
0 0.921218 0.580766 0.923845 0.564426 0.952556 0.554155 0.955357 0.553688 0.959384 0.552288 0.929972 0.548553 0.927871 0.545752
0 0.527661 0.585901
0 0.781688 0.572829 0.786765 0.572596 0.766106 0.571195 0.792367 0.570028 0.775560 0.532680
0 0.223564 0.463819 0.180147 0.422502
0 0.449755 0.610644 0.450280 0.572829
0 0.992997 0.465219
0 0.531863 0.637488
0 0.184524 0.531746
0 0.906863 0.561625 0.905462 0.561625 0.894083 0.561625 0.874825 0.561625 0.851015 0.561625
0 0.923669 0.478058
0 0.092087 0.519841 0.123249 0.510738 0.181373 0.509337 0.138130 0.509337 0.133754 0.509337 0.111695 0.509337
0 0.740371 0.412232
0 0.398634 0.574463 0.401436 0.573529 0.432423 0.568161 0.387430 0.568161
0 0.968838 0.582166
0 0.289216 0.556022
0 0.959384 0.626050 0.971289 0.609711 0.960259 0.599907
0 0.757353 0.625584 0.739146 0.617647 0.740371 0.610177 0.741071 0.586601 0.769958 0.583100
0 0.271884 0.481092 0.290091 0.479458 0.268908 0.479458
0 0.491597 0.568161
0 0.282388 0.499767 0.283964 0.497199 0.278186 0.495798 0.289391 0.488562 0.289216 0.485294 0.211835 0.478058 0.199230 0.478058
0 0.622199 0.499066 0.573354 0.499066
0 0.537115 0.597572
0 0.962885 0.667134 0.968838 0.645658 0.963761 0.645425 0.974090 0.629785
0 0.725490 0.648926 0.730567 0.599907
0 0.717087 0.585668 0.767507 0.580999 0.717087 0.554155
0 0.286765 0.485061 0.268908 0.448646
0 0.001576 0.527077
0 0.611695 0.475490 0.616246 0.475257 0.624300 0.472923 0.611695 0.471989 0.628151 0.409430
0 0.808999 0.599673 0.806723 0.597572
0 0.739496 0.608310
0 0.116422 0.604575
0 0.503326 0.548319 0.481618 0.541783 0.474090 0.522876
0 0.627451 0.469188
0 0.179272 0.531046 0.180322 0.506769 0.194153 0.505602
0 0.627451 0.474790 0.637780 0.470588 0.627451 0.410364
0 0.140231 0.484827 0.139006 0.451214 0.167717 0.419935
0 0.814776 0.621148 0.820028 0.619514
0 0.269958 0.527077
0 0.630777 0.527077
0 0.848389 0.662698 0.842437 0.623950 0.907213 0.619281 0.862395 0.612045 0.858368 0.612045
0 0.425245 0.482260
0 0.223739 0.656162 0.183824 0.644491 0.207808 0.640056
0 0.102241 0.485061 0.045168 0.457750 0.049370 0.445378 0.074755 0.434641 0.099615 0.432773 0.047269 0.432773
0 0.086835 0.677171 0.082633 0.675070 0.086134 0.653128
0 0.006828 0.567227
0 0.666317 0.483193
0 0.047094 0.466153 0.048494 0.464519 0.016106 0.461718 0.073004 0.439542 0.057598 0.434407 0.001926 0.418768
0 0.497374 0.594771 0.493347 0.566293
0 0.909839 0.477591
0 0.067927 0.507236 0.071429 0.505602 0.028711 0.487395 0.039216 0.474323 0.030987 0.470355 0.055497 0.461018 0.040791 0.457516 0.057948 0.452381
0 0.717787 0.525210
0 0.587885 0.541083
0 0.098214 0.628385 0.098739 0.616013 0.101891 0.615780 0.054972 0.609477 0.054972 0.605275 0.095238 0.597572 0.064776 0.597572
0 0.411590 0.622082 0.411239 0.621382 0.441352 0.595705 0.442052 0.594304
0 0.288866 0.531279 0.284839 0.497199
0 0.201155 0.493464
0 0.923845 0.623249 0.919643 0.598506
0 0.523284 0.614613 0.515756 0.614379 0.504902 0.573763
0 0.191527 0.671802 0.192752 0.669468 0.155112 0.639122
0 0.647759 0.521475
0 0.063200 0.503268 0.054972 0.503035 0.053046 0.501867 0.052171 0.501401 0.046218 0.500934 0.025560 0.496265
0 0.277486 0.496265 0.229692 0.495331
0 0.251751 0.533380 0.224615 0.528478 0.214286 0.523343 0.200630 0.506303 0.201856 0.496032 0.232143 0.495798 0.204132 0.492530
0 0.126926 0.663866 0.110469 0.654528 0.134279 0.640056 0.117647 0.640056
0 0.631653 0.930906 0.630602 0.929739 0.638305 0.929038 0.631828 0.926937
0 0.842787 0.597572
0 0.418242 0.492530
0 0.924720 0.623483 0.915091 0.594304
0 0.623599 0.536181 0.620623 0.532913 0.627626 0.522409
0 0.627451 0.940710 0.628326 0.928805
0 0.268908 0.643791
0 0.448179 0.597572
0 0.572304 0.429272
0 0.617997 0.925770 0.621324 0.908030
0 0.928922 0.497199
0 0.978641 0.587535
0 0.070378 0.514239 0.070028 0.502801
0 0.001576 0.467320
0 0.809524 0.615780 0.806723 0.615780
0 0.546569 0.597572
0 0.791141 0.502801
0 0.528361 0.617647
0 0.923319 0.606443
0 0.207633 0.485994
0 0.110294 0.641457 0.110294 0.620448
0 0.603817 0.553455 0.599090 0.545752
