0 0.329657 0.415033
0 0.787465 0.597572
0 0.806723 0.621382
0 0.911064 0.485994
0 0.627451 0.593371
0 0.553746 0.533380 0.559874 0.479225
0 0.672444 0.527077 0.686625 0.487395
0 0.675420 0.598273
0 0.491246 0.504202
0 0.843487 0.659897 0.829657 0.653828 0.860294 0.617647
0 0.139881 0.606443
0 0.438725 0.717087
0 0.769433 0.487395
0 0.500000 0.735528 0.508228 0.693277
0 0.194153 0.598039
0 0.176996 0.659664
0 0.882003 0.628852
0 0.257353 0.445845
0 0.957983 0.478758 0.955532 0.478058
0 0.684874 0.537582
0 0.212185 0.638889 0.205707 0.631653
0 0.819328 0.645658
0 0.491071 0.593838 0.413165 0.495798
0 0.087535 0.595238 0.067227 0.595238
0 0.883929 0.636088 0.904062 0.598039 0.883578 0.598039
0 0.549020 0.637722 0.537815 0.604575
0 0.033263 0.676704 0.041492 0.674837 0.041667 0.663866 0.047619 0.662465 0.039741 0.656863
0 0.363971 0.636321
0 0.996674 0.607376
0 0.143207 0.597572
0 0.463585 0.598973
0 0.970238 0.599907
0 0.109594 0.573296 0.140581 0.562325 0.152136 0.556022 0.148459 0.551587 0.112920 0.540616 0.129552 0.489496 0.109594 0.486928
0 0.000350 0.478058
0 0.492472 0.695612 0.450280 0.686975 0.450105 0.683707 0.448529 0.640990
0 0.102241 0.697946 0.128676 0.697712 0.100840 0.697479 0.168592 0.696545 0.167542 0.693744 0.168943 0.692110 0.171744 0.685574 0.105917 0.683007 0.160364 0.671802 0.127626 0.652194
0 0.122374 0.648693 0.109594 0.615780 0.115021 0.605042 0.109944 0.605042 0.089636 0.598039
0 0.310399 0.716387 0.312500 0.704248 0.345763 0.697946 0.328431 0.697946 0.311625 0.697946 0.302871 0.697946
0 0.633053 0.684874 0.640231 0.683707 0.642857 0.682540 0.681898 0.620682
0 0.196954 0.621382 0.131303 0.621382
0 0.031688 0.625350 0.042892 0.616246 0.044293 0.615780 0.056197 0.607376 0.013480 0.606443
0 0.270483 0.493464
0 0.627451 0.717087
0 0.332283 0.447246 0.332283 0.434641
0 0.111345 0.637255
0 0.421218 0.714052 0.470238 0.708217 0.438025 0.705882 0.446429 0.640056 0.440651 0.640056
0 0.150735 0.467787 0.157563 0.466153 0.136204 0.430906
0 0.275560 0.455882 0.280112 0.449580
0 0.268908 0.437442
0 0.898459 0.681373 0.912990 0.655929 0.894608 0.655929
0 0.486695 0.685574 0.491071 0.677171 0.557073 0.636555 0.531688 0.636321 0.518908 0.633987 0.511905 0.631653
0 0.139531 0.495798 0.132528 0.494398 0.135329 0.489963 0.185749 0.484594 0.161765 0.466387 0.139706 0.466387
0 0.601015 0.619514 0.602591 0.612979 0.601015 0.600373 0.603116 0.596405 0.622724 0.593371
0 0.104692 0.594304 0.095413 0.592904 0.049195 0.589169 0.039391 0.572129 0.037465 0.562092 0.109419 0.557656 0.075455 0.544351 0.070028 0.544351 0.073179 0.543417 0.073704 0.542717 0.074230 0.540850 0.071429 0.538282 0.080007 0.532446 0.056022 0.530812
0 0.737745 0.612045
0 0.367822 0.571895
0 0.727066 0.620915
0 0.632878 0.699580 0.597689 0.695612 0.631828 0.694678 0.602241 0.691176 0.607668 0.673669 0.605917 0.634921 0.606092 0.631886 0.646534 0.629785 0.605917 0.629785 0.600665 0.629785
0 0.110994 0.501867 0.103992 0.483894 0.101015 0.483660 0.091211 0.474790
0 0.450455 0.614613 0.465336 0.597572
0 0.713060 0.681373 0.674545 0.633987 0.682598 0.632586 0.661415 0.631653 0.650910 0.631653
0 0.233718 0.480392 0.206232 0.444911
0 0.286590 0.463585 0.280462 0.463585
0 0.840336 0.722222 0.840336 0.674370 0.808473 0.672035
0 0.314951 0.623016 0.316702 0.622549 0.312325 0.622316 0.353116 0.617880 0.298494 0.613912 0.301996 0.610878 0.312325 0.610177 0.358193 0.607143 0.358718 0.585668 0.297269 0.566760 0.344538 0.554855 0.343137 0.554855 0.355217 0.545285 0.352941 0.536881 0.341211 0.532680
0 0.197654 0.457283 0.185224 0.438609
0 0.888831 0.686508 0.888831 0.680439 0.846289 0.649393
0 0.546919 0.500000
0 0.354692 0.432773
0 0.887955 0.500934
0 0.317927 0.416900 0.314076 0.416900
0 0.470238 0.742063 0.455707 0.723623 0.468838 0.721289 0.460609 0.721289 0.445728 0.721289
0 0.268908 0.544818
0 0.970938 0.520775
0 0.218838 0.597572
0 0.217787 0.670868
0 0.136730 0.605509 0.126225 0.601074 0.120973 0.560691
0 0.358193 0.430906
0 0.327031 0.426237
0 0.649510 0.729458 0.649510 0.717087
0 0.364496 0.439309
0 0.568102 0.281513
0 0.944853 0.612278 0.924895 0.611111 0.921218 0.611111
0 0.000000 0.646592
0 0.270133 0.612512 0.268908 0.597572
0 0.733718 0.838002
0 0.466036 0.119514
0 0.910189 0.629085
0 0.640406 0.721755 0.640406 0.717554
0 0.333508 0.707750 0.324580 0.706583 0.354692 0.704015 0.345063 0.699580 0.337710 0.685574 0.335609 0.683940
0 0.579832 0.624183 0.554622 0.609944 0.550420 0.594304
0 0.198880 0.757470 0.193102 0.754902
0 0.368697 0.563259 0.374475 0.552988 0.375525 0.525210
0 0.010854 0.571662 0.017682 0.570728 0.023109 0.570261 0.042017 0.557423 0.026085 0.557656 0.024160 0.557190 0.026085 0.553455 0.002801 0.552521 0.052871 0.542484 0.060924 0.537115 0.051296 0.523810 0.037290 0.516106 0.029412 0.496265
0 0.001751 0.597572
0 0.861520 0.604342 0.881303 0.602708 0.888130 0.601774 0.856793 0.566760 0.851716 0.561391 0.856443 0.557656 0.867122 0.553688 0.866597 0.549720 0.862045 0.542717 0.858193 0.525677 0.860119 0.523810 0.839986 0.509337
0 0.558999 0.720121 0.547094 0.705415 0.519958 0.704248 0.521008 0.699813
0 0.276961 0.439309
0 0.943277 0.474790
0 0.365196 0.272876 0.372024 0.269608 0.376576 0.240430 0.366422 0.240430
0 0.581758 0.717787
0 0.844188 0.478058
0 0.321078 0.442810 0.324405 0.433707
0 0.000700 0.663399
0 0.094013 0.667834 0.095238 0.666900 0.090161 0.663399
0 0.948354 0.692577 0.978817 0.689076 0.931022 0.665266
0 0.111169 0.142390
0 0.281513 0.440009 0.271183 0.427171
0 0.195728 0.478058
0 0.356793 0.734827 0.356793 0.729225 0.363796 0.728525 0.363095 0.725957
