0 0.009500 0.942222
0 0.652250 0.630222 0.654250 0.620444 0.636500 0.559111
0 0.683500 0.634667 0.683500 0.615111 0.687000 0.612000 0.689500 0.552000
0 0.253750 0.600000
0 0.194500 0.677333 0.203250 0.600000
0 0.599750 0.644889 0.610250 0.592889 0.600000 0.580444
0 0.283000 0.737333 0.246500 0.687111
0 0.569500 0.644444 0.571250 0.618222 0.569250 0.608444 0.576000 0.582222
0 0.797500 0.806222 0.798000 0.802667 0.795000 0.798222 0.756000 0.798222
0 0.067250 0.875556 0.009750 0.875556
0 0.036000 0.760000 0.019500 0.756444 0.007250 0.682667
0 0.534000 0.797333
0 0.653750 0.557333
0 0.011000 0.867111 0.006500 0.824000
0 0.055250 0.764889 0.055500 0.757778 0.061250 0.756000 0.023500 0.747556 0.051250 0.744000 0.032000 0.744000
0 0.407500 0.665778
0 0.799500 0.772444
0 0.185250 0.619556
0 0.277000 0.795556 0.269750 0.772444 0.248000 0.768889 0.276500 0.761778 0.252750 0.761778 0.247250 0.761778 0.227000 0.761778
0 0.554500 0.682667
0 0.725500 0.621778 0.760500 0.569333 0.733250 0.566222
0 0.524500 0.736000
0 0.244500 0.644000 0.286500 0.640000
0 0.287500 0.640000 0.322000 0.628444 0.298000 0.628444 0.288500 0.628444
0 0.060500 0.849333 0.066250 0.848000 0.031750 0.847111 0.025250 0.846667 0.054250 0.816000 0.051750 0.796000 0.058250 0.780889 0.056250 0.776444 0.038750 0.763556 0.004750 0.763556
0 0.509000 0.683556
0 0.432750 0.682667 0.436000 0.681333 0.431250 0.655111
0 0.134500 0.715556
0 0.283500 0.920889 0.226500 0.920889
0 0.317500 0.692444
0 0.863500 0.648889 0.847500 0.585778 0.853500 0.580444
0 0.283500 0.784000 0.283000 0.742667 0.268000 0.728000
0 0.779500 0.933333
0 0.994500 0.685333
0 0.926500 0.647556 0.926500 0.588444 0.940500 0.580444
0 0.768000 0.716444
0 0.384000 0.634222
0 0.543250 0.654222 0.544000 0.628444 0.538750 0.587556
0 0.170500 0.715556
0 0.402250 0.680889 0.363500 0.676444
0 0.455000 0.617333 0.443500 0.589333 0.427500 0.589333
0 0.107000 0.715556
0 0.784250 0.780000 0.773000 0.749333 0.796750 0.739556 0.795000 0.739556 0.771500 0.739556
0 0.784250 0.779111 0.759250 0.744889
0 0.891750 0.650667 0.890500 0.649778 0.869500 0.650222 0.869500 0.631111 0.871000 0.575111
0 0.241000 0.706667 0.244500 0.706222 0.243250 0.684444 0.216750 0.682667 0.199500 0.682667
0 0.789000 0.636889 0.769500 0.567556 0.769250 0.559111
0 0.370500 0.683556 0.370500 0.661778 0.397750 0.656889 0.383500 0.656889 0.381000 0.656889
0 0.769250 0.682667
0 0.369750 0.593333 0.364750 0.589333 0.322750 0.589333 0.315000 0.589333
0 0.272250 0.907111 0.275250 0.888889 0.263000 0.838222 0.225250 0.827556
0 0.513250 0.662667 0.498500 0.653333 0.530250 0.594222 0.500250 0.593778 0.509250 0.582222
0 0.509250 0.594667 0.493000 0.594667
0 0.904000 0.641333 0.903250 0.640444 0.933500 0.582222 0.908250 0.582222
0 0.832000 0.655111 0.821250 0.655111
0 0.053500 0.672000 0.072750 0.646222
0 0.108000 0.728444 0.095250 0.715556
0 0.092500 0.651556
0 0.099000 0.682667
0 0.265250 0.970667
0 0.797500 0.637333
0 0.782500 0.632000 0.768000 0.632000
0 0.555750 0.908444 0.555250 0.905778
0 0.959750 0.578222
0 0.415500 0.655111 0.403750 0.594667
0 0.128000 0.672889
0 0.529250 0.661778 0.531250 0.593333 0.538500 0.589333
0 0.528250 0.660444 0.510500 0.660444
0 0.426250 0.617778
0 0.033250 0.911556
0 0.763000 0.911556
0 0.238250 0.733778 0.261750 0.715556
0 0.479500 0.682667
0 0.131250 0.697778
0 0.249250 0.669778 0.224250 0.605333
0 0.067000 0.665778 0.060500 0.665778
0 0.958500 0.660444
0 0.106500 0.682667
0 0.521000 0.713333
0 0.652750 0.608889 0.648500 0.573333
0 0.146000 0.682667
0 0.460000 0.588444
0 0.269250 0.828444
0 0.038500 0.725778 0.051250 0.717333
0 0.895500 0.682667
0 0.857500 0.580444 0.840000 0.578667
0 0.778500 0.612889 0.778000 0.610667 0.760000 0.568000
0 0.689500 0.633778
0 0.961250 0.776444 0.929250 0.775111 0.917250 0.772000 0.905500 0.771111 0.904250 0.768000 0.874500 0.715556
0 0.787500 0.597333 0.786250 0.562667 0.805250 0.559111
0 0.997500 0.719111
0 0.672250 0.620000
0 0.424250 0.567556
0 0.445750 0.575556 0.403750 0.515556
0 0.553750 0.640444
0 0.842500 0.648889 0.840000 0.646222
0 0.816250 0.630222
0 0.856500 0.660444
0 0.928500 0.656889
0 0.797250 0.674667
0 0.541500 0.996000 0.539750 0.940444
0 0.232750 0.908889 0.252000 0.859556
0 0.892250 0.653333
0 0.891250 0.651111
0 0.953500 0.682667
0 0.199000 0.599111
0 0.509750 0.578222
0 0.719250 0.648000 0.730250 0.598667 0.727250 0.589333
0 0.834000 0.627556 0.833250 0.583111 0.826500 0.571556
0 0.825250 0.642222 0.829250 0.628444 0.808000 0.628444
0 0.819250 0.610667
0 0.428500 0.672000
